# sum(f(vx,vy)) for each (x, y) point in relative units
# next line is the concentration n = sum of f(vx, vy) in point (x,y)
11 1 5  # n_v, dv and max_velocity

-4,-4
4.04037e-270 2.18768e-038 7.96551e-025 1.073e-016 4.7818e-011 5.93115e-007 3.59743e-007 8.02694e-008 6.58892e-009 1.98968e-010 2.21033e-012 
2.08016e-026 6.83686e-020 4.13942e-013 5.22349e-009 3.24348e-007 5.33905e-005 1.66127e-005 3.70679e-006 3.04272e-007 9.18821e-009 1.02072e-010 
1.89954e-015 6.82427e-012 4.61707e-009 1.22806e-006 3.08847e-005 0.00176805 0.00053645 0.000119698 9.82543e-006 2.96702e-007 3.29606e-009 
1.08976e-010 2.44576e-008 2.59955e-006 0.000123299 0.00114865 0.0215323 0.00653038 0.00145712 0.000119608 3.61185e-006 4.0124e-008 
3.4834e-008 3.87474e-006 0.000162609 0.00252523 0.0150799 0.0644947 0.0199268 0.00444628 0.000364973 1.10212e-005 1.22435e-007 
0 0 0 0 0 0 0 0 0 0 0 
0 0 0 0 0 0 0 0 0 0 0 
0 0 0 0 0 0 0 0 0 0 0 
0 0 0 0 0 0 0 0 0 0 0 
0 0 0 0 0 0 0 0 0 0 0 
0 0 0 0 0 0 0 0 0 0 0 
0.140475
-4,-3
4.31466e-270 3.52216e-036 4.85896e-023 2.96864e-015 5.25998e-010 5.93115e-007 1.59912e-007 3.0101e-008 1.88255e-009 3.31613e-011 0 
8.22977e-026 4.16621e-019 1.4766e-012 9.65868e-009 4.15663e-007 5.33905e-005 1.6149e-005 3.58932e-006 2.93252e-007 8.79997e-009 9.68962e-011 
3.48565e-015 1.19056e-011 7.11998e-009 1.8969e-006 3.75879e-005 0.00176805 0.000536568 0.000119625 9.81859e-006 2.96461e-007 3.29285e-009 
1.53456e-010 3.4144e-008 3.61176e-006 0.000155029 0.00153843 0.0215323 0.00658931 0.00145833 0.000119648 3.6126e-006 4.01299e-008 
4.4669e-008 4.96611e-006 0.000208728 0.00330078 0.0214452 0.0644947 0.0240661 0.00489611 0.000388996 1.15573e-005 1.27153e-007 
0 0 0 0 0 0 0 0 0 0 0 
0 0 0 0 0 0 0 0 0 0 0 
0 0 0 0 0 0 0 0 0 0 0 
0 0 0 0 0 0 0 0 0 0 0 
0 0 0 0 0 0 0 0 0 0 0 
0 0 0 0 0 0 0 0 0 0 0 
0.152766
-4,-2
4.04037e-270 2.76544e-034 1.44654e-021 4.0166e-014 2.85713e-009 5.93115e-007 1.82381e-007 4.26431e-008 3.89956e-009 1.43699e-010 2.21033e-012 
3.23297e-025 2.3403e-018 4.7093e-012 1.61392e-008 7.45137e-007 5.33905e-005 1.624e-005 3.61869e-006 2.97975e-007 9.0588e-009 1.02072e-010 
6.32214e-015 2.0064e-011 1.14359e-008 2.71973e-006 5.93148e-005 0.00176805 0.000539722 0.000119644 9.82152e-006 2.96622e-007 3.29606e-009 
2.11606e-010 4.70432e-008 4.94331e-006 0.000191649 0.00241138 0.0215323 0.00681097 0.00146152 0.000119723 3.61379e-006 4.01388e-008 
5.47239e-008 6.07954e-006 0.000255564 0.00408616 0.0270841 0.0644947 0.0281542 0.00537368 0.000414366 1.21185e-005 1.32058e-007 
0 0 0 0 0 0 0 0 0 0 0 
0 0 0 0 0 0 0 0 0 0 0 
0 0 0 0 0 0 0 0 0 0 0 
0 0 0 0 0 0 0 0 0 0 0 
0 0 0 0 0 0 0 0 0 0 0 
0 0 0 0 0 0 0 0 0 0 0 
0.164992
-4,-1
4.31466e-270 1.41097e-032 2.80075e-020 3.54277e-013 1.0239e-008 5.93115e-007 1.8118e-007 3.95076e-008 3.03513e-009 7.00073e-011 0 
1.26052e-024 1.21336e-017 1.35119e-011 2.46589e-008 1.68327e-006 5.33905e-005 1.64084e-005 3.61135e-006 2.9595e-007 8.88624e-009 9.68962e-011 
1.13281e-014 3.27571e-011 1.89404e-008 3.65485e-006 0.000112591 0.00176805 0.000551477 0.000119644 9.82026e-006 2.96515e-007 3.29285e-009 
2.8727e-010 6.41088e-008 6.66025e-006 0.000238048 0.00385579 0.0215323 0.00731136 0.00146899 0.000119856 3.61555e-006 4.01503e-008 
6.49579e-008 7.20773e-006 0.000302595 0.00485872 0.0315474 0.0644947 0.0317311 0.00586374 0.000440792 1.27017e-005 1.37135e-007 
0 0 0 0 0 0 0 0 0 0 0 
0 0 0 0 0 0 0 0 0 0 0 
0 0 0 0 0 0 0 0 0 0 0 
0 0 0 0 0 0 0 0 0 0 0 
0 0 0 0 0 0 0 0 0 0 0 
0 0 0 0 0 0 0 0 0 0 0 
0.176438
-4,0
4.04037e-270 5.25935e-031 3.96541e-019 2.2913e-012 2.73097e-008 5.93115e-007 1.85414e-007 4.02917e-008 3.4056e-009 1.19135e-010 2.21033e-012 
4.87555e-024 5.81195e-017 3.5062e-011 3.50434e-008 3.68531e-006 5.33905e-005 1.69134e-005 3.61325e-006 2.96818e-007 9.00128e-009 1.02072e-010 
2.00396e-014 5.20709e-011 3.15945e-008 4.6995e-006 0.000210677 0.00176805 0.000580535 0.000119668 9.82081e-006 2.96586e-007 3.29606e-009 
3.85241e-010 8.65294e-008 8.83797e-006 0.000302936 0.00573649 0.0215323 0.00812867 0.00148458 0.000120086 3.61823e-006 4.01668e-008 
7.53257e-008 8.34265e-006 0.000349252 0.00559398 0.0347229 0.0644947 0.034525 0.00634876 0.000467916 1.33034e-005 1.42366e-007 
0 0 0 0 0 0 0 0 0 0 0 
0 0 0 0 0 0 0 0 0 0 0 
0 0 0 0 0 0 0 0 0 0 0 
0 0 0 0 0 0 0 0 0 0 0 
0 0 0 0 0 0 0 0 0 0 0 
0 0 0 0 0 0 0 0 0 0 0 
0.186615
-4,1
4.31466e-270 1.52665e-029 4.37671e-018 1.1589e-011 5.80368e-008 5.93115e-007 1.94427e-007 4.00969e-008 3.24683e-009 8.63832e-011 0 
1.86978e-023 2.57392e-016 8.26655e-011 4.77658e-008 7.02703e-006 5.33905e-005 1.79805e-005 3.61313e-006 2.96446e-007 8.92459e-009 9.68962e-011 
3.49767e-014 8.11956e-011 5.18103e-008 5.99703e-006 0.000352826 0.00176805 0.000633432 0.00011976 9.8206e-006 2.96539e-007 3.29285e-009 
5.11459e-010 1.15764e-007 1.15715e-005 0.00039805 0.00774694 0.0215323 0.00917567 0.0015138 0.000120474 3.62219e-006 4.01888e-008 
8.57779e-008 9.47571e-006 0.000394925 0.0062686 0.0367643 0.0644947 0.0364854 0.00681076 0.000495324 1.3919e-005 1.47729e-007 
0 0 0 0 0 0 0 0 0 0 0 
0 0 0 0 0 0 0 0 0 0 0 
0 0 0 0 0 0 0 0 0 0 0 
0 0 0 0 0 0 0 0 0 0 0 
0 0 0 0 0 0 0 0 0 0 0 
0 0 0 0 0 0 0 0 0 0 0 
0.195214
-4,2
4.04037e-270 3.59213e-028 3.92031e-017 4.77467e-011 1.02847e-007 5.93115e-007 2.10497e-007 4.01514e-008 3.31487e-009 1.08218e-010 2.21033e-012 
7.10552e-023 1.05448e-015 1.77828e-010 6.59253e-008 1.15533e-005 5.33905e-005 1.97387e-005 3.61468e-006 2.96605e-007 8.97572e-009 1.02072e-010 
6.0192e-014 1.2539e-010 8.20983e-008 7.98202e-006 0.00052106 0.00176805 0.000708962 0.000120055 9.82078e-006 2.9657e-007 3.29606e-009 
6.73224e-010 1.53571e-007 1.49919e-005 0.000535571 0.00956182 0.0215323 0.010276 0.00156326 0.000121109 3.62802e-006 4.02193e-008 
9.62614e-008 1.05979e-005 0.000438991 0.00686349 0.037955 0.0644947 0.0377273 0.0072334 0.000522557 1.45436e-005 1.532e-007 
0 0 0 0 0 0 0 0 0 0 0 
0 0 0 0 0 0 0 0 0 0 0 
0 0 0 0 0 0 0 0 0 0 0 
0 0 0 0 0 0 0 0 0 0 0 
0 0 0 0 0 0 0 0 0 0 0 
0 0 0 0 0 0 0 0 0 0 0 
0.202096
-4,3
4.31466e-270 7.0416e-027 2.92939e-016 1.64829e-010 1.5726e-007 5.93115e-007 2.33606e-007 4.01604e-008 3.28571e-009 9.36614e-011 0 
2.67397e-022 3.99759e-015 3.50457e-010 9.86757e-008 1.66631e-005 5.33905e-005 2.2086e-005 3.61958e-006 2.96537e-007 8.94163e-009 9.68962e-011 
1.02072e-013 1.93708e-010 1.24622e-007 1.15056e-005 0.000687984 0.00176805 0.000796936 0.000120835 9.82101e-006 2.96549e-007 3.29285e-009 
8.79437e-010 2.02039e-007 1.92856e-005 0.000724123 0.0109728 0.0215323 0.0112521 0.00163921 0.000122115 3.6365e-006 4.02599e-008 
1.0672e-007 1.16998e-005 0.000480833 0.00736624 0.0385876 0.0644947 0.0384409 0.00760393 0.000549131 1.51715e-005 1.58752e-007 
0 0 0 0 0 0 0 0 0 0 0 
0 0 0 0 0 0 0 0 0 0 0 
0 0 0 0 0 0 0 0 0 0 0 
0 0 0 0 0 0 0 0 0 0 0 
0 0 0 0 0 0 0 0 0 0 0 
0 0 0 0 0 0 0 0 0 0 0 
0.207309
-4,4
4.04037e-270 1.17301e-025 1.86293e-015 4.86804e-010 2.13373e-007 5.93115e-007 2.61267e-007 4.02313e-008 3.29821e-009 1.03366e-010 2.21033e-012 
9.95768e-022 1.4026e-014 6.35552e-010 1.65466e-007 2.15661e-005 5.33905e-005 2.46958e-005 3.63375e-006 2.96567e-007 8.96435e-009 1.02072e-010 
1.70479e-013 3.01663e-010 1.81037e-007 1.78351e-005 0.000829514 0.00176805 0.000882781 0.000122594 9.82188e-006 2.96564e-007 3.29607e-009 
1.14085e-009 2.63606e-007 2.471e-005 0.000964634 0.011931 0.0215323 0.0119976 0.00174533 0.000123657 3.64868e-006 4.03153e-008 
1.17096e-007 1.27723e-005 0.00051987 0.00777241 0.0388946 0.0644947 0.038814 0.00791458 0.000574567 1.57967e-005 1.64355e-007 
0 0 0 0 0 0 0 0 0 0 0 
0 0 0 0 0 0 0 0 0 0 0 
0 0 0 0 0 0 0 0 0 0 0 
0 0 0 0 0 0 0 0 0 0 0 
0 0 0 0 0 0 0 0 0 0 0 
0 0 0 0 0 0 0 0 0 0 0 
0.211073
-4,5
4.31466e-270 1.68544e-024 1.02362e-014 1.25001e-009 2.63251e-007 5.93115e-007 2.89368e-007 4.04148e-008 3.29285e-009 9.68962e-011 0 
3.66649e-021 4.55444e-014 1.06662e-009 2.98807e-007 2.56242e-005 5.33905e-005 2.71602e-005 3.6683e-006 2.96555e-007 8.94921e-009 9.68962e-011 
2.80352e-013 4.74727e-010 2.53234e-007 2.84228e-005 0.000933539 0.00176805 0.000954319 0.000126018 9.82436e-006 2.96555e-007 3.29285e-009 
1.47034e-009 3.41081e-007 3.15927e-005 0.00124788 0.0125057 0.0215323 0.0124947 0.0018807 0.00012594 3.66595e-006 4.03887e-008 
1.2733e-007 1.3806e-005 0.000555594 0.0080854 0.0390311 0.0644947 0.038992 0.00816314 0.000598412 1.64128e-005 1.69975e-007 
0 0 0 0 0 0 0 0 0 0 0 
0 0 0 0 0 0 0 0 0 0 0 
0 0 0 0 0 0 0 0 0 0 0 
0 0 0 0 0 0 0 0 0 0 0 
0 0 0 0 0 0 0 0 0 0 0 
0 0 0 0 0 0 0 0 0 0 0 
0.213706
-3,-4
4.31466e-270 4.37535e-039 3.1862e-025 6.43801e-017 3.82544e-011 5.93115e-007 0 0 0 0 0 
1.32828e-027 1.03265e-020 1.80718e-013 3.87456e-009 3.14215e-007 5.33905e-005 1.55597e-005 3.47185e-006 2.84986e-007 8.60584e-009 9.56023e-011 
4.42019e-016 2.75726e-012 3.08541e-009 9.0094e-007 2.99591e-005 0.00176805 0.000535579 0.000119504 9.80946e-006 2.9622e-007 3.29071e-009 
4.33351e-011 1.1713e-008 1.52576e-006 9.54584e-005 0.0010894 0.0215374 0.00653154 0.00145738 0.000119629 3.6125e-006 4.01312e-008 
3.11054e-008 3.59914e-006 0.000159443 0.0026348 0.0158935 0.0763458 0.0234365 0.0052294 0.000429255 1.29624e-005 1.43999e-007 
0 0 0 0 0 0 0 0 0 0 0 
0 0 0 0 0 0 0 0 0 0 0 
0 0 0 0 0 0 0 0 0 0 0 
0 0 0 0 0 0 0 0 0 0 0 
0 0 0 0 0 0 0 0 0 0 0 
0 0 0 0 0 0 0 0 0 0 0 
0.157519
-3,-3
4.04037e-270 7.21933e-037 1.99138e-023 1.8241e-015 4.30362e-010 5.93115e-007 1.99878e-007 5.01684e-008 4.70637e-009 1.65807e-010 2.21033e-012 
5.42794e-027 6.83686e-020 6.79607e-013 7.44109e-009 3.92834e-007 5.33905e-005 1.62649e-005 3.64805e-006 3.01517e-007 9.18821e-009 1.03366e-010 
8.44552e-016 5.1307e-012 4.61708e-009 1.45101e-006 3.53535e-005 0.00176805 0.000536529 0.000119674 9.82543e-006 2.96783e-007 3.29821e-009 
6.12831e-011 1.64841e-008 2.15017e-006 0.00012399 0.00134664 0.0215374 0.00656294 0.00145782 0.000119645 3.61282e-006 4.01342e-008 
3.96589e-008 4.57621e-006 0.000202025 0.00335355 0.022268 0.0763458 0.0271149 0.00560032 0.00044858 1.33886e-005 1.47726e-007 
0 0 0 0 0 0 0 0 0 0 0 
0 0 0 0 0 0 0 0 0 0 0 
0 0 0 0 0 0 0 0 0 0 0 
0 0 0 0 0 0 0 0 0 0 0 
0 0 0 0 0 0 0 0 0 0 0 
0 0 0 0 0 0 0 0 0 0 0 
0.169052
-3,-2
4.31466e-270 5.81266e-035 6.07768e-022 2.52871e-014 2.3909e-009 5.93115e-007 1.77887e-007 3.76263e-008 2.68935e-009 5.52689e-011 0 
2.20482e-026 4.16621e-019 2.28478e-012 1.28989e-008 6.62768e-007 5.33905e-005 1.62173e-005 3.604e-006 2.94432e-007 8.79997e-009 9.56023e-011 
1.59708e-015 9.18637e-012 7.11999e-009 2.17118e-006 5.20725e-005 0.00176805 0.000538671 0.000119632 9.81859e-006 2.96408e-007 3.29071e-009 
8.52573e-011 2.29577e-008 3.00271e-006 0.00015572 0.001978 0.0215374 0.00670324 0.00145902 0.000119668 3.61312e-006 4.01356e-008 
4.8614e-008 5.6014e-006 0.00024671 0.00411927 0.0286332 0.0763458 0.0312542 0.00602241 0.00046991 1.38493e-005 1.51698e-007 
0 0 0 0 0 0 0 0 0 0 0 
0 0 0 0 0 0 0 0 0 0 0 
0 0 0 0 0 0 0 0 0 0 0 
0 0 0 0 0 0 0 0 0 0 0 
0 0 0 0 0 0 0 0 0 0 0 
0 0 0 0 0 0 0 0 0 0 0 
0.181637
-3,-1
4.04037e-270 3.04317e-033 1.20709e-020 2.28633e-013 8.76265e-009 5.93115e-007 1.8142e-007 4.07618e-008 3.55379e-009 1.28961e-010 2.21033e-012 
8.89914e-026 2.3403e-018 6.90994e-012 2.03991e-008 1.44874e-006 5.33905e-005 1.63663e-005 3.61502e-006 2.97468e-007 9.0588e-009 1.03366e-010 
2.98727e-015 1.58332e-011 1.14359e-008 3.03144e-006 9.48323e-005 0.00176805 0.000547558 0.000119644 9.82152e-006 2.96658e-007 3.29821e-009 
1.17139e-010 3.16904e-008 4.14157e-006 0.00019234 0.00313668 0.0215374 0.00706426 0.00146222 0.000119714 3.61373e-006 4.01405e-008 
5.79527e-008 6.67058e-006 0.000293154 0.00491747 0.0342722 0.0763458 0.0353422 0.00648749 0.000493167 1.43442e-005 1.55916e-007 
0 0 0 0 0 0 0 0 0 0 0 
0 0 0 0 0 0 0 0 0 0 0 
0 0 0 0 0 0 0 0 0 0 0 
0 0 0 0 0 0 0 0 0 0 0 
0 0 0 0 0 0 0 0 0 0 0 
0 0 0 0 0 0 0 0 0 0 0 
0.194312
-3,0
4.31466e-270 1.16475e-031 1.75421e-019 1.51649e-012 2.38955e-008 5.93115e-007 1.84567e-007 3.99781e-008 3.18332e-009 7.98328e-011 0 
3.56765e-025 1.21336e-017 1.88994e-011 2.98512e-008 3.1848e-006 5.33905e-005 1.67871e-005 3.6123e-006 2.96167e-007 8.88624e-009 9.56023e-011 
5.52277e-015 2.63194e-011 1.89404e-008 4.00307e-006 0.000177982 0.00176805 0.000570849 0.000119652 9.82026e-006 2.96491e-007 3.29071e-009 
1.59341e-010 4.34009e-008 5.62811e-006 0.000238739 0.00479923 0.0215374 0.00772311 0.00146968 0.000119798 3.61459e-006 4.01445e-008 
6.76517e-008 7.77855e-006 0.000340936 0.00572734 0.0387354 0.0763458 0.0389192 0.00698259 0.000518196 1.48724e-005 1.60378e-007 
0 0 0 0 0 0 0 0 0 0 0 
0 0 0 0 0 0 0 0 0 0 0 
0 0 0 0 0 0 0 0 0 0 0 
0 0 0 0 0 0 0 0 0 0 0 
0 0 0 0 0 0 0 0 0 0 0 
0 0 0 0 0 0 0 0 0 0 0 
0.206218
-3,1
4.04037e-270 3.47405e-030 1.98861e-018 7.86991e-012 5.18914e-008 5.93115e-007 1.92625e-007 4.01748e-008 3.34209e-009 1.12585e-010 2.21033e-012 
1.41999e-024 5.81195e-017 4.69628e-011 4.14046e-008 6.1916e-006 5.33905e-005 1.77137e-005 3.61319e-006 2.96725e-007 9.00128e-009 1.03366e-010 
1.0084e-014 4.23629e-011 3.15945e-008 5.13201e-006 0.000305443 0.00176805 0.0006158 0.000119699 9.82081e-006 2.96602e-007 3.29821e-009 
2.14942e-010 5.90081e-008 7.52793e-006 0.000303627 0.00674481 0.0215374 0.00865526 0.00148527 0.000119949 3.61598e-006 4.0153e-008 
7.76819e-008 8.91906e-006 0.000389558 0.00652322 0.041911 0.0763458 0.0417131 0.00749062 0.000544754 1.54321e-005 1.65078e-007 
0 0 0 0 0 0 0 0 0 0 0 
0 0 0 0 0 0 0 0 0 0 0 
0 0 0 0 0 0 0 0 0 0 0 
0 0 0 0 0 0 0 0 0 0 0 
0 0 0 0 0 0 0 0 0 0 0 
0 0 0 0 0 0 0 0 0 0 0 
0.216707
-3,2
4.31466e-270 8.40558e-029 1.83073e-017 3.32836e-011 9.38852e-008 5.93115e-007 2.07283e-007 4.01296e-008 3.27404e-009 9.07502e-011 0 
5.60845e-024 2.57392e-016 1.06456e-010 5.68455e-008 1.04218e-005 5.33905e-005 1.92992e-005 3.6139e-006 2.96486e-007 8.92459e-009 9.56023e-011 
1.81689e-014 6.64643e-011 5.18103e-008 6.65869e-006 0.000464982 0.00176805 0.000683785 0.000119858 9.8206e-006 2.96528e-007 3.29071e-009 
2.87839e-010 7.9669e-008 9.91802e-006 0.000398741 0.00865748 0.0215374 0.00972892 0.00151449 0.000120214 3.61807e-006 4.0162e-008 
8.80084e-008 1.00848e-005 0.000438446 0.00727758 0.0439523 0.0763458 0.0436734 0.00799199 0.000572513 1.60209e-005 1.70008e-007 
0 0 0 0 0 0 0 0 0 0 0 
0 0 0 0 0 0 0 0 0 0 0 
0 0 0 0 0 0 0 0 0 0 0 
0 0 0 0 0 0 0 0 0 0 0 
0 0 0 0 0 0 0 0 0 0 0 
0 0 0 0 0 0 0 0 0 0 0 
0.225391
-3,3
4.04037e-270 1.69569e-027 1.40697e-016 1.17996e-010 1.46377e-007 5.93115e-007 2.28984e-007 4.01568e-008 3.30321e-009 1.05307e-010 2.21033e-012 
2.19697e-023 1.05448e-015 2.20985e-010 8.23005e-008 1.53857e-005 5.33905e-005 2.14992e-005 3.61713e-006 2.96588e-007 8.97572e-009 1.03366e-010 
3.22743e-014 1.02618e-010 8.20983e-008 9.15654e-006 0.000632342 0.00176805 0.000767611 0.000120315 9.82078e-006 2.96577e-007 3.29821e-009 
3.82933e-010 1.06815e-007 1.29017e-005 0.000536262 0.0102704 0.0215374 0.0107671 0.00156395 0.000120663 3.62126e-006 4.01774e-008 
9.85903e-008 1.12676e-005 0.000486961 0.00796461 0.0451431 0.0763458 0.0449154 0.00846675 0.000601062 1.66354e-005 1.75157e-007 
0 0 0 0 0 0 0 0 0 0 0 
0 0 0 0 0 0 0 0 0 0 0 
0 0 0 0 0 0 0 0 0 0 0 
0 0 0 0 0 0 0 0 0 0 0 
0 0 0 0 0 0 0 0 0 0 0 
0 0 0 0 0 0 0 0 0 0 0 
0.232167
-3,4
4.31466e-270 2.90935e-026 9.20934e-016 3.58014e-010 2.0215e-007 5.93115e-007 2.55735e-007 4.02029e-008 3.29071e-009 9.56023e-011 0 
8.53041e-023 3.99759e-015 4.21731e-010 1.32071e-007 2.03403e-005 5.33905e-005 2.40433e-005 3.62667e-006 2.96545e-007 8.94163e-009 9.56023e-011 
5.64698e-014 1.57724e-010 1.24622e-007 1.36154e-005 0.000782337 0.00176805 0.000854166 0.000121421 9.82101e-006 2.96545e-007 3.29071e-009 
5.06342e-010 1.42185e-007 1.66302e-005 0.000724814 0.011455 0.0215374 0.011628 0.0016399 0.0001214 3.62603e-006 4.01959e-008 
1.09381e-007 1.24582e-005 0.000534411 0.00856393 0.0457757 0.0763458 0.0456289 0.00889715 0.000629913 1.72715e-005 1.80507e-007 
0 0 0 0 0 0 0 0 0 0 0 
0 0 0 0 0 0 0 0 0 0 0 
0 0 0 0 0 0 0 0 0 0 0 
0 0 0 0 0 0 0 0 0 0 0 
0 0 0 0 0 0 0 0 0 0 0 
0 0 0 0 0 0 0 0 0 0 0 
0.237185
-3,5
4.04037e-270 4.30928e-025 5.21224e-015 9.44725e-010 2.53276e-007 5.93115e-007 2.83748e-007 4.03414e-008 3.29607e-009 1.02072e-010 2.21033e-012 
3.28087e-022 1.4026e-014 7.4332e-010 2.32137e-007 2.46097e-005 5.33905e-005 2.65441e-005 3.65103e-006 2.96564e-007 8.96435e-009 1.03366e-010 
9.72329e-014 2.43975e-010 1.81037e-007 2.13643e-005 0.000898864 0.00176805 0.000930473 0.000123735 9.82188e-006 2.96567e-007 3.29821e-009 
6.65642e-010 1.87845e-007 2.13254e-005 0.000965325 0.0122214 0.0215374 0.0122493 0.00174602 0.000122573 3.63311e-006 4.02242e-008 
1.20329e-007 1.36468e-005 0.000580076 0.0090633 0.0460827 0.0763458 0.046002 0.00926989 0.000658529 1.79239e-005 1.86039e-007 
0 0 0 0 0 0 0 0 0 0 0 
0 0 0 0 0 0 0 0 0 0 0 
0 0 0 0 0 0 0 0 0 0 0 
0 0 0 0 0 0 0 0 0 0 0 
0 0 0 0 0 0 0 0 0 0 0 
0 0 0 0 0 0 0 0 0 0 0 
0.240764
-2,-4
4.04037e-270 8.75071e-040 1.27448e-025 3.8628e-017 3.06035e-011 5.93115e-007 3.59743e-007 8.02694e-008 6.58892e-009 1.98968e-010 2.21033e-012 
7.1946e-029 1.43292e-021 7.71588e-014 2.83853e-009 3.03766e-007 5.33905e-005 1.71391e-005 3.82426e-006 3.13914e-007 9.4794e-009 1.05307e-010 
8.74191e-017 9.82946e-013 2.07309e-009 6.48807e-007 2.89861e-005 0.00176805 0.000537613 0.000119958 9.84672e-006 2.97345e-007 3.30321e-009 
1.53257e-011 5.21202e-009 8.67944e-007 7.05375e-005 0.00104523 0.0215388 0.00653241 0.00145758 0.000119645 3.61297e-006 4.01365e-008 
2.40587e-008 2.9249e-006 0.000139115 0.00252925 0.01575 0.0853752 0.026078 0.00581879 0.000477636 1.44233e-005 1.60229e-007 
0 0 0 0 0 0 0 0 0 0 0 
0 0 0 0 0 0 0 0 0 0 0 
0 0 0 0 0 0 0 0 0 0 0 
0 0 0 0 0 0 0 0 0 0 0 
0 0 0 0 0 0 0 0 0 0 0 
0 0 0 0 0 0 0 0 0 0 0 
0.169496
-2,-3
4.31466e-270 1.47887e-037 8.15668e-024 1.12021e-015 3.5194e-010 5.93115e-007 1.59903e-007 3.0101e-008 1.88255e-009 3.31613e-011 0 
3.03375e-028 1.03265e-020 3.0544e-013 5.65782e-009 3.73179e-007 5.33905e-005 1.60886e-005 3.55995e-006 2.89119e-007 8.60584e-009 9.36614e-011 
1.7397e-016 1.96614e-012 3.08541e-009 1.0843e-006 3.35554e-005 0.00176805 0.000536212 0.00011956 9.80946e-006 2.96033e-007 3.28571e-009 
2.18496e-011 7.43137e-009 1.22976e-006 9.56558e-005 0.0012189 0.0215388 0.00654813 0.00145758 0.000119638 3.61266e-006 4.01321e-008 
3.05407e-008 3.69696e-006 0.000174586 0.00313803 0.0213701 0.0853752 0.0289131 0.00608047 0.000490913 1.47127e-005 1.62742e-007 
0 0 0 0 0 0 0 0 0 0 0 
0 0 0 0 0 0 0 0 0 0 0 
0 0 0 0 0 0 0 0 0 0 0 
0 0 0 0 0 0 0 0 0 0 0 
0 0 0 0 0 0 0 0 0 0 0 
0 0 0 0 0 0 0 0 0 0 0 
0.179088
-2,-2
4.04037e-270 1.22029e-035 2.55056e-022 1.59019e-014 1.99879e-009 5.93115e-007 1.82286e-007 4.26431e-008 3.89956e-009 1.43699e-010 2.21033e-012 
1.27288e-027 6.83686e-020 1.0809e-012 1.017e-008 5.95285e-007 5.33905e-005 1.62292e-005 3.62603e-006 2.99746e-007 9.18821e-009 1.05307e-010 
3.43173e-016 3.77884e-012 4.61708e-009 1.69106e-006 4.64995e-005 0.00176805 0.000537957 0.00011966 9.82543e-006 2.96908e-007 3.30321e-009 
3.07582e-011 1.04998e-008 1.7401e-006 0.000124187 0.0016632 0.0215388 0.00663397 0.00145801 0.000119649 3.613e-006 4.01376e-008 
3.74879e-008 4.52964e-006 0.000212962 0.00380983 0.0277446 0.0853752 0.0325915 0.00640022 0.000506227 1.50355e-005 1.65487e-007 
0 0 0 0 0 0 0 0 0 0 0 
0 0 0 0 0 0 0 0 0 0 0 
0 0 0 0 0 0 0 0 0 0 0 
0 0 0 0 0 0 0 0 0 0 0 
0 0 0 0 0 0 0 0 0 0 0 
0 0 0 0 0 0 0 0 0 0 0 
0.190762
-2,-1
4.31466e-270 6.55135e-034 5.19303e-021 1.47294e-013 7.4883e-009 5.93115e-007 1.80713e-007 3.95076e-008 3.03513e-009 7.00073e-011 0 
5.31249e-027 4.16621e-019 3.44107e-012 1.6649e-008 1.25224e-006 5.33905e-005 1.6329e-005 3.60951e-006 2.95191e-007 8.79997e-009 9.36614e-011 
6.70596e-016 6.97078e-012 7.11999e-009 2.45793e-006 8.0579e-005 0.00176805 0.000544596 0.000119636 9.81859e-006 2.96324e-007 3.28571e-009 
4.28717e-011 1.47145e-008 2.44948e-006 0.000155917 0.00255823 0.0215388 0.00688463 0.00145922 0.000119661 3.613e-006 4.01337e-008 
4.49084e-008 5.42289e-006 0.000254128 0.00454306 0.0341098 0.0853752 0.0367308 0.00677932 0.000523703 1.53936e-005 1.68475e-007 
0 0 0 0 0 0 0 0 0 0 0 
0 0 0 0 0 0 0 0 0 0 0 
0 0 0 0 0 0 0 0 0 0 0 
0 0 0 0 0 0 0 0 0 0 0 
0 0 0 0 0 0 0 0 0 0 0 
0 0 0 0 0 0 0 0 0 0 0 
0.203661
-2,0
4.04037e-270 2.57295e-032 7.7411e-020 1.00135e-012 2.0869e-008 5.93115e-007 1.83938e-007 4.02916e-008 3.4056e-009 1.19135e-010 2.21033e-012 
2.2048e-026 2.3403e-018 9.9073e-012 2.51251e-008 2.75078e-006 5.33905e-005 1.66819e-005 3.61366e-006 2.97143e-007 9.0588e-009 1.05307e-010 
1.29723e-015 1.23379e-011 1.14359e-008 3.35532e-006 0.000150265 0.00176805 0.000563085 0.000119647 9.82152e-006 2.96713e-007 3.30321e-009 
5.92717e-011 2.04692e-008 3.41451e-006 0.000192537 0.00396884 0.0215388 0.00739457 0.00146241 0.000119688 3.61336e-006 4.014e-008 
5.28061e-008 6.3757e-006 0.000297896 0.00532961 0.0397488 0.0853752 0.0408188 0.00721439 0.000543418 1.57888e-005 1.71718e-007 
0 0 0 0 0 0 0 0 0 0 0 
0 0 0 0 0 0 0 0 0 0 0 
0 0 0 0 0 0 0 0 0 0 0 
0 0 0 0 0 0 0 0 0 0 0 
0 0 0 0 0 0 0 0 0 0 0 
0 0 0 0 0 0 0 0 0 0 0 
0.216727
-2,1
4.31466e-270 7.87989e-031 9.00696e-019 5.32854e-012 4.62922e-008 5.93115e-007 1.91013e-007 4.00961e-008 3.24683e-009 8.63832e-011 0 
9.09593e-026 1.21336e-017 2.59152e-011 3.56279e-008 5.4399e-006 5.33905e-005 1.74821e-005 3.61275e-006 2.96307e-007 8.88624e-009 9.36614e-011 
2.48227e-015 2.09716e-011 1.89404e-008 4.37938e-006 0.000262956 0.00176805 0.000600816 0.000119668 9.82026e-006 2.96454e-007 3.28571e-009 
8.13764e-011 2.82831e-008 4.6944e-006 0.000238937 0.00577291 0.0215388 0.00819007 0.00146988 0.000119738 3.61369e-006 4.01371e-008 
6.11803e-008 7.38606e-006 0.000344 0.00615344 0.044212 0.0853752 0.0443958 0.00769654 0.000565387 1.62223e-005 1.75226e-007 
0 0 0 0 0 0 0 0 0 0 0 
0 0 0 0 0 0 0 0 0 0 0 
0 0 0 0 0 0 0 0 0 0 0 
0 0 0 0 0 0 0 0 0 0 0 
0 0 0 0 0 0 0 0 0 0 0 
0 0 0 0 0 0 0 0 0 0 0 
0.228952
-2,2
4.04037e-270 1.95904e-029 8.51608e-018 2.31181e-011 8.54865e-008 5.93115e-007 2.04351e-007 4.01477e-008 3.31487e-009 1.08218e-010 2.21033e-012 
3.7287e-025 5.81195e-017 6.18361e-011 4.91251e-008 9.36423e-006 5.33905e-005 1.89028e-005 3.61355e-006 2.96665e-007 9.00128e-009 1.05307e-010 
4.69434e-015 3.43292e-011 3.15945e-008 5.6409e-006 0.000411802 0.00176805 0.000661124 0.000119752 9.82081e-006 2.96627e-007 3.30321e-009 
1.11033e-010 3.88366e-008 6.34909e-006 0.000303825 0.00770203 0.0215388 0.00919298 0.00148547 0.000119833 3.61438e-006 4.0145e-008 
7.00255e-008 8.45081e-006 0.00039209 0.00699086 0.0473876 0.0853752 0.0471897 0.00821126 0.000589542 1.66948e-005 1.79006e-007 
0 0 0 0 0 0 0 0 0 0 0 
0 0 0 0 0 0 0 0 0 0 0 
0 0 0 0 0 0 0 0 0 0 0 
0 0 0 0 0 0 0 0 0 0 0 
0 0 0 0 0 0 0 0 0 0 0 
0 0 0 0 0 0 0 0 0 0 0 
0.239578
-2,3
4.31466e-270 4.06383e-028 6.72633e-017 8.4111e-011 1.35879e-007 5.93115e-007 2.24644e-007 4.01459e-008 3.28571e-009 9.36614e-011 0 
1.51813e-024 2.57392e-016 1.35088e-010 6.9573e-008 1.41447e-005 5.33905e-005 2.09492e-005 3.61552e-006 2.96512e-007 8.92459e-009 9.36614e-011 
8.76563e-015 5.4413e-011 5.18103e-008 7.49131e-006 0.000576555 0.00176805 0.000739669 0.00012001 9.8206e-006 2.96512e-007 3.28571e-009 
1.50634e-010 5.3012e-008 8.4424e-006 0.000398938 0.00946481 0.0215388 0.0102489 0.00151469 0.000120006 3.61537e-006 4.01443e-008 
7.93301e-008 9.56558e-006 0.000441724 0.00781254 0.0494289 0.0853752 0.04915 0.00873923 0.000615724 1.72063e-005 1.83065e-007 
0 0 0 0 0 0 0 0 0 0 0 
0 0 0 0 0 0 0 0 0 0 0 
0 0 0 0 0 0 0 0 0 0 0 
0 0 0 0 0 0 0 0 0 0 0 
0 0 0 0 0 0 0 0 0 0 0 
0 0 0 0 0 0 0 0 0 0 0 
0.248204
-2,4
4.04037e-270 7.17525e-027 4.52792e-016 2.62007e-010 1.90996e-007 5.93115e-007 2.50385e-007 4.01845e-008 3.29821e-009 1.03366e-010 2.21033e-012 
6.13615e-024 1.05448e-015 2.71172e-010 1.07186e-007 1.91017e-005 5.33905e-005 2.34073e-005 3.6219e-006 2.96577e-007 8.97572e-009 1.05307e-010 
1.61443e-014 8.42495e-011 8.20983e-008 1.06428e-005 0.000732339 0.00176805 0.000825314 0.000120684 9.82078e-006 2.96588e-007 3.30321e-009 
2.03256e-010 7.19352e-008 1.10536e-005 0.00053646 0.0108636 0.0215388 0.0111984 0.00156415 0.00012031 3.61698e-006 4.01551e-008 
8.90766e-008 1.07247e-005 0.000492369 0.00858728 0.0506197 0.0853752 0.050392 0.00925834 0.000643666 1.77564e-005 1.87405e-007 
0 0 0 0 0 0 0 0 0 0 0 
0 0 0 0 0 0 0 0 0 0 0 
0 0 0 0 0 0 0 0 0 0 0 
0 0 0 0 0 0 0 0 0 0 0 
0 0 0 0 0 0 0 0 0 0 0 
0 0 0 0 0 0 0 0 0 0 0 
0.254802
-2,5
4.31466e-270 1.0946e-025 2.63745e-015 7.10041e-010 2.43051e-007 5.93115e-007 2.78145e-007 4.0286e-008 3.29285e-009 9.68962e-011 0 
2.46083e-023 3.99759e-015 5.02128e-010 1.82104e-007 2.35424e-005 5.33905e-005 2.59189e-005 3.63885e-006 2.96549e-007 8.94163e-009 9.36614e-011 
2.92947e-014 1.28973e-010 1.24622e-007 1.61984e-005 0.000860022 0.00176805 0.000905037 0.000122193 9.82101e-006 2.96537e-007 3.28571e-009 
2.72827e-010 9.70148e-008 1.42988e-005 0.000725011 0.0118391 0.0215388 0.0119395 0.00164009 0.00012083 3.61944e-006 4.01587e-008 
9.92407e-008 1.19214e-005 0.000543389 0.00928656 0.0512523 0.0853752 0.0511055 0.0097464 0.00067299 1.83432e-005 1.92027e-007 
0 0 0 0 0 0 0 0 0 0 0 
0 0 0 0 0 0 0 0 0 0 0 
0 0 0 0 0 0 0 0 0 0 0 
0 0 0 0 0 0 0 0 0 0 0 
0 0 0 0 0 0 0 0 0 0 0 
0 0 0 0 0 0 0 0 0 0 0 
0.259624
-1,-4
4.31466e-270 1.75014e-040 5.09793e-026 2.31768e-017 2.44828e-011 5.93115e-007 0 0 0 0 0 
3.24109e-030 1.82265e-022 3.22595e-014 2.0551e-009 2.92932e-007 5.33905e-005 1.477e-005 3.29564e-006 2.70522e-007 8.16907e-009 9.07502e-011 
1.43584e-017 3.02923e-013 1.36444e-009 4.61255e-007 2.79388e-005 0.00176805 0.000532866 0.000118899 9.75979e-006 2.9472e-007 3.27404e-009 
4.75817e-012 2.14314e-009 4.89401e-007 4.96991e-005 0.00100589 0.0215392 0.0065305 0.00145715 0.00011961 3.61192e-006 4.01248e-008 
1.58308e-008 2.0487e-006 0.000106881 0.00222799 0.0149806 0.0912548 0.0277773 0.00619795 0.000508759 1.53632e-005 1.7067e-007 
0 0 0 0 0 0 0 0 0 0 0 
0 0 0 0 0 0 0 0 0 0 0 
0 0 0 0 0 0 0 0 0 0 0 
0 0 0 0 0 0 0 0 0 0 0 
0 0 0 0 0 0 0 0 0 0 0 
0 0 0 0 0 0 0 0 0 0 0 
0.176309
-1,-3
4.04037e-270 3.02774e-038 3.33914e-024 6.87579e-016 2.87673e-010 5.93115e-007 1.99871e-007 5.01684e-008 4.70637e-009 1.65807e-010 2.21033e-012 
1.40892e-029 1.43292e-021 1.34229e-013 4.24817e-009 3.55826e-007 5.33905e-005 1.63512e-005 3.69211e-006 3.07716e-007 9.4794e-009 1.08218e-010 
2.97515e-017 6.55217e-013 2.07309e-009 7.93969e-007 3.20323e-005 0.00176805 0.000536679 0.000119825 9.84672e-006 2.97783e-007 3.31487e-009 
6.86724e-012 3.11217e-009 6.90993e-007 7.05857e-005 0.00113228 0.0215392 0.00654048 0.00145763 0.000119653 3.6134e-006 4.01445e-008 
2.00423e-008 2.58113e-006 0.000133489 0.00271618 0.0193161 0.0912548 0.0296442 0.00635283 0.000516397 1.55276e-005 1.72088e-007 
0 0 0 0 0 0 0 0 0 0 0 
0 0 0 0 0 0 0 0 0 0 0 
0 0 0 0 0 0 0 0 0 0 0 
0 0 0 0 0 0 0 0 0 0 0 
0 0 0 0 0 0 0 0 0 0 0 
0 0 0 0 0 0 0 0 0 0 0 
0.183359
-1,-2
4.31466e-270 2.55888e-036 1.06916e-022 9.98921e-015 1.66942e-009 5.93115e-007 1.77809e-007 3.76263e-008 2.68935e-009 5.52689e-011 0 
6.10002e-029 1.03265e-020 4.99305e-013 7.91392e-009 5.39758e-007 5.33905e-005 1.6194e-005 3.59299e-006 2.91776e-007 8.60584e-009 9.07502e-011 
6.12018e-017 1.36191e-012 3.08541e-009 1.28655e-006 4.21848e-005 0.00176805 0.000537375 0.000119594 9.80946e-006 2.95741e-007 3.27404e-009 
9.81428e-012 4.48249e-009 9.78548e-007 9.57041e-005 0.00144127 0.0215392 0.00659127 0.00145763 0.000119636 3.61244e-006 4.0125e-008 
2.46629e-008 3.17129e-006 0.000163149 0.00326195 0.0249363 0.0912548 0.0324793 0.00655644 0.0005256 1.57168e-005 1.73674e-007 
0 0 0 0 0 0 0 0 0 0 0 
0 0 0 0 0 0 0 0 0 0 0 
0 0 0 0 0 0 0 0 0 0 0 
0 0 0 0 0 0 0 0 0 0 0 
0 0 0 0 0 0 0 0 0 0 0 
0 0 0 0 0 0 0 0 0 0 0 
0.192999
-1,-1
4.04037e-270 1.40789e-034 2.23025e-021 9.47374e-014 6.3904e-009 5.93115e-007 1.81028e-007 4.07618e-008 3.55379e-009 1.28961e-010 2.21033e-012 
2.62978e-028 6.83686e-020 1.67094e-012 1.34095e-008 1.088e-006 5.33905e-005 1.63041e-005 3.61777e-006 2.98607e-007 9.18821e-009 1.08218e-010 
1.24924e-016 2.71487e-012 4.61708e-009 1.94669e-006 6.92192e-005 0.00176805 0.000542383 0.000119652 9.82543e-006 2.97102e-007 3.31487e-009 
1.39155e-011 6.40453e-009 1.38937e-006 0.000124235 0.00211093 0.0215392 0.00675952 0.00145806 0.000119647 3.61313e-006 4.01448e-008 
2.97172e-008 3.8223e-006 0.000195946 0.00387232 0.0313107 0.0912548 0.0361576 0.00681685 0.000536592 1.59334e-005 1.75444e-007 
0 0 0 0 0 0 0 0 0 0 0 
0 0 0 0 0 0 0 0 0 0 0 
0 0 0 0 0 0 0 0 0 0 0 
0 0 0 0 0 0 0 0 0 0 0 
0 0 0 0 0 0 0 0 0 0 0 
0 0 0 0 0 0 0 0 0 0 0 
0.204868
-1,0
4.31466e-270 5.67e-033 3.40802e-020 6.59725e-013 1.81928e-008 5.93115e-007 1.83293e-007 3.9978e-008 3.18332e-009 7.98328e-011 0 
1.1286e-027 4.16621e-019 5.05763e-012 2.08871e-008 2.37615e-006 5.33905e-005 1.65937e-005 3.61159e-006 2.95679e-007 8.79997e-009 9.07502e-011 
2.5287e-016 5.18175e-012 7.11999e-009 2.75706e-006 0.000127037 0.00176805 0.000556922 0.000119639 9.81859e-006 2.96195e-007 3.27404e-009 
1.95991e-011 9.07926e-009 1.97092e-006 0.000155966 0.00326375 0.0215392 0.00713982 0.00145926 0.000119651 3.61276e-006 4.01256e-008 
3.5229e-008 4.53684e-006 0.000231909 0.00455224 0.037676 0.0912548 0.0402969 0.00713997 0.000549589 1.61805e-005 1.77413e-007 
0 0 0 0 0 0 0 0 0 0 0 
0 0 0 0 0 0 0 0 0 0 0 
0 0 0 0 0 0 0 0 0 0 0 
0 0 0 0 0 0 0 0 0 0 0 
0 0 0 0 0 0 0 0 0 0 0 
0 0 0 0 0 0 0 0 0 0 0 
0.218067
-1,1
4.04037e-270 1.78181e-031 4.06725e-019 3.59766e-012 4.12076e-008 5.93115e-007 1.89598e-007 4.01743e-008 3.34209e-009 1.12585e-010 2.21033e-012 
4.82022e-027 2.3403e-018 1.39093e-011 3.03765e-008 4.76762e-006 5.33905e-005 1.7282e-005 3.6132e-006 2.96934e-007 9.0588e-009 1.08218e-010 
5.07248e-016 9.45997e-012 1.14359e-008 3.69667e-006 0.000225392 0.00176805 0.000588239 0.000119654 9.82152e-006 2.968e-007 3.31487e-009 
2.74423e-011 1.27748e-008 2.77852e-006 0.000192585 0.00487109 0.0215392 0.00779254 0.00146246 0.000119667 3.61315e-006 4.01456e-008 
4.12203e-008 5.31701e-006 0.000271005 0.00530149 0.0433149 0.0912548 0.044385 0.00752795 0.000564798 1.64608e-005 1.79599e-007 
0 0 0 0 0 0 0 0 0 0 0 
0 0 0 0 0 0 0 0 0 0 0 
0 0 0 0 0 0 0 0 0 0 0 
0 0 0 0 0 0 0 0 0 0 0 
0 0 0 0 0 0 0 0 0 0 0 
0 0 0 0 0 0 0 0 0 0 0 
0.231421
-1,2
4.31466e-270 4.54847e-030 3.94685e-018 1.60023e-011 7.76476e-008 5.93115e-007 2.01684e-007 4.01271e-008 3.27404e-009 9.07502e-011 0 
2.04817e-026 1.21336e-017 3.48955e-011 4.23765e-008 8.38315e-006 5.33905e-005 1.85476e-005 3.61315e-006 2.96396e-007 8.88624e-009 9.07502e-011 
1.00758e-015 1.6519e-011 1.89404e-008 4.79989e-006 0.000362187 0.00176805 0.000641021 0.000119696 9.82026e-006 2.96396e-007 3.27404e-009 
3.82187e-011 1.78491e-008 3.87101e-006 0.000238985 0.00673768 0.0215392 0.00869174 0.00146993 0.000119695 3.61312e-006 4.01267e-008 
4.7711e-008 6.1642e-006 0.000313138 0.00611174 0.0477782 0.0912548 0.0479619 0.00797755 0.000582392 1.67772e-005 1.82016e-007 
0 0 0 0 0 0 0 0 0 0 0 
0 0 0 0 0 0 0 0 0 0 0 
0 0 0 0 0 0 0 0 0 0 0 
0 0 0 0 0 0 0 0 0 0 0 
0 0 0 0 0 0 0 0 0 0 0 
0 0 0 0 0 0 0 0 0 0 0 
0.243799
-1,3
4.04037e-270 9.69489e-029 3.2015e-017 5.97138e-011 1.25801e-007 5.93115e-007 2.20585e-007 4.01466e-008 3.30321e-009 1.05307e-010 2.21033e-012 
8.65536e-026 5.81195e-017 8.01492e-011 5.93491e-008 1.29496e-005 5.33905e-005 2.04376e-005 3.61453e-006 2.96627e-007 9.00128e-009 1.08218e-010 
1.98018e-015 2.76345e-011 3.15945e-008 6.25771e-006 0.000521638 0.00176805 0.000713487 0.000119838 9.82081e-006 2.96665e-007 3.31487e-009 
5.29591e-011 2.47808e-008 5.30639e-006 0.000303873 0.00858364 0.0215392 0.00972117 0.00148552 0.000119751 3.61352e-006 4.01474e-008 
5.47182e-008 7.07887e-006 0.000358136 0.0069649 0.0509537 0.0912548 0.0507558 0.008479 0.000602495 1.71324e-005 1.84683e-007 
0 0 0 0 0 0 0 0 0 0 0 
0 0 0 0 0 0 0 0 0 0 0 
0 0 0 0 0 0 0 0 0 0 0 
0 0 0 0 0 0 0 0 0 0 0 
0 0 0 0 0 0 0 0 0 0 0 
0 0 0 0 0 0 0 0 0 0 0 
0.254387
-1,4
4.31466e-270 1.76016e-027 2.21475e-016 1.90848e-010 1.79973e-007 5.93115e-007 2.45237e-007 4.01691e-008 3.29071e-009 9.56023e-011 0 
3.6363e-025 2.57392e-016 1.69109e-010 8.83794e-008 1.78624e-005 5.33905e-005 2.27928e-005 3.61871e-006 2.96528e-007 8.92459e-009 9.07502e-011 
3.84655e-015 4.44675e-011 5.18103e-008 8.54182e-006 0.000680411 0.00176805 0.000796766 0.000120235 9.8206e-006 2.96486e-007 3.27404e-009 
7.30293e-011 3.42082e-008 7.14074e-006 0.000398987 0.0101644 0.0215392 0.0107239 0.00151473 0.000119857 3.61387e-006 4.01293e-008 
6.22552e-008 8.06048e-006 0.000405752 0.00783352 0.0529951 0.0912548 0.0527162 0.00901583 0.000625157 1.75287e-005 1.87615e-007 
0 0 0 0 0 0 0 0 0 0 0 
0 0 0 0 0 0 0 0 0 0 0 
0 0 0 0 0 0 0 0 0 0 0 
0 0 0 0 0 0 0 0 0 0 0 
0 0 0 0 0 0 0 0 0 0 0 
0 0 0 0 0 0 0 0 0 0 0 
0.262827
-1,5
4.04037e-270 2.76323e-026 1.32666e-015 5.30827e-010 2.3264e-007 5.93115e-007 2.72593e-007 4.02454e-008 3.29606e-009 1.02072e-010 2.21033e-012 
1.51812e-024 1.05448e-015 3.28911e-010 1.44645e-007 2.24322e-005 5.33905e-005 2.5291e-005 3.63037e-006 2.9657e-007 8.97572e-009 1.08218e-010 
7.37739e-015 6.93416e-011 8.20983e-008 1.24947e-005 0.000817461 0.00176805 0.000878463 0.000121187 9.82078e-006 2.96605e-007 3.31487e-009 
1.00227e-010 4.69751e-008 9.43503e-006 0.000536508 0.0113515 0.0215392 0.0115692 0.0015642 0.000120054 3.61465e-006 4.01511e-008 
7.03313e-008 9.10726e-006 0.000455645 0.00868371 0.0541858 0.0912548 0.0539581 0.00956599 0.000650333 1.79683e-005 1.90829e-007 
0 0 0 0 0 0 0 0 0 0 0 
0 0 0 0 0 0 0 0 0 0 0 
0 0 0 0 0 0 0 0 0 0 0 
0 0 0 0 0 0 0 0 0 0 0 
0 0 0 0 0 0 0 0 0 0 0 
0 0 0 0 0 0 0 0 0 0 0 
0.26919
0,-4
4.04037e-270 3.50028e-041 2.03917e-026 1.39061e-017 1.95863e-011 5.93115e-007 3.59743e-007 8.02694e-008 6.58892e-009 1.98968e-010 2.21033e-012 
1.18163e-031 2.11958e-023 1.32236e-014 1.47125e-009 2.81688e-007 5.33905e-005 1.83237e-005 4.08857e-006 3.3561e-007 1.01346e-008 1.12585e-010 
1.90158e-018 7.88658e-014 8.62121e-010 3.26102e-007 2.68038e-005 0.00176805 0.000543941 0.00012137 9.96263e-006 3.00845e-007 3.34209e-009 
1.27127e-012 8.08039e-010 2.76134e-007 3.35819e-005 0.000964913 0.0215393 0.00653849 0.00145893 0.000119757 3.61634e-006 4.01739e-008 
8.64354e-009 1.212e-006 7.14576e-005 0.00178767 0.0139886 0.0944618 0.0286937 0.00640243 0.000525544 1.587e-005 1.763e-007 
0 0 0 0 0 0 0 0 0 0 0 
0 0 0 0 0 0 0 0 0 0 0 
0 0 0 0 0 0 0 0 0 0 0 
0 0 0 0 0 0 0 0 0 0 0 
0 0 0 0 0 0 0 0 0 0 0 
0 0 0 0 0 0 0 0 0 0 0 
0.179156
0,-3
4.31466e-270 6.1955e-039 1.36624e-024 4.21818e-016 2.35035e-010 5.93115e-007 1.59896e-007 3.0101e-008 1.88255e-009 3.31613e-011 0 
5.29074e-031 1.82265e-022 5.77519e-014 3.15163e-009 3.40102e-007 5.33905e-005 1.59559e-005 3.49387e-006 2.79821e-007 8.16907e-009 8.63832e-011 
4.09944e-018 1.85492e-013 1.36444e-009 5.7216e-007 3.06678e-005 0.00176805 0.000535408 0.000119207 9.75979e-006 2.93699e-007 3.24683e-009 
1.86609e-012 1.19856e-009 3.89415e-007 4.9709e-005 0.00106913 0.0215393 0.00653554 0.00145716 0.00011959 3.61046e-006 4.00955e-008 
1.09362e-008 1.52725e-006 8.92938e-005 0.00217383 0.0169258 0.0944618 0.0297225 0.0064771 0.000529108 1.59456e-005 1.76946e-007 
0 0 0 0 0 0 0 0 0 0 0 
0 0 0 0 0 0 0 0 0 0 0 
0 0 0 0 0 0 0 0 0 0 0 
0 0 0 0 0 0 0 0 0 0 0 
0 0 0 0 0 0 0 0 0 0 0 
0 0 0 0 0 0 0 0 0 0 0 
0.18371
0,-2
4.04037e-270 5.35998e-037 4.477e-023 6.26856e-015 1.39307e-009 5.93115e-007 1.82221e-007 4.26431e-008 3.89956e-009 1.43699e-010 2.21033e-012 
2.36152e-030 1.43292e-021 2.25498e-013 6.08105e-009 4.93775e-007 5.33905e-005 1.62333e-005 3.64255e-006 3.03731e-007 9.4794e-009 1.12585e-010 
8.78764e-018 4.19654e-013 2.07309e-009 9.58163e-007 3.88006e-005 0.00176805 0.000537143 0.000119748 9.84672e-006 2.98463e-007 3.34209e-009 
2.71823e-012 1.76629e-009 5.48025e-007 7.05956e-005 0.00128682 0.0215393 0.00656592 0.00145764 0.000119662 3.61438e-006 4.01739e-008 
1.35115e-008 1.8865e-006 0.000109795 0.00260443 0.0212613 0.0944618 0.0315894 0.00658324 0.000533618 1.60361e-005 1.77698e-007 
0 0 0 0 0 0 0 0 0 0 0 
0 0 0 0 0 0 0 0 0 0 0 
0 0 0 0 0 0 0 0 0 0 0 
0 0 0 0 0 0 0 0 0 0 0 
0 0 0 0 0 0 0 0 0 0 0 
0 0 0 0 0 0 0 0 0 0 0 
0.190756
0,-1
4.31466e-270 3.0205e-035 9.56249e-022 6.08381e-014 5.4462e-009 5.93115e-007 1.80384e-007 3.95076e-008 3.03513e-009 7.00073e-011 0 
1.05057e-029 1.03265e-020 7.92215e-013 1.06617e-008 9.50943e-007 5.33905e-005 1.62766e-005 3.60538e-006 2.93484e-007 8.60584e-009 8.63832e-011 
1.8723e-017 9.10922e-013 3.08541e-009 1.5066e-006 6.02077e-005 0.00176805 0.000540714 0.000119613 9.80946e-006 2.95287e-007 3.24683e-009 
3.93404e-012 2.58489e-009 7.73946e-007 9.57139e-005 0.00177615 0.0215393 0.00667544 0.00145764 0.000119632 3.61178e-006 4.00956e-008 
1.6397e-008 2.29411e-006 0.000133182 0.00308562 0.0268815 0.0944618 0.0344245 0.00673006 0.000539245 1.61425e-005 1.78544e-007 
0 0 0 0 0 0 0 0 0 0 0 
0 0 0 0 0 0 0 0 0 0 0 
0 0 0 0 0 0 0 0 0 0 0 
0 0 0 0 0 0 0 0 0 0 0 
0 0 0 0 0 0 0 0 0 0 0 
0 0 0 0 0 0 0 0 0 0 0 
0.200518
0,0
4.04037e-270 1.24663e-033 1.49702e-020 4.3373e-013 1.58323e-008 5.93115e-007 1.8284e-007 4.02915e-008 3.4056e-009 1.19135e-010 2.21033e-012 
4.6573e-029 6.83686e-020 2.51761e-012 1.71483e-008 2.05411e-006 5.33905e-005 1.65213e-005 3.61468e-006 2.97875e-007 9.18821e-009 1.12585e-010 
3.96302e-017 1.89257e-012 4.61708e-009 2.21681e-006 0.000107764 0.00176805 0.000552076 0.000119648 9.82543e-006 2.97405e-007 3.34209e-009 
5.66156e-012 3.75424e-009 1.0994e-006 0.000124245 0.00268739 0.0215393 0.00694971 0.00145807 0.000119646 3.61353e-006 4.0174e-008 
1.96217e-008 2.75452e-006 0.000159648 0.00362643 0.0332559 0.0944618 0.0381028 0.00692776 0.000546224 1.62682e-005 1.79522e-007 
0 0 0 0 0 0 0 0 0 0 0 
0 0 0 0 0 0 0 0 0 0 0 
0 0 0 0 0 0 0 0 0 0 0 
0 0 0 0 0 0 0 0 0 0 0 
0 0 0 0 0 0 0 0 0 0 0 
0 0 0 0 0 0 0 0 0 0 0 
0.21262
0,1
4.31466e-270 4.01723e-032 1.83138e-019 2.42249e-012 3.66046e-008 5.93115e-007 1.88337e-007 4.00958e-008 3.24683e-009 8.63832e-011 0 
2.05693e-028 4.16621e-019 7.27054e-012 2.56318e-008 4.16975e-006 5.33905e-005 1.711e-005 3.61239e-006 2.95993e-007 8.79997e-009 8.63832e-011 
8.32885e-017 3.75568e-012 7.11999e-009 3.07026e-006 0.000192607 0.00176805 0.0005778 0.000119644 9.81859e-006 2.95993e-007 3.24683e-009 
8.1058e-012 5.40818e-009 1.56794e-006 0.000155975 0.00406747 0.0215393 0.00746622 0.00145927 0.000119644 3.61239e-006 4.00957e-008 
2.32154e-008 3.27217e-006 0.000189343 0.00423701 0.0396211 0.0944618 0.0422421 0.00718601 0.000554799 1.64154e-005 1.80621e-007 
0 0 0 0 0 0 0 0 0 0 0 
0 0 0 0 0 0 0 0 0 0 0 
0 0 0 0 0 0 0 0 0 0 0 
0 0 0 0 0 0 0 0 0 0 0 
0 0 0 0 0 0 0 0 0 0 0 
0 0 0 0 0 0 0 0 0 0 0 
0.226076
0,2
4.04037e-270 1.05224e-030 1.82277e-018 1.10404e-011 7.03596e-008 5.93115e-007 1.99267e-007 4.0146e-008 3.31487e-009 1.08218e-010 2.21033e-012 
9.04859e-028 2.3403e-018 1.91558e-011 3.63765e-008 7.47927e-006 5.33905e-005 1.82312e-005 3.61317e-006 2.968e-007 9.0588e-009 1.12585e-010 
1.73694e-016 7.10695e-012 1.14359e-008 4.06441e-006 0.000316589 0.00176805 0.000623427 0.000119668 9.82152e-006 2.96934e-007 3.34209e-009 
1.15493e-011 7.72489e-009 2.23308e-006 0.000192595 0.00580443 0.0215393 0.00824218 0.00146247 0.000119654 3.6132e-006 4.01743e-008 
2.72091e-008 3.85132e-006 0.000222368 0.00492526 0.0452601 0.0944618 0.0463302 0.00751237 0.000565238 1.65875e-005 1.81882e-007 
0 0 0 0 0 0 0 0 0 0 0 
0 0 0 0 0 0 0 0 0 0 0 
0 0 0 0 0 0 0 0 0 0 0 
0 0 0 0 0 0 0 0 0 0 0 
0 0 0 0 0 0 0 0 0 0 0 
0 0 0 0 0 0 0 0 0 0 0 
0.23959
0,3
4.31466e-270 2.30286e-029 1.51741e-017 4.22292e-011 1.1617e-007 5.93115e-007 2.16805e-007 4.01388e-008 3.28571e-009 9.36614e-011 0 
3.96371e-027 1.21336e-017 4.62089e-011 5.08628e-008 1.1808e-005 5.33905e-005 1.99651e-005 3.61384e-006 2.96454e-007 8.88624e-009 8.63832e-011 
3.59186e-016 1.28138e-011 1.89404e-008 5.28583e-006 0.000468487 0.00176805 0.000689332 0.000119743 9.82026e-006 2.96307e-007 3.24683e-009 
1.63796e-011 1.09418e-008 3.15413e-006 0.000238995 0.0076607 0.0215393 0.0092065 0.00146994 0.000119668 3.61274e-006 4.00961e-008 
3.1634e-008 4.49602e-006 0.000258768 0.00569261 0.0497234 0.0944618 0.0499071 0.00791012 0.000577815 1.67875e-005 1.83297e-007 
0 0 0 0 0 0 0 0 0 0 0 
0 0 0 0 0 0 0 0 0 0 0 
0 0 0 0 0 0 0 0 0 0 0 
0 0 0 0 0 0 0 0 0 0 0 
0 0 0 0 0 0 0 0 0 0 0 
0 0 0 0 0 0 0 0 0 0 0 
0.251946
0,4
4.04037e-270 4.2959e-028 1.07799e-016 1.38395e-010 1.69138e-007 5.93115e-007 2.40306e-007 4.01601e-008 3.29821e-009 1.03366e-010 2.21033e-012 
1.72845e-026 5.81195e-017 1.02389e-010 7.38642e-008 1.66342e-005 5.33905e-005 2.2204e-005 3.61662e-006 2.96602e-007 9.00128e-009 1.12585e-010 
7.35942e-016 2.20235e-011 3.15945e-008 7.01908e-006 0.000627487 0.00176805 0.000769006 0.00011997 9.82081e-006 2.96725e-007 3.34209e-009 
2.31253e-011 1.53779e-008 4.39003e-006 0.000303883 0.00937406 0.0215393 0.0102226 0.00148553 0.000119699 3.61318e-006 4.01748e-008 
3.65215e-008 5.20989e-006 0.000298532 0.00653031 0.0528989 0.0944618 0.052701 0.0083762 0.000592798 1.70191e-005 1.84909e-007 
0 0 0 0 0 0 0 0 0 0 0 
0 0 0 0 0 0 0 0 0 0 0 
0 0 0 0 0 0 0 0 0 0 0 
0 0 0 0 0 0 0 0 0 0 0 
0 0 0 0 0 0 0 0 0 0 0 
0 0 0 0 0 0 0 0 0 0 0 
0.262334
0,5
4.31466e-270 6.93458e-027 6.63548e-016 3.94836e-010 2.22106e-007 5.93115e-007 2.67122e-007 4.02149e-008 3.29285e-009 9.68962e-011 0 
7.50081e-026 2.57392e-016 2.0906e-010 1.16512e-007 2.12898e-005 5.33905e-005 2.46665e-005 3.62454e-006 2.96539e-007 8.92459e-009 8.63832e-011 
1.49265e-015 3.61762e-011 5.18103e-008 9.85943e-006 0.000771778 0.00176805 0.000851231 0.000120552 9.8206e-006 2.96446e-007 3.24683e-009 
3.25041e-011 2.14658e-008 5.99441e-006 0.000398996 0.010758 0.0215393 0.0111466 0.00151474 0.00011976 3.61312e-006 4.00968e-008 
4.19025e-008 5.99599e-006 0.000341594 0.00741736 0.0549403 0.0944618 0.0546613 0.0088997 0.000610431 1.72859e-005 1.86711e-007 
0 0 0 0 0 0 0 0 0 0 0 
0 0 0 0 0 0 0 0 0 0 0 
0 0 0 0 0 0 0 0 0 0 0 
0 0 0 0 0 0 0 0 0 0 0 
0 0 0 0 0 0 0 0 0 0 0 
0 0 0 0 0 0 0 0 0 0 0 
0.270479
1,-4
4.31466e-270 7.00056e-042 8.15668e-027 8.34366e-018 1.5669e-011 5.93115e-007 0 0 0 0 0 
3.34963e-033 2.24648e-024 5.32068e-015 1.04207e-009 2.70047e-007 5.33905e-005 1.29932e-005 2.89917e-006 2.37978e-007 7.18632e-009 7.98328e-011 
1.94823e-019 1.68299e-014 5.16033e-010 2.31267e-007 2.55782e-005 0.00176805 0.0005181 0.000115604 9.48933e-006 2.86553e-007 3.18332e-009 
2.82619e-013 2.78603e-010 1.53165e-007 2.20856e-005 0.00091865 0.0215393 0.0065066 0.00145182 0.000119173 3.5987e-006 3.99779e-008 
3.77476e-009 5.88103e-007 4.10641e-005 0.00129109 0.013028 0.0958872 0.029091 0.00649109 0.000532821 1.60898e-005 1.78741e-007 
0 0 0 0 0 0 0 0 0 0 0 
0 0 0 0 0 0 0 0 0 0 0 
0 0 0 0 0 0 0 0 0 0 0 
0 0 0 0 0 0 0 0 0 0 0 
0 0 0 0 0 0 0 0 0 0 0 
0 0 0 0 0 0 0 0 0 0 0 
0.179448
1,-3
4.04037e-270 1.2671e-039 5.58733e-025 2.58653e-016 1.91945e-010 5.93115e-007 1.99866e-007 5.01684e-008 4.70637e-009 1.65807e-010 2.21033e-012 
1.54352e-032 2.11958e-023 2.43557e-014 2.31144e-009 3.25499e-007 5.33905e-005 1.65479e-005 3.79122e-006 3.21663e-007 1.01346e-008 1.19135e-010 
4.36559e-019 4.3324e-014 8.62121e-010 4.08121e-007 2.93798e-005 0.00176805 0.000538252 0.000120649 9.96263e-006 3.03227e-007 3.4056e-009 
4.24299e-013 4.21591e-010 2.19628e-007 3.35835e-005 0.00101703 0.0215393 0.00653702 0.00145894 0.00011984 3.62222e-006 4.02915e-008 
4.78468e-009 7.44381e-007 5.16196e-005 0.00159442 0.0148531 0.0958872 0.0295582 0.00652067 0.000534249 1.61214e-005 1.7903e-007 
0 0 0 0 0 0 0 0 0 0 0 
0 0 0 0 0 0 0 0 0 0 0 
0 0 0 0 0 0 0 0 0 0 0 
0 0 0 0 0 0 0 0 0 0 0 
0 0 0 0 0 0 0 0 0 0 0 
0 0 0 0 0 0 0 0 0 0 0 
0.182268
1,-2
4.31466e-270 1.12156e-037 1.87277e-023 3.92986e-015 1.16146e-009 5.93115e-007 1.77756e-007 3.76263e-008 2.68935e-009 5.52689e-011 0 
7.09635e-032 1.82265e-022 9.96885e-014 4.61634e-009 4.55357e-007 5.33905e-005 1.6164e-005 3.56821e-006 2.85798e-007 8.16907e-009 7.98328e-011 
9.74193e-019 1.07437e-013 1.36444e-009 7.00828e-007 3.60897e-005 0.00176805 0.000536565 0.000119388 9.75979e-006 2.92111e-007 3.18332e-009 
6.3315e-013 6.349e-010 3.10245e-007 4.97106e-005 0.00117798 0.0215393 0.00655074 0.00145716 0.000119554 3.60654e-006 3.99779e-008 
5.94678e-009 9.27674e-007 6.41257e-005 0.00193612 0.0177903 0.0958872 0.030587 0.00656386 0.000535923 1.61523e-005 1.7925e-007 
0 0 0 0 0 0 0 0 0 0 0 
0 0 0 0 0 0 0 0 0 0 0 
0 0 0 0 0 0 0 0 0 0 0 
0 0 0 0 0 0 0 0 0 0 0 
0 0 0 0 0 0 0 0 0 0 0 
0 0 0 0 0 0 0 0 0 0 0 
0.186826
1,-1
4.04037e-270 6.46979e-036 4.09361e-022 3.90103e-014 4.63558e-009 5.93115e-007 1.80752e-007 4.07618e-008 3.55379e-009 1.28961e-010 2.21033e-012 
3.25468e-031 1.43292e-021 3.67177e-013 8.37138e-009 8.36651e-007 5.33905e-005 1.62658e-005 3.62396e-006 3.01169e-007 9.4794e-009 1.19135e-010 
2.16428e-018 2.55898e-013 2.07309e-009 1.14097e-006 5.3072e-005 0.00176805 0.000539523 0.000119703 9.84672e-006 2.99522e-007 3.4056e-009 
9.39768e-013 9.51774e-010 4.35199e-007 7.05972e-005 0.00153149 0.0215393 0.00662069 0.00145764 0.000119677 3.61699e-006 4.02915e-008 
7.28126e-009 1.14182e-006 7.88542e-005 0.00231615 0.0221258 0.0958872 0.0324539 0.00662932 0.000538199 1.61951e-005 1.79625e-007 
0 0 0 0 0 0 0 0 0 0 0 
0 0 0 0 0 0 0 0 0 0 0 
0 0 0 0 0 0 0 0 0 0 0 
0 0 0 0 0 0 0 0 0 0 0 
0 0 0 0 0 0 0 0 0 0 0 
0 0 0 0 0 0 0 0 0 0 0 
0.193957
1,0
4.31466e-270 2.7349e-034 6.56184e-021 2.84573e-013 1.37551e-008 5.93115e-007 1.82349e-007 3.9978e-008 3.18332e-009 7.98328e-011 0 
1.48892e-030 1.03265e-020 1.22356e-012 1.3905e-008 1.77832e-006 5.33905e-005 1.64601e-005 3.61003e-006 2.94581e-007 8.60584e-009 7.98328e-011 
4.78514e-018 5.83705e-013 3.08541e-009 1.74333e-006 9.1912e-005 0.00176805 0.000548288 0.000119625 9.80946e-006 2.94581e-007 3.18332e-009 
1.38802e-012 1.41961e-009 6.11353e-007 9.57156e-005 0.00223177 0.0215393 0.00681258 0.00145764 0.000119625 3.61003e-006 3.9978e-008 
8.81036e-009 1.39101e-006 9.60852e-005 0.00273771 0.027746 0.0958872 0.035289 0.00672527 0.000541121 1.62437e-005 1.79944e-007 
0 0 0 0 0 0 0 0 0 0 0 
0 0 0 0 0 0 0 0 0 0 0 
0 0 0 0 0 0 0 0 0 0 0 
0 0 0 0 0 0 0 0 0 0 0 
0 0 0 0 0 0 0 0 0 0 0 
0 0 0 0 0 0 0 0 0 0 0 
0.203917
1,1
4.04037e-270 9.03177e-033 8.22374e-020 1.62698e-012 3.24502e-008 5.93115e-007 1.87238e-007 4.01741e-008 3.34209e-009 1.12585e-010 2.21033e-012 
6.79289e-030 6.83686e-020 3.70585e-012 2.139e-008 3.64084e-006 5.33905e-005 1.69628e-005 3.61354e-006 2.97405e-007 9.18821e-009 1.19135e-010 
1.05248e-017 1.27154e-012 4.61708e-009 2.5013e-006 0.000164326 0.00176805 0.000569225 0.000119647 9.82543e-006 2.97875e-007 3.4056e-009 
2.04044e-012 2.10437e-009 8.6527e-007 0.000124247 0.00337743 0.0215393 0.00720797 0.00145807 0.000119648 3.61468e-006 4.02915e-008 
1.05585e-008 1.67976e-006 0.000116093 0.00320875 0.0341204 0.0958872 0.0389673 0.00686241 0.000544908 1.63049e-005 1.80436e-007 
0 0 0 0 0 0 0 0 0 0 0 
0 0 0 0 0 0 0 0 0 0 0 
0 0 0 0 0 0 0 0 0 0 0 
0 0 0 0 0 0 0 0 0 0 0 
0 0 0 0 0 0 0 0 0 0 0 
0 0 0 0 0 0 0 0 0 0 0 
0.216269
1,2
4.31466e-270 2.42586e-031 8.38993e-019 7.59326e-012 6.36086e-008 5.93115e-007 1.97081e-007 4.01259e-008 3.27404e-009 9.07502e-011 0 
3.09019e-029 4.16621e-019 1.02419e-011 3.10041e-008 6.65189e-006 5.33905e-005 1.79509e-005 3.61278e-006 2.96195e-007 8.79997e-009 7.98328e-011 
2.30184e-017 2.63859e-012 7.11999e-009 3.40165e-006 0.000275261 0.00176805 0.000608218 0.000119652 9.81859e-006 2.95679e-007 3.18332e-009 
2.98577e-012 3.09555e-009 1.2355e-006 0.000155977 0.00493596 0.0215393 0.00785421 0.00145928 0.000119639 3.61158e-006 3.9978e-008 
1.25525e-008 2.01286e-006 0.000139128 0.00374167 0.0404857 0.0958872 0.0431066 0.00705255 0.000549755 1.63773e-005 1.80889e-007 
0 0 0 0 0 0 0 0 0 0 0 
0 0 0 0 0 0 0 0 0 0 0 
0 0 0 0 0 0 0 0 0 0 0 
0 0 0 0 0 0 0 0 0 0 0 
0 0 0 0 0 0 0 0 0 0 0 
0 0 0 0 0 0 0 0 0 0 0 
0.229918
1,3
4.04037e-270 5.4475e-030 7.1633e-018 2.97537e-011 1.07008e-007 5.93115e-007 2.13297e-007 4.01417e-008 3.30321e-009 1.05307e-010 2.21033e-012 
1.40146e-028 2.3403e-018 2.59191e-011 4.36196e-008 1.07258e-005 5.33905e-005 1.95316e-005 3.61351e-006 2.96713e-007 9.0588e-009 1.19135e-010 
5.00325e-017 5.20465e-012 1.14359e-008 4.47155e-006 0.000417854 0.00176805 0.000667364 0.000119693 9.82152e-006 2.97143e-007 3.4056e-009 
4.34917e-012 4.51204e-009 1.77269e-006 0.000192597 0.00673258 0.0215393 0.00872435 0.00146247 0.000119647 3.61366e-006 4.02916e-008 
1.48212e-008 2.39538e-006 0.000165402 0.0043508 0.0461246 0.0958872 0.0471947 0.00730752 0.000555918 1.64655e-005 1.81534e-007 
0 0 0 0 0 0 0 0 0 0 0 
0 0 0 0 0 0 0 0 0 0 0 
0 0 0 0 0 0 0 0 0 0 0 
0 0 0 0 0 0 0 0 0 0 0 
0 0 0 0 0 0 0 0 0 0 0 
0 0 0 0 0 0 0 0 0 0 0 
0.243458
1,4
4.31466e-270 1.04341e-028 5.2224e-017 9.99284e-011 1.58544e-007 5.93115e-007 2.35606e-007 4.01516e-008 3.29071e-009 9.56023e-011 0 
6.33505e-028 1.21336e-017 6.0254e-011 6.23635e-008 1.54277e-005 5.33905e-005 2.16442e-005 3.61523e-006 2.96491e-007 8.88624e-009 7.98328e-011 
1.08016e-016 9.74395e-012 1.89404e-008 5.86358e-006 0.000574487 0.00176805 0.000742448 0.000119819 9.82026e-006 2.96167e-007 3.18332e-009 
6.30629e-012 6.50981e-009 2.53632e-006 0.000238996 0.00851739 0.0215393 0.00971454 0.00146994 0.000119652 3.6123e-006 3.99781e-008 
1.73958e-008 2.83255e-006 0.000195073 0.00504782 0.0505879 0.0958872 0.0507716 0.00763695 0.000563682 1.65707e-005 1.82163e-007 
0 0 0 0 0 0 0 0 0 0 0 
0 0 0 0 0 0 0 0 0 0 0 
0 0 0 0 0 0 0 0 0 0 0 
0 0 0 0 0 0 0 0 0 0 0 
0 0 0 0 0 0 0 0 0 0 0 
0 0 0 0 0 0 0 0 0 0 0 
0.255632
1,5
4.04037e-270 1.73059e-027 3.30098e-016 2.92259e-010 2.11513e-007 5.93115e-007 2.61759e-007 4.0193e-008 3.29606e-009 1.02072e-010 2.21033e-012 
2.85362e-027 5.81195e-017 1.29057e-010 9.51882e-008 2.01259e-005 5.33905e-005 2.40508e-005 3.62058e-006 2.96586e-007 9.00128e-009 1.19135e-010 
2.31468e-016 1.7306e-011 3.15945e-008 7.96586e-006 0.000723681 0.00176805 0.000823823 0.000120164 9.82081e-006 2.96818e-007 3.4056e-009 
9.10241e-012 9.29407e-009 3.58798e-006 0.000303885 0.010066 0.0215393 0.0106846 0.00148553 0.000119668 3.61325e-006 4.02917e-008 
2.03096e-008 3.32975e-006 0.000228243 0.00583616 0.0537634 0.0958872 0.0535655 0.0080456 0.000573368 1.6697e-005 1.8301e-007 
0 0 0 0 0 0 0 0 0 0 0 
0 0 0 0 0 0 0 0 0 0 0 
0 0 0 0 0 0 0 0 0 0 0 
0 0 0 0 0 0 0 0 0 0 0 
0 0 0 0 0 0 0 0 0 0 0 
0 0 0 0 0 0 0 0 0 0 0 
0.265683
2,-4
4.04037e-270 1.40011e-042 3.26267e-027 5.00619e-018 1.25352e-011 5.93115e-007 3.59743e-007 8.02694e-008 6.58892e-009 1.98968e-010 2.21033e-012 
6.92701e-035 2.16199e-025 2.10366e-015 7.30605e-010 2.58048e-007 5.33905e-005 2.0989e-005 4.68327e-006 3.84427e-007 1.16087e-008 1.28961e-010 
1.44754e-020 2.81275e-015 2.90193e-010 1.66008e-007 2.42675e-005 0.00176805 0.000578396 0.000129058 1.05937e-005 3.19902e-007 3.55379e-009 
4.91789e-014 8.80574e-011 8.0376e-008 1.44921e-005 0.000865507 0.0215393 0.00663418 0.00148029 0.000121509 3.66926e-006 4.07618e-008 
1.24273e-009 2.23405e-007 1.99943e-005 0.000830799 0.0121189 0.096383 0.029274 0.0065319 0.000536171 1.6191e-005 1.79865e-007 
0 0 0 0 0 0 0 0 0 0 0 
0 0 0 0 0 0 0 0 0 0 0 
0 0 0 0 0 0 0 0 0 0 0 
0 0 0 0 0 0 0 0 0 0 0 
0 0 0 0 0 0 0 0 0 0 0 
0 0 0 0 0 0 0 0 0 0 0 
0.178962
2,-3
4.31466e-270 2.59021e-040 2.28387e-025 1.58529e-016 1.5669e-010 5.93115e-007 1.59893e-007 3.0101e-008 1.88255e-009 3.31613e-011 0 
3.28246e-034 2.24648e-024 1.00794e-014 1.67676e-009 3.11636e-007 5.33905e-005 1.56592e-005 3.3452e-006 2.589e-007 7.18632e-009 7.00073e-011 
3.36791e-020 7.99854e-015 5.16033e-010 2.90218e-007 2.81126e-005 0.00176805 0.000531535 0.000117285 9.48933e-006 2.80995e-007 3.03513e-009 
7.60028e-014 1.36146e-010 1.19951e-007 2.20858e-005 0.000967841 0.0215393 0.00652181 0.00145182 0.000118839 3.57518e-006 3.95076e-008 
1.58268e-009 2.85583e-007 2.54606e-005 0.00105486 0.0133287 0.096383 0.0293917 0.0065286 0.000535473 1.61612e-005 1.79434e-007 
0 0 0 0 0 0 0 0 0 0 0 
0 0 0 0 0 0 0 0 0 0 0 
0 0 0 0 0 0 0 0 0 0 0 
0 0 0 0 0 0 0 0 0 0 0 
0 0 0 0 0 0 0 0 0 0 0 
0 0 0 0 0 0 0 0 0 0 0 
0.180419
2,-2
4.04037e-270 2.34449e-038 7.82634e-024 2.46138e-015 9.67561e-010 5.93115e-007 1.82178e-007 4.26431e-008 3.89956e-009 1.43699e-010 2.21033e-012 
1.55313e-033 2.11958e-023 4.31889e-014 3.46389e-009 4.22892e-007 5.33905e-005 1.626e-005 3.67972e-006 3.12697e-007 1.01346e-008 1.28961e-010 
7.8149e-020 2.19528e-014 8.62121e-010 5.0569e-007 3.3853e-005 0.00176805 0.000537127 0.000120228 9.96263e-006 3.06933e-007 3.55379e-009 
1.16925e-013 2.08815e-010 1.74338e-007 3.35838e-005 0.00109751 0.0215393 0.00654388 0.00145894 0.000119983 3.6379e-006 4.07618e-008 
1.98384e-009 3.60816e-007 3.2115e-005 0.0013198 0.0151538 0.096383 0.0298589 0.00654458 0.000536408 1.61951e-005 1.80001e-007 
0 0 0 0 0 0 0 0 0 0 0 
0 0 0 0 0 0 0 0 0 0 0 
0 0 0 0 0 0 0 0 0 0 0 
0 0 0 0 0 0 0 0 0 0 0 
0 0 0 0 0 0 0 0 0 0 0 
0 0 0 0 0 0 0 0 0 0 0 
0.183187
2,-1
4.31466e-270 1.38368e-036 1.74981e-022 2.49781e-014 3.94075e-009 5.93115e-007 1.80153e-007 3.95076e-008 3.03513e-009 7.00073e-011 0 
7.3373e-033 1.82265e-022 1.66561e-013 6.49386e-009 7.41328e-007 5.33905e-005 1.62403e-005 3.59609e-006 2.89641e-007 8.16907e-009 7.00073e-011 
1.80814e-019 5.79506e-014 1.36444e-009 8.47543e-007 4.74112e-005 0.00176805 0.000538537 0.000119493 9.75979e-006 2.89641e-007 3.03513e-009 
1.79126e-013 3.18557e-010 2.47785e-007 4.97108e-005 0.00135474 0.0215393 0.00658571 0.00145716 0.000119493 3.59609e-006 3.95076e-008 
2.45648e-009 4.51542e-007 4.01763e-005 0.0016232 0.018091 0.096383 0.0308877 0.00656549 0.000536878 1.61902e-005 1.79596e-007 
0 0 0 0 0 0 0 0 0 0 0 
0 0 0 0 0 0 0 0 0 0 0 
0 0 0 0 0 0 0 0 0 0 0 
0 0 0 0 0 0 0 0 0 0 0 
0 0 0 0 0 0 0 0 0 0 0 
0 0 0 0 0 0 0 0 0 0 0 
0.187814
2,0
4.04037e-270 5.98739e-035 2.87035e-021 1.86348e-013 1.19312e-008 5.93115e-007 1.82029e-007 4.02915e-008 3.4056e-009 1.19135e-010 2.21033e-012 
3.46056e-032 1.43292e-021 5.81274e-013 1.11382e-008 1.5429e-006 5.33905e-005 1.64115e-005 3.617e-006 2.99522e-007 9.4794e-009 1.28961e-010 
4.17052e-019 1.46629e-013 2.07309e-009 1.34176e-006 7.89653e-005 0.00176805 0.000545367 0.000119677 9.84672e-006 3.01169e-007 3.55379e-009 
2.73299e-013 4.84469e-010 3.4714e-007 7.05975e-005 0.00188163 0.0215393 0.00671663 0.00145764 0.000119703 3.62396e-006 4.07618e-008 
3.01242e-009 5.60568e-007 4.98998e-005 0.00196168 0.0224266 0.096383 0.0327546 0.00660047 0.000537864 1.62156e-005 1.80195e-007 
0 0 0 0 0 0 0 0 0 0 0 
0 0 0 0 0 0 0 0 0 0 0 
0 0 0 0 0 0 0 0 0 0 0 
0 0 0 0 0 0 0 0 0 0 0 
0 0 0 0 0 0 0 0 0 0 0 
0 0 0 0 0 0 0 0 0 0 0 
0.19512
2,1
4.31466e-270 2.02515e-033 3.6832e-020 1.09002e-012 2.87112e-008 5.93115e-007 1.8626e-007 4.00956e-008 3.24683e-009 8.63832e-011 0 
1.62927e-031 1.03265e-020 1.84413e-012 1.76475e-008 3.17521e-006 5.33905e-005 1.68371e-005 3.61178e-006 2.95287e-007 8.60584e-009 7.00073e-011 
9.58703e-019 3.54428e-013 3.08541e-009 1.99599e-006 0.000140188 0.00176805 0.000562246 0.000119632 9.80946e-006 2.93484e-007 3.03513e-009 
4.15276e-013 7.35384e-010 4.84412e-007 9.57158e-005 0.0028046 0.0215393 0.00701028 0.00145764 0.000119613 3.60538e-006 3.95076e-008 
3.6652e-009 6.91099e-007 6.15774e-005 0.00233376 0.0280467 0.096383 0.0355897 0.00665523 0.000539054 1.62264e-005 1.79827e-007 
0 0 0 0 0 0 0 0 0 0 0 
0 0 0 0 0 0 0 0 0 0 0 
0 0 0 0 0 0 0 0 0 0 0 
0 0 0 0 0 0 0 0 0 0 0 
0 0 0 0 0 0 0 0 0 0 0 
0 0 0 0 0 0 0 0 0 0 0 
0.205338
2,2
4.04037e-270 5.57426e-032 3.84939e-019 5.20675e-012 5.73769e-008 5.93115e-007 1.95112e-007 4.01452e-008 3.31487e-009 1.08218e-010 2.21033e-012 
7.65648e-031 6.83686e-020 5.33985e-012 2.61971e-008 5.89913e-006 5.33905e-005 1.77039e-005 3.61316e-006 2.97102e-007 9.18821e-009 1.28961e-010 
2.19577e-018 8.15853e-013 4.61708e-009 2.80141e-006 0.000238283 0.00176805 0.000595221 0.000119648 9.82543e-006 2.98607e-007 3.55379e-009 
6.28353e-013 1.11371e-009 6.80173e-007 0.000124247 0.0041567 0.0215393 0.00753109 0.00145807 0.000119652 3.61777e-006 4.07618e-008 
4.43033e-009 8.46763e-007 7.55295e-005 0.00274293 0.0344211 0.096383 0.039268 0.00673935 0.000540723 1.6254e-005 1.80471e-007 
0 0 0 0 0 0 0 0 0 0 0 
0 0 0 0 0 0 0 0 0 0 0 
0 0 0 0 0 0 0 0 0 0 0 
0 0 0 0 0 0 0 0 0 0 0 
0 0 0 0 0 0 0 0 0 0 0 
0 0 0 0 0 0 0 0 0 0 0 
0.217937
2,3
4.31466e-270 1.28357e-030 3.36872e-018 2.08895e-011 9.8328e-008 5.93115e-007 2.10054e-007 4.01354e-008 3.28571e-009 9.36614e-011 0 
3.5909e-030 4.16621e-019 1.41612e-011 3.73119e-008 9.70732e-006 5.33905e-005 1.91364e-005 3.61315e-006 2.96324e-007 8.79997e-009 7.00073e-011 
5.00902e-018 1.78323e-012 7.11999e-009 3.75828e-006 0.000370323 0.00176805 0.000647648 0.000119666 9.81859e-006 2.95191e-007 3.03513e-009 
9.46584e-013 1.6796e-009 9.66922e-007 0.000155977 0.00583427 0.0215393 0.00828928 0.00145928 0.000119636 3.60951e-006 3.95076e-008 
5.32541e-009 1.03162e-006 9.20875e-005 0.00319964 0.0407864 0.096383 0.0434073 0.00686468 0.000542936 1.62789e-005 1.80157e-007 
0 0 0 0 0 0 0 0 0 0 0 
0 0 0 0 0 0 0 0 0 0 0 
0 0 0 0 0 0 0 0 0 0 0 
0 0 0 0 0 0 0 0 0 0 0 
0 0 0 0 0 0 0 0 0 0 0 
0 0 0 0 0 0 0 0 0 0 0 
0.231703
2,4
4.04037e-270 2.52262e-029 2.51876e-017 7.18585e-011 1.48237e-007 5.93115e-007 2.31144e-007 4.01476e-008 3.29821e-009 1.03366e-010 2.21033e-012 
1.68058e-029 2.3403e-018 3.45028e-011 5.29916e-008 1.42522e-005 5.33905e-005 2.11161e-005 3.61437e-006 2.96658e-007 9.0588e-009 1.28961e-010 
1.13767e-017 3.69155e-012 1.14359e-008 4.93556e-006 0.000522276 0.00176805 0.00071742 0.000119735 9.82152e-006 2.97468e-007 3.55379e-009 
1.4194e-012 2.5148e-009 1.39089e-006 0.000192597 0.00762498 0.0215393 0.00921945 0.00146247 0.000119644 3.61502e-006 4.07618e-008 
6.37042e-009 1.25015e-006 0.000111568 0.00372088 0.0464253 0.096383 0.0474954 0.00704519 0.000545899 1.63162e-005 1.80863e-007 
0 0 0 0 0 0 0 0 0 0 0 
0 0 0 0 0 0 0 0 0 0 0 
0 0 0 0 0 0 0 0 0 0 0 
0 0 0 0 0 0 0 0 0 0 0 
0 0 0 0 0 0 0 0 0 0 0 
0 0 0 0 0 0 0 0 0 0 0 
0.245145
2,5
4.31466e-270 4.2959e-028 1.63374e-016 2.15327e-010 2.00919e-007 5.93115e-007 2.56528e-007 4.01764e-008 3.29285e-009 9.68962e-011 0 
7.84754e-029 1.21336e-017 7.74547e-011 7.87759e-008 1.89513e-005 5.33905e-005 2.34492e-005 3.6179e-006 2.96515e-007 8.88624e-009 7.00073e-011 
2.57153e-017 7.22326e-012 1.89404e-008 6.56434e-006 0.000673949 0.00176805 0.000796698 0.000119934 9.82026e-006 2.9595e-007 3.03513e-009 
2.118e-012 3.72607e-009 2.01051e-006 0.000238997 0.00929172 0.0215393 0.0101996 0.00146994 0.000119644 3.61135e-006 3.95076e-008 
7.58788e-009 1.50728e-006 0.000134242 0.00432657 0.0508886 0.096383 0.0510723 0.00729539 0.000549817 1.63583e-005 1.80623e-007 
0 0 0 0 0 0 0 0 0 0 0 
0 0 0 0 0 0 0 0 0 0 0 
0 0 0 0 0 0 0 0 0 0 0 
0 0 0 0 0 0 0 0 0 0 0 
0 0 0 0 0 0 0 0 0 0 0 
0 0 0 0 0 0 0 0 0 0 0 
0.257009
3,-4
4.31466e-270 2.80023e-043 1.30507e-027 3.00372e-018 1.00282e-011 5.93115e-007 0 0 0 0 0 
9.29594e-037 1.88099e-026 8.18122e-016 5.07295e-010 2.45749e-007 5.33905e-005 8.99528e-006 2.00712e-006 1.64754e-007 4.97515e-009 5.52689e-011 
6.93511e-022 3.39707e-016 1.52519e-010 1.21528e-007 2.28832e-005 0.00176805 0.000437705 9.76652e-005 8.01685e-006 2.42088e-007 2.68935e-009 
5.93754e-015 2.47171e-011 3.8505e-008 9.77354e-006 0.000805359 0.0215393 0.00612386 0.00136642 0.000112162 3.38701e-006 3.76263e-008 
2.7615e-010 6.09795e-008 8.00591e-006 0.000481082 0.0111249 0.0965095 0.0289073 0.00645009 0.000529455 1.59882e-005 1.77612e-007 
0 0 0 0 0 0 0 0 0 0 0 
0 0 0 0 0 0 0 0 0 0 0 
0 0 0 0 0 0 0 0 0 0 0 
0 0 0 0 0 0 0 0 0 0 0 
0 0 0 0 0 0 0 0 0 0 0 
0 0 0 0 0 0 0 0 0 0 0 
0.176387
3,-3
4.04037e-270 5.29243e-041 9.33124e-026 9.71202e-017 1.27859e-010 5.93115e-007 1.99863e-007 5.01684e-008 4.70637e-009 1.65807e-010 2.21033e-012 
4.52646e-036 2.16199e-025 4.09761e-015 1.20368e-009 2.98239e-007 5.33905e-005 1.69916e-005 4.01424e-006 3.53045e-007 1.16087e-008 1.43699e-010 
1.67351e-021 1.08415e-015 2.90193e-010 2.07411e-007 2.68309e-005 0.00176805 0.000547155 0.000125134 1.05937e-005 3.32871e-007 3.89956e-009 
9.50829e-015 4.00197e-011 6.05904e-008 1.44921e-005 0.000916674 0.0215393 0.006578 0.00148029 0.000122845 3.76335e-006 4.26431e-008 
3.54631e-010 7.93357e-008 1.04678e-005 0.000623867 0.0121957 0.0965095 0.0293507 0.00655233 0.000538974 1.63226e-005 1.82064e-007 
0 0 0 0 0 0 0 0 0 0 0 
0 0 0 0 0 0 0 0 0 0 0 
0 0 0 0 0 0 0 0 0 0 0 
0 0 0 0 0 0 0 0 0 0 0 
0 0 0 0 0 0 0 0 0 0 0 
0 0 0 0 0 0 0 0 0 0 0 
0.179008
3,-2
4.31466e-270 4.89619e-039 3.26757e-024 1.54024e-015 8.05387e-010 5.93115e-007 1.77721e-007 3.76263e-008 2.68935e-009 5.52689e-011 0 
2.20247e-035 2.24648e-024 1.83568e-014 2.57032e-009 3.95078e-007 5.33905e-005 1.61098e-005 3.51246e-006 2.72349e-007 7.18632e-009 5.52689e-011 
4.0331e-021 3.34712e-015 5.16033e-010 3.62042e-007 3.19396e-005 0.00176805 0.000535263 0.000118266 9.48933e-006 2.72349e-007 2.68935e-009 
1.5185e-014 6.35282e-011 9.27586e-008 2.20859e-005 0.00103267 0.0215393 0.00653285 0.00145182 0.000118266 3.51246e-006 3.76263e-008 
4.49779e-010 1.02346e-007 1.3558e-005 0.000807052 0.0134055 0.0965095 0.0294685 0.00652976 0.00053501 1.61021e-005 1.77636e-007 
0 0 0 0 0 0 0 0 0 0 0 
0 0 0 0 0 0 0 0 0 0 0 
0 0 0 0 0 0 0 0 0 0 0 
0 0 0 0 0 0 0 0 0 0 0 
0 0 0 0 0 0 0 0 0 0 0 
0 0 0 0 0 0 0 0 0 0 0 
0.180524
3,-1
4.04037e-270 2.95492e-037 7.46883e-023 1.59714e-014 3.34611e-009 5.93115e-007 1.80558e-007 4.07618e-008 3.55379e-009 1.28961e-010 2.21033e-012 
1.07086e-034 2.11958e-023 7.40318e-014 4.97888e-009 6.61719e-007 5.33905e-005 1.62452e-005 3.6379e-006 3.06933e-007 1.01346e-008 1.43699e-010 
9.70597e-021 9.95356e-015 8.62121e-010 6.19641e-007 4.28918e-005 0.00176805 0.000538067 0.000119983 9.96263e-006 3.12697e-007 3.89956e-009 
2.41884e-014 9.91232e-011 1.37616e-007 3.35838e-005 0.00122612 0.0215393 0.0065648 0.00145894 0.000120228 3.67972e-006 4.26431e-008 
5.65021e-010 1.31102e-007 1.73986e-005 0.00103354 0.0152306 0.0965095 0.0299357 0.00654079 0.000536874 1.62523e-005 1.82093e-007 
0 0 0 0 0 0 0 0 0 0 0 
0 0 0 0 0 0 0 0 0 0 0 
0 0 0 0 0 0 0 0 0 0 0 
0 0 0 0 0 0 0 0 0 0 0 
0 0 0 0 0 0 0 0 0 0 0 
0 0 0 0 0 0 0 0 0 0 0 
0.183323
3,0
4.31466e-270 1.30817e-035 1.25313e-021 1.218e-013 1.03331e-008 5.93115e-007 1.81654e-007 3.99779e-008 3.18332e-009 7.98328e-011 0 
5.2024e-034 1.82265e-022 2.70239e-013 8.81603e-009 1.34251e-006 5.33905e-005 1.63687e-005 3.60654e-006 2.92111e-007 8.16907e-009 5.52689e-011 
2.3323e-020 2.83911e-014 1.36444e-009 1.01228e-006 6.84473e-005 0.00176805 0.00054309 0.000119554 9.75979e-006 2.85798e-007 2.68935e-009 
3.84315e-014 1.52695e-010 1.98109e-007 4.97109e-005 0.00161819 0.0215393 0.00665117 0.00145716 0.000119388 3.56821e-006 3.76263e-008 
7.04458e-010 1.66929e-007 2.21353e-005 0.00130185 0.0181678 0.0965095 0.0309645 0.00654765 0.000536311 1.61563e-005 1.77671e-007 
0 0 0 0 0 0 0 0 0 0 0 
0 0 0 0 0 0 0 0 0 0 0 
0 0 0 0 0 0 0 0 0 0 0 
0 0 0 0 0 0 0 0 0 0 0 
0 0 0 0 0 0 0 0 0 0 0 
0 0 0 0 0 0 0 0 0 0 0 
0.188091
3,1
4.04037e-270 4.52928e-034 1.6455e-020 7.28551e-013 2.53552e-008 5.93115e-007 1.85414e-007 4.0174e-008 3.34209e-009 1.12585e-010 2.21033e-012 
2.52525e-033 1.43292e-021 8.96989e-013 1.43929e-008 2.76714e-006 5.33905e-005 1.67307e-005 3.61439e-006 2.98463e-007 9.4794e-009 1.43699e-010 
5.59526e-020 7.73624e-014 2.07309e-009 1.55984e-006 0.00011978 0.00176805 0.00055662 0.000119662 9.84672e-006 3.03731e-007 3.89956e-009 
6.08986e-014 2.33605e-010 2.78505e-007 7.05975e-005 0.00234312 0.0215393 0.00686346 0.00145764 0.000119748 3.64255e-006 4.26431e-008 
8.72985e-010 2.11437e-007 2.79508e-005 0.00160673 0.0225033 0.0965095 0.0328314 0.00656284 0.00053689 1.62257e-005 1.82136e-007 
0 0 0 0 0 0 0 0 0 0 0 
0 0 0 0 0 0 0 0 0 0 0 
0 0 0 0 0 0 0 0 0 0 0 
0 0 0 0 0 0 0 0 0 0 0 
0 0 0 0 0 0 0 0 0 0 0 
0 0 0 0 0 0 0 0 0 0 0 
0.195647
3,2
4.31466e-270 1.27686e-032 1.76075e-019 3.56006e-012 5.16438e-008 5.93115e-007 1.93342e-007 4.01254e-008 3.27404e-009 9.07502e-011 0 
1.22465e-032 1.03265e-020 2.71806e-012 2.19223e-008 5.21815e-006 5.33905e-005 1.74872e-005 3.61247e-006 2.95741e-007 8.60584e-009 5.52689e-011 
1.33994e-019 2.0062e-013 3.08541e-009 2.26446e-006 0.000205585 0.00176805 0.000584229 0.000119637 9.80946e-006 2.91776e-007 2.68935e-009 
9.62252e-014 3.57105e-010 3.86533e-007 9.57158e-005 0.00348065 0.0215393 0.00727069 0.00145764 0.000119594 3.59299e-006 3.76263e-008 
1.07643e-009 2.66569e-007 3.50795e-005 0.00194172 0.0281235 0.0965095 0.0356665 0.00658823 0.000537122 1.61864e-005 1.77724e-007 
0 0 0 0 0 0 0 0 0 0 0 
0 0 0 0 0 0 0 0 0 0 0 
0 0 0 0 0 0 0 0 0 0 0 
0 0 0 0 0 0 0 0 0 0 0 
0 0 0 0 0 0 0 0 0 0 0 
0 0 0 0 0 0 0 0 0 0 0 
0.206157
3,3
4.04037e-270 3.01308e-031 1.57845e-018 1.46164e-011 9.01378e-008 5.93115e-007 2.07066e-007 4.01393e-008 3.30321e-009 1.05307e-010 2.21033e-012 
5.93339e-032 6.83686e-020 7.54518e-012 3.17545e-008 8.75527e-006 5.33905e-005 1.87783e-005 3.61315e-006 2.96908e-007 9.18821e-009 1.43699e-010 
3.20267e-019 4.93393e-013 4.61708e-009 3.12037e-006 0.00032631 0.00176805 0.000630173 0.000119654 9.82543e-006 2.99746e-007 3.89956e-009 
1.51572e-013 5.47881e-010 5.368e-007 0.000124247 0.00499548 0.0215393 0.00791019 0.00145807 0.00011966 3.62603e-006 4.26431e-008 
1.32173e-009 3.3466e-007 4.38197e-005 0.00230335 0.0344979 0.0965095 0.0393448 0.00663115 0.000537703 1.62215e-005 1.82201e-007 
0 0 0 0 0 0 0 0 0 0 0 
0 0 0 0 0 0 0 0 0 0 0 
0 0 0 0 0 0 0 0 0 0 0 
0 0 0 0 0 0 0 0 0 0 0 
0 0 0 0 0 0 0 0 0 0 0 
0 0 0 0 0 0 0 0 0 0 0 
0.218979
3,4
4.31466e-270 6.07209e-030 1.20963e-017 5.14709e-011 1.38255e-007 5.93115e-007 2.26926e-007 4.01427e-008 3.29071e-009 9.56023e-011 0 
2.87176e-031 4.16621e-019 1.92466e-011 4.51517e-008 1.3116e-005 5.33905e-005 2.06212e-005 3.61376e-006 2.96408e-007 8.79997e-009 5.52689e-011 
7.63872e-019 1.14713e-012 7.11999e-009 4.15071e-006 0.000471625 0.00176805 0.000694163 0.000119689 9.81859e-006 2.94432e-007 2.68935e-009 
2.3793e-013 8.44453e-010 7.54938e-007 0.000155977 0.00672963 0.0215393 0.00875436 0.00145928 0.000119632 3.604e-006 3.76263e-008 
1.61708e-009 4.18477e-007 5.45331e-005 0.00269553 0.0408631 0.0965095 0.0434841 0.0067013 0.000538417 1.62096e-005 1.77802e-007 
0 0 0 0 0 0 0 0 0 0 0 
0 0 0 0 0 0 0 0 0 0 0 
0 0 0 0 0 0 0 0 0 0 0 
0 0 0 0 0 0 0 0 0 0 0 
0 0 0 0 0 0 0 0 0 0 0 
0 0 0 0 0 0 0 0 0 0 0 
0.232786
3,5
4.04037e-270 1.06099e-028 8.04621e-017 1.5794e-010 1.90383e-007 5.93115e-007 2.51451e-007 4.01649e-008 3.29606e-009 1.02072e-010 2.21033e-012 
1.38841e-030 2.3403e-018 4.52408e-011 6.58837e-008 1.77765e-005 5.33905e-005 2.28659e-005 3.61614e-006 2.96622e-007 9.0588e-009 1.43699e-010 
1.81769e-018 2.51432e-012 1.14359e-008 5.47849e-006 0.000623392 0.00176805 0.000770272 0.000119801 9.82152e-006 2.97975e-007 3.89956e-009 
3.72053e-013 1.30358e-009 1.08109e-006 0.000192597 0.00845835 0.0215393 0.00970951 0.00146247 0.000119644 3.61869e-006 4.26431e-008 
1.97231e-009 5.21242e-007 6.76264e-005 0.00313231 0.0465021 0.0965095 0.0475722 0.00681213 0.000539468 1.62324e-005 1.82296e-007 
0 0 0 0 0 0 0 0 0 0 0 
0 0 0 0 0 0 0 0 0 0 0 
0 0 0 0 0 0 0 0 0 0 0 
0 0 0 0 0 0 0 0 0 0 0 
0 0 0 0 0 0 0 0 0 0 0 
0 0 0 0 0 0 0 0 0 0 0 
0.246035
4,-4
4.04037e-270 5.60045e-044 5.22028e-028 1.80223e-018 8.02253e-012 5.93115e-007 3.59743e-007 8.02694e-008 6.58892e-009 1.98968e-010 2.21033e-012 
6.07577e-039 1.4717e-027 3.13259e-016 3.49004e-010 2.33226e-007 5.33905e-005 2.69858e-005 6.02135e-006 4.94263e-007 1.49254e-008 1.65807e-010 
1.60761e-023 2.46448e-017 7.46508e-011 9.1104e-008 2.14415e-005 0.00176805 0.000765984 0.000170914 1.40295e-005 4.23654e-007 4.70637e-009 
3.69609e-016 5.19744e-012 1.67781e-008 6.91111e-006 0.00073915 0.0215393 0.00816515 0.00182189 0.00014955 4.51601e-006 5.01684e-008 
3.13925e-011 9.6577e-009 2.42101e-006 0.000266757 0.00990147 0.0965306 0.0325272 0.0072578 0.000595757 1.79903e-005 1.99854e-007 
0 0 0 0 0 0 0 0 0 0 0 
0 0 0 0 0 0 0 0 0 0 0 
0 0 0 0 0 0 0 0 0 0 0 
0 0 0 0 0 0 0 0 0 0 0 
0 0 0 0 0 0 0 0 0 0 0 
0 0 0 0 0 0 0 0 0 0 0 
0.182356
4,-3
4.31466e-270 1.08089e-041 3.8108e-026 5.94736e-017 1.04293e-010 5.93115e-007 1.5989e-007 3.0101e-008 1.88255e-009 3.31613e-011 0 
3.03789e-038 1.88099e-026 1.63799e-015 8.55488e-010 2.85116e-007 5.33905e-005 1.49926e-005 3.01068e-006 2.11827e-007 4.97515e-009 3.31613e-011 
4.01906e-023 9.15582e-017 1.52519e-010 1.50156e-007 2.5515e-005 0.00176805 0.000510672 0.000106821 8.01685e-006 2.11827e-007 1.88255e-009 
6.16736e-016 9.41765e-012 2.74624e-008 9.77354e-006 0.000861016 0.0215393 0.00635093 0.00136642 0.000106821 3.01068e-006 3.0101e-008 
4.08452e-011 1.29881e-008 3.31659e-006 0.000341151 0.0111377 0.0965306 0.0289201 0.00635069 0.000510653 1.4992e-005 1.59884e-007 
0 0 0 0 0 0 0 0 0 0 0 
0 0 0 0 0 0 0 0 0 0 0 
0 0 0 0 0 0 0 0 0 0 0 
0 0 0 0 0 0 0 0 0 0 0 
0 0 0 0 0 0 0 0 0 0 0 
0 0 0 0 0 0 0 0 0 0 0 
0.176539
4,-2
4.04037e-270 1.02158e-039 1.36301e-024 9.62991e-016 6.69881e-010 5.93115e-007 1.82149e-007 4.26431e-008 3.89956e-009 1.43699e-010 2.21033e-012 
1.51894e-037 2.16199e-025 7.6624e-015 1.887e-009 3.70868e-007 5.33905e-005 1.63302e-005 3.76335e-006 3.32871e-007 1.16087e-008 1.65807e-010 
1.00477e-022 3.29832e-016 2.90193e-010 2.58955e-007 3.02367e-005 0.00176805 0.000539227 0.000122845 1.05937e-005 3.53045e-007 4.70637e-009 
1.02861e-015 1.65143e-011 4.45063e-008 1.44921e-005 0.000974674 0.0215393 0.00655542 0.00148029 0.000125134 4.01424e-006 5.01684e-008 
5.2661e-011 1.73825e-008 4.52161e-006 0.000443538 0.0122085 0.0965306 0.0293635 0.00657776 0.000547136 1.69911e-005 1.99856e-007 
0 0 0 0 0 0 0 0 0 0 0 
0 0 0 0 0 0 0 0 0 0 0 
0 0 0 0 0 0 0 0 0 0 0 
0 0 0 0 0 0 0 0 0 0 0 
0 0 0 0 0 0 0 0 0 0 0 
0 0 0 0 0 0 0 0 0 0 0 
0.178933
4,-1
4.31466e-270 6.30154e-038 3.18359e-023 1.0199e-014 2.83797e-009 5.93115e-007 1.7999e-007 3.95076e-008 3.03513e-009 7.00073e-011 0 
7.59472e-037 2.24648e-024 3.22756e-014 3.7746e-009 5.95059e-007 5.33905e-005 1.62114e-005 3.57518e-006 2.80995e-007 7.18632e-009 3.31613e-011 
2.51192e-022 1.14497e-015 5.16033e-010 4.47909e-007 3.92411e-005 0.00176805 0.000537133 0.000118839 9.48933e-006 2.589e-007 1.88255e-009 
1.71508e-015 2.79364e-011 7.033e-008 2.20859e-005 0.0011294 0.0215393 0.00654882 0.00145182 0.000117285 3.3452e-006 3.0101e-008 
6.74307e-011 2.31555e-008 6.1112e-006 0.000583424 0.0134183 0.0965306 0.0294813 0.00652158 0.000531516 1.56586e-005 1.59886e-007 
0 0 0 0 0 0 0 0 0 0 0 
0 0 0 0 0 0 0 0 0 0 0 
0 0 0 0 0 0 0 0 0 0 0 
0 0 0 0 0 0 0 0 0 0 0 
0 0 0 0 0 0 0 0 0 0 0 
0 0 0 0 0 0 0 0 0 0 0 
0.180449
4,0
4.04037e-270 2.85274e-036 5.46065e-022 7.94687e-014 8.93572e-009 5.93115e-007 1.81435e-007 4.02915e-008 3.4056e-009 1.19135e-010 2.21033e-012 
3.79736e-036 2.11958e-023 1.23084e-013 6.89745e-009 1.17231e-006 5.33905e-005 1.63379e-005 3.62222e-006 3.03227e-007 1.01346e-008 1.65807e-010 
6.27981e-022 3.8077e-015 8.62121e-010 7.50522e-007 5.99288e-005 0.00176805 0.000541416 0.00011984 9.96263e-006 3.21663e-007 4.70637e-009 
2.85919e-015 4.55542e-011 1.07369e-007 3.35838e-005 0.00142215 0.0215393 0.00660798 0.00145894 0.000120649 3.79122e-006 5.01684e-008 
8.58929e-011 3.06959e-008 8.15954e-006 0.000768075 0.0152434 0.0965306 0.0299485 0.00653679 0.000538233 1.65473e-005 1.99859e-007 
0 0 0 0 0 0 0 0 0 0 0 
0 0 0 0 0 0 0 0 0 0 0 
0 0 0 0 0 0 0 0 0 0 0 
0 0 0 0 0 0 0 0 0 0 0 
0 0 0 0 0 0 0 0 0 0 0 
0 0 0 0 0 0 0 0 0 0 0 
0.183353
4,1
4.31466e-270 1.01051e-034 7.33389e-021 4.85851e-013 2.23508e-008 5.93115e-007 1.84662e-007 4.00956e-008 3.24683e-009 8.63832e-011 0 
1.89868e-035 1.82265e-022 4.26927e-013 1.16044e-008 2.41098e-006 5.33905e-005 1.66402e-005 3.61046e-006 2.93699e-007 8.16907e-009 3.31613e-011 
1.56995e-021 1.20674e-014 1.36444e-009 1.1948e-006 0.000102669 0.00176805 0.00055211 0.00011959 9.75979e-006 2.79821e-007 1.88255e-009 
4.76603e-015 7.17894e-011 1.57912e-007 4.97109e-005 0.00198065 0.0215393 0.00675731 0.00145716 0.000119207 3.49387e-006 3.0101e-008 
1.08971e-010 4.04832e-008 1.07388e-005 0.000999823 0.0181806 0.0965306 0.0309773 0.00653531 0.000535389 1.59554e-005 1.5989e-007 
0 0 0 0 0 0 0 0 0 0 0 
0 0 0 0 0 0 0 0 0 0 0 
0 0 0 0 0 0 0 0 0 0 0 
0 0 0 0 0 0 0 0 0 0 0 
0 0 0 0 0 0 0 0 0 0 0 
0 0 0 0 0 0 0 0 0 0 0 
0.188324
4,2
4.04037e-270 2.91607e-033 8.0303e-020 2.42746e-012 4.63861e-008 5.93115e-007 1.91756e-007 4.01448e-008 3.31487e-009 1.08218e-010 2.21033e-012 
9.4934e-035 1.43292e-021 1.35226e-012 1.81576e-008 4.60539e-006 5.33905e-005 1.72981e-005 3.61343e-006 2.97783e-007 9.4794e-009 1.65807e-010 
3.92488e-021 3.62767e-014 2.07309e-009 1.79471e-006 0.000176983 0.00176805 0.000575026 0.000119654 9.84672e-006 3.07716e-007 4.70637e-009 
7.94411e-015 1.10108e-010 2.24491e-007 7.05975e-005 0.00291188 0.0215393 0.00706707 0.00145764 0.000119825 3.69211e-006 5.01684e-008 
1.37818e-010 5.31174e-008 1.39277e-005 0.0012746 0.0225161 0.0965306 0.0328442 0.0065403 0.00053666 1.63507e-005 1.99864e-007 
0 0 0 0 0 0 0 0 0 0 0 
0 0 0 0 0 0 0 0 0 0 0 
0 0 0 0 0 0 0 0 0 0 0 
0 0 0 0 0 0 0 0 0 0 0 
0 0 0 0 0 0 0 0 0 0 0 
0 0 0 0 0 0 0 0 0 0 0 
0.196175
4,3
4.31466e-270 7.04765e-032 7.37025e-019 1.01939e-011 8.2439e-008 5.93115e-007 2.04321e-007 4.01337e-008 3.28571e-009 9.36614e-011 0 
4.7467e-034 1.03265e-020 3.92484e-012 2.68384e-008 7.87099e-006 5.33905e-005 1.84555e-005 3.61281e-006 2.96033e-007 8.60584e-009 3.31613e-011 
9.8122e-021 1.03029e-013 3.08541e-009 2.54976e-006 0.000286068 0.00176805 0.000614858 0.000119643 9.80946e-006 2.89119e-007 1.88255e-009 
1.32409e-014 1.66331e-010 3.114e-007 9.57158e-005 0.00423807 0.0215393 0.00759044 0.00145764 0.00011956 3.55995e-006 3.0101e-008 
1.73877e-010 6.93742e-008 1.78336e-005 0.00158295 0.0281363 0.0965306 0.0356793 0.00654816 0.000536193 1.6088e-005 1.59896e-007 
0 0 0 0 0 0 0 0 0 0 0 
0 0 0 0 0 0 0 0 0 0 0 
0 0 0 0 0 0 0 0 0 0 0 
0 0 0 0 0 0 0 0 0 0 0 
0 0 0 0 0 0 0 0 0 0 0 
0 0 0 0 0 0 0 0 0 0 0 
0.206978
4,4
4.04037e-270 1.45546e-030 5.78558e-018 3.67291e-011 1.28632e-007 5.93115e-007 2.22954e-007 4.01413e-008 3.29821e-009 1.03366e-010 2.21033e-012 
2.37335e-033 6.83686e-020 1.04705e-011 3.84531e-008 1.20258e-005 5.33905e-005 2.01605e-005 3.61345e-006 2.96783e-007 9.18821e-009 1.65807e-010 
2.45305e-020 2.75481e-013 4.61708e-009 3.46381e-006 0.000423187 0.00176805 0.000672833 0.000119666 9.82543e-006 3.01517e-007 4.70637e-009 
2.20689e-014 2.51313e-010 4.27732e-007 0.000124247 0.00586255 0.0215393 0.00833227 0.00145807 0.000119674 3.64805e-006 5.01684e-008 
2.1895e-010 9.02877e-008 2.26273e-005 0.00191401 0.0345107 0.0965306 0.0393576 0.00656386 0.00053651 1.62643e-005 1.99872e-007 
0 0 0 0 0 0 0 0 0 0 0 
0 0 0 0 0 0 0 0 0 0 0 
0 0 0 0 0 0 0 0 0 0 0 
0 0 0 0 0 0 0 0 0 0 0 
0 0 0 0 0 0 0 0 0 0 0 
0 0 0 0 0 0 0 0 0 0 0 
0.219981
4,5
4.31466e-270 2.60775e-029 3.94426e-017 1.15352e-010 1.79957e-007 5.93115e-007 2.46546e-007 4.0156e-008 3.29285e-009 9.68962e-011 0 
1.18668e-032 4.16621e-019 2.57451e-011 5.55177e-008 1.66114e-005 5.33905e-005 2.23047e-005 3.61495e-006 2.96461e-007 8.79997e-009 3.31613e-011 
6.13263e-020 6.91399e-013 7.11999e-009 4.5933e-006 0.000572803 0.00176805 0.000744902 0.000119726 9.81859e-006 2.93252e-007 1.88255e-009 
3.67822e-014 3.85332e-010 5.91862e-007 0.000155977 0.00759399 0.0215393 0.00923193 0.00145928 0.000119625 3.58932e-006 3.0101e-008 
2.7474e-010 1.17259e-007 2.85807e-005 0.00226161 0.0408759 0.0965306 0.0434969 0.00659333 0.000536549 1.61484e-005 1.59906e-007 
0 0 0 0 0 0 0 0 0 0 0 
0 0 0 0 0 0 0 0 0 0 0 
0 0 0 0 0 0 0 0 0 0 0 
0 0 0 0 0 0 0 0 0 0 0 
0 0 0 0 0 0 0 0 0 0 0 
0 0 0 0 0 0 0 0 0 0 0 
0.233762
5,-4
4.31466e-270 1.12009e-044 2.08811e-028 1.08134e-018 6.41802e-012 5.93115e-007 0 0 0 0 0 
4.31466e-270 1.02898e-028 1.182e-016 2.38004e-010 2.20562e-007 5.33905e-005 0 0 0 0 0 
4.31466e-270 4.16621e-019 3.39325e-011 6.98986e-008 1.99612e-005 0.00176805 0 0 0 0 0 
4.31466e-270 3.80319e-013 7.11999e-009 5.10447e-006 0.00066857 0.0215393 0 0 0 0 0 
4.31466e-270 1.66786e-010 4.69628e-007 0.000155977 0.00840625 0.0965324 0 0 0 0 0 
2.21033e-012 1.31317e-008 1.35766e-005 0.00189297 0.0408777 0.159155 0 0 0 0 0 
0 0 0 0 0 0 0 0 0 0 0 
0 0 0 0 0 0 0 0 0 0 0 
0 0 0 0 0 0 0 0 0 0 0 
0 0 0 0 0 0 0 0 0 0 0 
0 0 0 0 0 0 0 0 0 0 0 
0.331089
5,-3
4.04037e-270 2.20658e-042 1.55564e-026 3.6405e-017 8.50388e-011 5.93115e-007 1.99861e-007 5.01684e-008 4.70637e-009 1.65807e-010 2.21033e-012 
4.04037e-270 1.4717e-027 6.44443e-016 6.02246e-010 2.72144e-007 5.33905e-005 1.79909e-005 4.51601e-006 4.23654e-007 1.49254e-008 1.98968e-010 
4.04037e-270 2.3403e-018 7.46508e-011 1.10788e-007 2.41572e-005 0.00176805 0.000595776 0.00014955 1.40295e-005 4.94263e-007 6.58892e-009 
4.04037e-270 9.77326e-013 1.14359e-008 6.91111e-006 0.000800083 0.0215393 0.00725804 0.00182189 0.000170914 6.02135e-006 8.02694e-008 
4.04037e-270 2.44347e-010 6.48999e-007 0.000192597 0.00990251 0.0965324 0.0325283 0.00816515 0.000765984 2.69858e-005 3.59743e-007 
2.21033e-012 1.70316e-008 1.69387e-005 0.00222136 0.0465249 0.159155 0.05363 0.013462 0.00126289 4.44921e-005 5.93115e-007 
0 0 0 0 0 0 0 0 0 0 0 
0 0 0 0 0 0 0 0 0 0 0 
0 0 0 0 0 0 0 0 0 0 0 
0 0 0 0 0 0 0 0 0 0 0 
0 0 0 0 0 0 0 0 0 0 0 
0.458666
5,-2
4.31466e-270 2.12963e-040 5.68071e-025 6.01584e-016 5.56763e-010 5.93115e-007 1.77698e-007 3.76263e-008 2.68935e-009 5.52689e-011 0 
4.31466e-270 1.88099e-026 3.1441e-015 1.37124e-009 3.4943e-007 5.33905e-005 1.59958e-005 3.38701e-006 2.42088e-007 4.97515e-009 0 
4.31466e-270 1.21336e-017 1.52519e-010 1.86422e-007 2.86628e-005 0.00176805 0.000529709 0.000112162 8.01685e-006 1.64754e-007 0 
4.31466e-270 2.32108e-012 1.89404e-008 9.77354e-006 0.000917845 0.0215393 0.00645317 0.00136642 9.76652e-005 2.00712e-006 0 
4.31466e-270 3.82526e-010 9.25673e-007 0.000238997 0.0111387 0.0965324 0.0289211 0.00612386 0.000437705 8.99528e-006 0 
2.21033e-012 2.25708e-008 2.12201e-005 0.00255807 0.051038 0.159155 0.0476829 0.0100965 0.000721654 1.48307e-005 0 
0 0 0 0 0 0 0 0 0 0 0 
0 0 0 0 0 0 0 0 0 0 0 
0 0 0 0 0 0 0 0 0 0 0 
0 0 0 0 0 0 0 0 0 0 0 
0 0 0 0 0 0 0 0 0 0 0 
0.447598
5,-1
4.04037e-270 1.34204e-038 1.35522e-023 6.50457e-015 2.40435e-009 5.93115e-007 1.80422e-007 4.07618e-008 3.55379e-009 1.28961e-010 2.21033e-012 
4.04037e-270 2.16199e-025 1.38157e-014 2.8308e-009 5.39011e-007 5.33905e-005 1.62411e-005 3.66926e-006 3.19902e-007 1.16087e-008 1.98968e-010 
4.04037e-270 5.81195e-017 2.90193e-010 3.2194e-007 3.62396e-005 0.00176805 0.000537831 0.000121509 1.05937e-005 3.84427e-007 6.58892e-009 
4.04037e-270 5.09232e-012 3.15945e-008 1.44921e-005 0.00105204 0.0215393 0.00655212 0.00148029 0.000129058 4.68327e-006 8.02694e-008 
4.04037e-270 6.41101e-010 1.36156e-006 0.000303886 0.0122095 0.0965324 0.0293646 0.00663418 0.000578396 2.0989e-005 3.59743e-007 
2.21033e-012 3.16508e-008 2.7087e-005 0.00292996 0.0544086 0.159155 0.048414 0.0109379 0.000953614 3.4605e-005 5.93115e-007 
0 0 0 0 0 0 0 0 0 0 0 
0 0 0 0 0 0 0 0 0 0 0 
0 0 0 0 0 0 0 0 0 0 0 
0 0 0 0 0 0 0 0 0 0 0 
0 0 0 0 0 0 0 0 0 0 0 
0.455829
5,0
4.31466e-270 6.2096e-037 2.37528e-022 5.17608e-014 7.71617e-009 5.93115e-007 1.81146e-007 3.99779e-008 3.18332e-009 7.98328e-011 0 
4.31466e-270 2.24648e-024 5.49776e-014 5.33603e-009 1.028e-006 5.33905e-005 1.63062e-005 3.5987e-006 2.86553e-007 7.18632e-009 0 
4.31466e-270 2.57392e-016 5.16033e-010 5.4878e-007 5.30329e-005 0.00176805 0.000539988 0.000119173 9.48933e-006 2.37978e-007 0 
4.31466e-270 1.03188e-011 5.18103e-008 2.20859e-005 0.00127578 0.0215393 0.0065784 0.00145182 0.000115604 2.89917e-006 0 
4.31466e-270 1.11196e-009 2.03366e-006 0.000399005 0.0134193 0.0965324 0.0294824 0.0065066 0.0005181 1.29932e-005 0 
2.21033e-012 4.7304e-008 3.54217e-005 0.00338156 0.0570108 0.159155 0.0486082 0.0107276 0.000854202 2.14221e-005 0 
0 0 0 0 0 0 0 0 0 0 0 
0 0 0 0 0 0 0 0 0 0 0 
0 0 0 0 0 0 0 0 0 0 0 
0 0 0 0 0 0 0 0 0 0 0 
0 0 0 0 0 0 0 0 0 0 0 
0.460219
5,1
4.04037e-270 2.24924e-035 3.2612e-021 3.23298e-013 1.96678e-008 5.93115e-007 1.84016e-007 4.01739e-008 3.34209e-009 1.12585e-010 2.21033e-012 
4.04037e-270 2.11958e-023 1.99044e-013 9.25095e-009 2.10131e-006 5.33905e-005 1.65646e-005 3.61634e-006 3.00845e-007 1.01346e-008 1.98968e-010 
4.04037e-270 1.05448e-015 8.62121e-010 8.98615e-007 8.84226e-005 0.00176805 0.000548545 0.000119757 9.96263e-006 3.3561e-007 6.58892e-009 
4.04037e-270 1.9319e-011 8.20983e-008 3.35838e-005 0.0017014 0.0215393 0.00668265 0.00145894 0.00012137 4.08857e-006 8.02694e-008 
4.04037e-270 1.91206e-009 3.02019e-006 0.00053656 0.0152444 0.0965324 0.0299496 0.0065385 0.000543941 1.83237e-005 3.59743e-007 
2.21033e-012 7.34062e-008 4.71426e-005 0.00396376 0.0594634 0.159155 0.0493785 0.0107802 0.000896807 3.02107e-005 5.93115e-007 
0 0 0 0 0 0 0 0 0 0 0 
0 0 0 0 0 0 0 0 0 0 0 
0 0 0 0 0 0 0 0 0 0 0 
0 0 0 0 0 0 0 0 0 0 0 
0 0 0 0 0 0 0 0 0 0 0 
0.467237
5,2
4.31466e-270 6.64054e-034 3.65215e-020 1.65081e-012 4.1579e-008 5.93115e-007 1.90337e-007 4.01251e-008 3.27404e-009 9.07502e-011 0 
4.31466e-270 1.82265e-022 6.58259e-013 1.4881e-008 4.05679e-006 5.33905e-005 1.71336e-005 3.61195e-006 2.9472e-007 8.16907e-009 0 
4.31466e-270 3.99759e-015 1.36444e-009 1.39477e-006 0.000152212 0.00176805 0.000567387 0.000119611 9.75979e-006 2.70522e-007 0 
4.31466e-270 3.3471e-011 1.24622e-007 4.97109e-005 0.00244627 0.0215393 0.00691219 0.00145716 0.000118899 3.29564e-006 0 
4.31466e-270 3.15803e-009 4.38016e-006 0.00072528 0.0181816 0.0965324 0.0309783 0.00653055 0.000532866 1.477e-005 0 
2.21033e-012 1.1375e-007 6.29289e-005 0.00471634 0.0624095 0.159155 0.0510746 0.0107671 0.000878548 2.43517e-005 0 
0 0 0 0 0 0 0 0 0 0 0 
0 0 0 0 0 0 0 0 0 0 0 
0 0 0 0 0 0 0 0 0 0 0 
0 0 0 0 0 0 0 0 0 0 0 
0 0 0 0 0 0 0 0 0 0 0 
0.477813
5,3
4.04037e-270 1.64282e-032 3.42992e-019 7.0873e-012 7.52284e-008 5.93115e-007 2.01808e-007 4.01381e-008 3.30321e-009 1.05307e-010 2.21033e-012 
4.04037e-270 1.43292e-021 1.9954e-012 2.2498e-008 7.05459e-006 5.33905e-005 1.81662e-005 3.61312e-006 2.97345e-007 9.4794e-009 1.98968e-010 
4.04037e-270 1.4026e-014 2.07309e-009 2.0464e-006 0.000249707 0.00176805 0.000601581 0.00011965 9.84672e-006 3.13914e-007 6.58892e-009 
4.04037e-270 5.38848e-011 1.81037e-007 7.05975e-005 0.00357497 0.0215393 0.00732875 0.00145764 0.000119958 3.82426e-006 8.02694e-008 
4.04037e-270 4.925e-009 6.13491e-006 0.000966479 0.0225172 0.0965324 0.0328452 0.00653268 0.000537613 1.71391e-005 3.59743e-007 
2.21033e-012 1.70542e-007 8.29352e-005 0.00565034 0.0662693 0.159155 0.0541526 0.0107706 0.000886373 2.82577e-005 5.93115e-007 
0 0 0 0 0 0 0 0 0 0 0 
0 0 0 0 0 0 0 0 0 0 0 
0 0 0 0 0 0 0 0 0 0 0 
0 0 0 0 0 0 0 0 0 0 0 
0 0 0 0 0 0 0 0 0 0 0 
0.493881
5,4
4.31466e-270 3.47474e-031 2.75645e-018 2.6115e-011 1.19393e-007 5.93115e-007 2.19227e-007 4.01383e-008 3.29071e-009 9.56023e-011 0 
4.31466e-270 1.03265e-020 5.56127e-012 3.26458e-008 1.09871e-005 5.33905e-005 1.97342e-005 3.61313e-006 2.9622e-007 8.60584e-009 0 
4.31466e-270 4.55444e-014 3.08541e-009 2.85445e-006 0.000377481 0.00176805 0.000653508 0.000119651 9.80946e-006 2.84986e-007 0 
4.31466e-270 8.13486e-011 2.53234e-007 9.57158e-005 0.00505031 0.0215393 0.00796136 0.00145764 0.000119504 3.47185e-006 0 
0 7.21116e-009 8.26538e-006 0.00125213 0.0281373 0.0965324 0.0356803 0.0065327 0.000535579 1.55597e-005 0 
2.21033e-012 2.42882e-007 0.000106637 0.00673778 0.0710687 0.159155 0.0588269 0.0107706 0.00088302 2.56537e-005 0 
0 0 0 0 0 0 0 0 0 0 0 
0 0 0 0 0 0 0 0 0 0 0 
0 0 0 0 0 0 0 0 0 0 0 
0 0 0 0 0 0 0 0 0 0 0 
0 0 0 0 0 0 0 0 0 0 0 
0.515517
5,5
4.04037e-270 6.37987e-030 1.92484e-017 8.39029e-011 1.69692e-007 5.93115e-007 2.41828e-007 4.01501e-008 3.29606e-009 1.02072e-010 2.21033e-012 
4.04037e-270 6.83686e-020 1.42892e-011 4.69854e-008 1.5465e-005 5.33905e-005 2.17687e-005 3.6142e-006 2.96702e-007 9.18821e-009 1.98968e-010 
4.04037e-270 1.36842e-013 4.61708e-009 3.84031e-006 0.000522931 0.00176805 0.000720879 0.000119686 9.82543e-006 3.04272e-007 6.58892e-009 
4.04037e-270 1.17295e-010 3.45666e-007 0.000124247 0.00672827 0.0215393 0.0087821 0.00145807 0.000119698 3.70679e-006 8.02694e-008 
2.21033e-012 9.9515e-009 1.07395e-005 0.00156665 0.0345117 0.0965324 0.0393587 0.00653463 0.00053645 1.66127e-005 3.59743e-007 
1.98968e-010 3.2635e-007 0.000132938 0.00791453 0.0764351 0.159155 0.0648915 0.0107738 0.000884457 2.73897e-005 5.93115e-007 
0 0 0 0 0 0 0 0 0 0 0 
0 0 0 0 0 0 0 0 0 0 0 
0 0 0 0 0 0 0 0 0 0 0 
0 0 0 0 0 0 0 0 0 0 0 
0 0 0 0 0 0 0 0 0 0 0 
0.541281
