# sum(f(vx,vy)) for each (x, y) point in relative units
# next line is the concentration n = sum of f(vx, vy) in point (x,y)
11 1 5  # n_v, dv and max_velocity

-4,-4
4.04037e-270 2.349e-059 9.18361e-037 2.37213e-023 5.91958e-014 5.93115e-007 3.59743e-007 8.02694e-008 6.58892e-009 1.98968e-010 2.21033e-012 
3.26707e-045 3.1671e-036 4.62956e-022 5.9421e-013 6.45626e-008 5.33905e-005 1.66127e-005 3.70679e-006 3.04272e-007 9.18821e-009 1.02072e-010 
1.0413e-024 7.96652e-020 1.62068e-013 8.89807e-009 8.22942e-006 0.00176805 0.00053645 0.000119698 9.82543e-006 2.96702e-007 3.29606e-009 
5.57185e-015 4.92251e-012 5.32615e-009 2.8387e-006 0.000465334 0.0215393 0.00653214 0.00145752 0.00011964 3.61283e-006 4.01349e-008 
4.44961e-009 6.10027e-007 3.64237e-005 0.00101413 0.0118695 0.0950992 0.0288675 0.00644122 0.000528728 1.59662e-005 1.77368e-007 
0 0 0 0 0 0 0 0 0 0 0 
0 0 0 0 0 0 0 0 0 0 0 
0 0 0 0 0 0 0 0 0 0 0 
0 0 0 0 0 0 0 0 0 0 0 
0 0 0 0 0 0 0 0 0 0 0 
0 0 0 0 0 0 0 0 0 0 0 
0.176512
-4,-3
4.31466e-270 6.60069e-057 9.73462e-035 1.13071e-021 1.09512e-012 5.93115e-007 1.59886e-007 3.0101e-008 1.88255e-009 3.31613e-011 0 
1.44217e-044 3.82295e-035 3.43073e-021 2.11491e-012 9.88957e-008 5.33905e-005 1.61447e-005 3.58932e-006 2.93252e-007 8.79997e-009 9.68962e-011 
2.25123e-024 2.1936e-019 4.18212e-013 1.3895e-008 1.17695e-005 0.00176805 0.00053616 0.000119625 9.81859e-006 2.96461e-007 3.29285e-009 
8.21607e-015 7.56605e-012 8.16582e-009 4.00645e-006 0.000595235 0.0215393 0.0065322 0.00145751 0.00011964 3.6128e-006 4.01346e-008 
5.64205e-009 7.71304e-007 4.58137e-005 0.0012583 0.0138885 0.0950992 0.0294013 0.00648264 0.000530757 1.60098e-005 1.77744e-007 
0 0 0 0 0 0 0 0 0 0 0 
0 0 0 0 0 0 0 0 0 0 0 
0 0 0 0 0 0 0 0 0 0 0 
0 0 0 0 0 0 0 0 0 0 0 
0 0 0 0 0 0 0 0 0 0 0 
0 0 0 0 0 0 0 0 0 0 0 
0.179495
-4,-2
4.04037e-270 9.14254e-055 5.08749e-033 2.65915e-020 1.003e-011 5.93115e-007 1.82093e-007 4.26431e-008 3.89956e-009 1.43699e-010 2.21033e-012 
6.35354e-044 4.32265e-034 2.29743e-020 6.80688e-012 1.40511e-007 5.33905e-005 1.61968e-005 3.61869e-006 2.97975e-007 9.0588e-009 1.02072e-010 
4.85381e-024 5.95901e-019 1.02587e-012 2.12687e-008 1.57402e-005 0.00176805 0.0005362 0.000119644 9.82152e-006 2.96622e-007 3.29606e-009 
1.20276e-014 1.15615e-011 1.24309e-008 5.68859e-006 0.000725194 0.0215393 0.00653307 0.00145751 0.00011964 3.61282e-006 4.01349e-008 
6.96375e-009 9.53292e-007 5.66009e-005 0.00153948 0.0165016 0.0950992 0.030329 0.00653825 0.00053322 1.60601e-005 1.78166e-007 
0 0 0 0 0 0 0 0 0 0 0 
0 0 0 0 0 0 0 0 0 0 0 
0 0 0 0 0 0 0 0 0 0 0 
0 0 0 0 0 0 0 0 0 0 0 
0 0 0 0 0 0 0 0 0 0 0 
0 0 0 0 0 0 0 0 0 0 0 
0.183523
-4,-1
4.31466e-270 8.32082e-053 1.74752e-031 4.11333e-019 6.06609e-011 5.93115e-007 1.7963e-007 3.95076e-008 3.03513e-009 7.00073e-011 0 
2.79338e-043 4.58754e-033 1.39961e-019 1.99499e-011 1.90741e-007 5.33905e-005 1.61917e-005 3.61134e-006 2.9595e-007 8.88624e-009 9.68962e-011 
1.0436e-023 1.5959e-018 2.39446e-012 3.25251e-008 2.01036e-005 0.00176805 0.000536254 0.000119639 9.82026e-006 2.96515e-007 3.29285e-009 
1.75094e-014 1.75678e-011 1.87768e-008 8.15467e-006 0.000861724 0.0215393 0.00653788 0.00145751 0.00011964 3.61281e-006 4.01346e-008 
8.42627e-009 1.15807e-006 6.89305e-005 0.00186044 0.0198636 0.0950992 0.0317738 0.00661178 0.000536194 1.61181e-005 1.78637e-007 
0 0 0 0 0 0 0 0 0 0 0 
0 0 0 0 0 0 0 0 0 0 0 
0 0 0 0 0 0 0 0 0 0 0 
0 0 0 0 0 0 0 0 0 0 0 
0 0 0 0 0 0 0 0 0 0 0 
0 0 0 0 0 0 0 0 0 0 0 
0.188888
-4,0
4.04037e-270 5.5969e-051 4.43758e-030 4.70761e-018 2.72678e-010 5.93115e-007 1.79932e-007 4.02915e-008 3.4056e-009 1.19135e-010 2.21033e-012 
1.22555e-042 4.5779e-032 7.80065e-019 5.35632e-011 2.61275e-007 5.33905e-005 1.61963e-005 3.61318e-006 2.96818e-007 9.00128e-009 1.02072e-010 
2.23734e-023 4.21037e-018 5.32323e-012 5.05593e-008 2.54763e-005 0.00176805 0.000536537 0.00011964 9.8208e-006 2.96586e-007 3.29606e-009 
2.53755e-014 2.65488e-011 2.81233e-008 1.17786e-005 0.00103449 0.0215393 0.00655592 0.00145751 0.00011964 3.61281e-006 4.01349e-008 
1.00418e-008 1.38782e-006 8.29495e-005 0.00222371 0.0239976 0.0950992 0.033806 0.00670738 0.000539766 1.61847e-005 1.79164e-007 
0 0 0 0 0 0 0 0 0 0 0 
0 0 0 0 0 0 0 0 0 0 0 
0 0 0 0 0 0 0 0 0 0 0 
0 0 0 0 0 0 0 0 0 0 0 
0 0 0 0 0 0 0 0 0 0 0 
0 0 0 0 0 0 0 0 0 0 0 
0.195731
-4,1
4.31466e-270 2.9672e-049 8.88416e-029 4.25148e-017 9.72334e-010 5.93115e-007 1.80016e-007 4.00955e-008 3.24683e-009 8.63832e-011 0 
5.36523e-042 4.30233e-031 3.99674e-018 1.32434e-010 3.88736e-007 5.33905e-005 1.62117e-005 3.61272e-006 2.96446e-007 8.92459e-009 9.68962e-011 
4.78226e-023 1.09339e-017 1.12841e-011 8.05717e-008 3.38083e-005 0.00176805 0.000537567 0.00011964 9.82057e-006 2.96539e-007 3.29285e-009 
3.6636e-014 3.99058e-011 4.1747e-008 1.70303e-005 0.00130116 0.0215393 0.00660728 0.00145752 0.00011964 3.61281e-006 4.01346e-008 
1.18233e-008 1.64482e-006 9.88036e-005 0.00263154 0.0287607 0.0950992 0.0364055 0.00682955 0.000544031 1.62611e-005 1.79752e-007 
0 0 0 0 0 0 0 0 0 0 0 
0 0 0 0 0 0 0 0 0 0 0 
0 0 0 0 0 0 0 0 0 0 0 
0 0 0 0 0 0 0 0 0 0 0 
0 0 0 0 0 0 0 0 0 0 0 
0 0 0 0 0 0 0 0 0 0 0 
0.203977
-4,2
4.04037e-270 1.2912e-047 1.46041e-027 3.15567e-016 2.86724e-009 5.93115e-007 1.80395e-007 4.01445e-008 3.31487e-009 1.08218e-010 2.21033e-012 
2.34353e-041 3.81343e-030 1.89034e-017 3.02947e-010 6.52646e-007 5.33905e-005 1.62604e-005 3.61283e-006 2.96605e-007 8.97572e-009 1.02072e-010 
1.01903e-022 2.79261e-017 2.28364e-011 1.31063e-007 4.89533e-005 0.00176805 0.000540537 0.00011964 9.82067e-006 2.9657e-007 3.29606e-009 
5.2717e-014 5.96653e-011 6.1408e-008 2.44425e-005 0.00173956 0.0215393 0.00672516 0.00145754 0.00011964 3.61281e-006 4.01349e-008 
1.37841e-008 1.93142e-006 0.000116633 0.00308577 0.0338639 0.0950992 0.0394465 0.00698284 0.000549094 1.63482e-005 1.80408e-007 
0 0 0 0 0 0 0 0 0 0 0 
0 0 0 0 0 0 0 0 0 0 0 
0 0 0 0 0 0 0 0 0 0 0 
0 0 0 0 0 0 0 0 0 0 0 
0 0 0 0 0 0 0 0 0 0 0 
0 0 0 0 0 0 0 0 0 0 0 
0.213334
-4,3
4.31466e-270 4.74273e-046 2.02704e-026 1.97989e-015 7.19844e-009 5.93115e-007 1.81406e-007 4.01323e-008 3.28571e-009 9.36614e-011 0 
1.02128e-040 3.19199e-029 8.28332e-017 6.43948e-010 1.18631e-006 5.33905e-005 1.63857e-005 3.61281e-006 2.96537e-007 8.94163e-009 9.68962e-011 
2.16442e-022 7.00895e-017 4.41888e-011 2.14562e-007 7.65927e-005 0.00176805 0.000547579 0.00011964 9.82063e-006 2.96549e-007 3.29285e-009 
7.56254e-014 8.87409e-011 8.95295e-008 3.456e-005 0.00242452 0.0215393 0.00695151 0.0014576 0.00011964 3.61281e-006 4.01346e-008 
1.59384e-008 2.24999e-006 0.00013657 0.00358755 0.0389387 0.0950992 0.0427159 0.00717149 0.000555066 1.64475e-005 1.81136e-007 
0 0 0 0 0 0 0 0 0 0 0 
0 0 0 0 0 0 0 0 0 0 0 
0 0 0 0 0 0 0 0 0 0 0 
0 0 0 0 0 0 0 0 0 0 0 
0 0 0 0 0 0 0 0 0 0 0 
0 0 0 0 0 0 0 0 0 0 0 
0.223352
-4,4
4.04037e-270 1.50071e-044 2.42464e-025 1.07176e-014 1.57255e-008 5.93115e-007 1.837e-007 4.01353e-008 3.29821e-009 1.03366e-010 2.21033e-012 
4.43988e-040 2.52608e-028 3.37348e-016 1.27727e-009 2.16557e-006 5.33905e-005 1.66582e-005 3.61281e-006 2.96566e-007 8.96435e-009 1.02072e-010 
4.58182e-022 1.72711e-016 8.19173e-011 3.47659e-007 0.000123056 0.00176805 0.000561697 0.00011964 9.82065e-006 2.96563e-007 3.29606e-009 
1.08177e-013 1.31298e-010 1.29452e-007 4.78972e-005 0.00339637 0.0215393 0.00732443 0.00145777 0.00011964 3.61281e-006 4.01349e-008 
1.83006e-008 2.60296e-006 0.00015873 0.00413701 0.0436271 0.0950992 0.04596 0.00739896 0.000562063 1.65602e-005 1.81945e-007 
0 0 0 0 0 0 0 0 0 0 0 
0 0 0 0 0 0 0 0 0 0 0 
0 0 0 0 0 0 0 0 0 0 0 
0 0 0 0 0 0 0 0 0 0 0 
0 0 0 0 0 0 0 0 0 0 0 
0 0 0 0 0 0 0 0 0 0 0 
0.233512
-4,5
4.31466e-270 4.15468e-043 2.53846e-024 5.08461e-014 3.0411e-008 5.93115e-007 1.88182e-007 4.01346e-008 3.29285e-009 9.68962e-011 0 
1.92538e-039 1.89201e-027 1.28049e-015 2.37468e-009 3.7662e-006 5.33905e-005 1.71686e-005 3.61281e-006 2.96554e-007 8.94921e-009 9.68962e-011 
9.66538e-022 4.1746e-016 1.45866e-010 5.50115e-007 0.000193128 0.00176805 0.000586127 0.00011964 9.82064e-006 2.96554e-007 3.29285e-009 
1.54312e-013 1.93256e-010 1.85794e-007 6.49433e-005 0.00463599 0.0215393 0.00786139 0.00145817 0.00011964 3.61281e-006 4.01346e-008 
2.08856e-008 2.99271e-006 0.000183211 0.00473266 0.0476584 0.0950992 0.0489416 0.00766744 0.000570207 1.66878e-005 1.82842e-007 
0 0 0 0 0 0 0 0 0 0 0 
0 0 0 0 0 0 0 0 0 0 0 
0 0 0 0 0 0 0 0 0 0 0 
0 0 0 0 0 0 0 0 0 0 0 
0 0 0 0 0 0 0 0 0 0 0 
0 0 0 0 0 0 0 0 0 0 0 
0.243313
-3,-4
4.31466e-270 4.698e-060 3.67344e-037 1.42328e-023 4.73566e-014 5.93115e-007 0 0 0 0 0 
1.06617e-046 2.45224e-037 1.57743e-022 3.71969e-013 5.80299e-008 5.33905e-005 1.55597e-005 3.47185e-006 2.84986e-007 8.60584e-009 9.56023e-011 
1.06564e-025 1.15294e-020 5.96439e-014 6.63022e-009 7.26117e-006 0.00176805 0.000535579 0.000119504 9.80946e-006 2.9622e-007 3.29071e-009 
1.23921e-015 1.46506e-012 2.51431e-009 2.00759e-006 0.000403631 0.0215393 0.00653202 0.00145749 0.000119638 3.61276e-006 4.01341e-008 
2.24221e-009 3.24613e-007 2.14512e-005 0.00070877 0.0107437 0.0959479 0.0291099 0.00649529 0.000533166 1.61002e-005 1.78857e-007 
0 0 0 0 0 0 0 0 0 0 0 
0 0 0 0 0 0 0 0 0 0 0 
0 0 0 0 0 0 0 0 0 0 0 
0 0 0 0 0 0 0 0 0 0 0 
0 0 0 0 0 0 0 0 0 0 0 
0 0 0 0 0 0 0 0 0 0 0 
0.176148
-3,-3
4.04037e-270 1.33893e-057 3.94895e-035 6.87916e-022 8.87937e-013 5.93115e-007 1.99857e-007 5.01684e-008 4.70637e-009 1.65807e-010 2.21033e-012 
4.78437e-046 3.1671e-036 1.2049e-021 1.35456e-012 9.03125e-008 5.33905e-005 1.62617e-005 3.64805e-006 3.01517e-007 9.18821e-009 1.03366e-010 
2.34844e-025 3.31003e-020 1.62068e-013 1.05637e-008 1.05895e-005 0.00176805 0.000536257 0.000119674 9.82543e-006 2.96783e-007 3.29821e-009 
1.84886e-015 2.30088e-012 3.90704e-009 2.83871e-006 0.000530285 0.0215393 0.00653217 0.00145752 0.000119641 3.61285e-006 4.01353e-008 
2.84271e-009 4.10905e-007 2.70719e-005 0.000884816 0.0123842 0.0959479 0.0293823 0.00651466 0.000534098 1.61201e-005 1.79028e-007 
0 0 0 0 0 0 0 0 0 0 0 
0 0 0 0 0 0 0 0 0 0 0 
0 0 0 0 0 0 0 0 0 0 0 
0 0 0 0 0 0 0 0 0 0 0 
0 0 0 0 0 0 0 0 0 0 0 
0 0 0 0 0 0 0 0 0 0 0 
0.178397
-3,-2
4.31466e-270 1.88131e-055 2.0934e-033 1.64072e-020 8.24302e-012 5.93115e-007 1.77651e-007 3.76263e-008 2.68935e-009 5.52689e-011 0 
2.1433e-045 3.82295e-035 8.31663e-021 4.46089e-012 1.30107e-007 5.33905e-005 1.61838e-005 3.604e-006 2.94432e-007 8.79997e-009 9.56023e-011 
5.16339e-025 9.38459e-020 4.18212e-013 1.63529e-008 1.44166e-005 0.00176805 0.000536187 0.000119631 9.81859e-006 2.96408e-007 3.29071e-009 
2.74211e-015 3.59251e-012 6.03402e-009 4.00646e-006 0.000660215 0.0215393 0.00653263 0.00145751 0.00011964 3.61279e-006 4.01341e-008 
3.51806e-009 5.10049e-007 3.36674e-005 0.00109197 0.0144033 0.0959479 0.0299161 0.00654188 0.000535259 1.61435e-005 1.79222e-007 
0 0 0 0 0 0 0 0 0 0 0 
0 0 0 0 0 0 0 0 0 0 0 
0 0 0 0 0 0 0 0 0 0 0 
0 0 0 0 0 0 0 0 0 0 0 
0 0 0 0 0 0 0 0 0 0 0 
0 0 0 0 0 0 0 0 0 0 0 
0.181327
-3,-1
4.04037e-270 1.7373e-053 7.29534e-032 2.57436e-019 5.05347e-011 5.93115e-007 1.80123e-007 4.07618e-008 3.55379e-009 1.28961e-010 2.21033e-012 
9.58474e-045 4.32265e-034 5.22211e-020 1.33784e-011 1.78183e-007 5.33905e-005 1.6193e-005 3.61501e-006 2.97468e-007 9.0588e-009 1.03366e-010 
1.13252e-024 2.62569e-019 1.02587e-012 2.50209e-008 1.86492e-005 0.00176805 0.000536236 0.000119642 9.82152e-006 2.96658e-007 3.29821e-009 
4.04818e-015 5.57706e-012 9.25863e-009 5.6886e-006 0.000793459 0.0215393 0.00653548 0.00145751 0.00011964 3.61283e-006 4.01353e-008 
4.27646e-009 6.23665e-007 4.13699e-005 0.00133338 0.0170163 0.0959479 0.0308438 0.00657959 0.000536699 1.61709e-005 1.79442e-007 
0 0 0 0 0 0 0 0 0 0 0 
0 0 0 0 0 0 0 0 0 0 0 
0 0 0 0 0 0 0 0 0 0 0 
0 0 0 0 0 0 0 0 0 0 0 
0 0 0 0 0 0 0 0 0 0 0 
0 0 0 0 0 0 0 0 0 0 0 
0.185298
-3,0
4.31466e-270 1.18595e-051 1.87988e-030 2.9891e-018 2.30274e-010 5.93115e-007 1.79871e-007 3.99779e-008 3.18332e-009 7.98328e-011 0 
4.2785e-044 4.58754e-033 2.99987e-019 3.67566e-011 2.43642e-007 5.33905e-005 1.61951e-005 3.61226e-006 2.96167e-007 8.88624e-009 9.56023e-011 
2.47787e-024 7.24408e-019 2.39446e-012 3.85365e-008 2.36854e-005 0.00176805 0.000536442 0.000119639 9.82026e-006 2.96491e-007 3.29071e-009 
5.95379e-015 8.60879e-012 1.41043e-008 8.15468e-006 0.000948108 0.0215393 0.0065469 0.00145751 0.00011964 3.6128e-006 4.01341e-008 
5.12682e-009 7.5352e-007 5.03208e-005 0.00161203 0.0203783 0.0959479 0.0322885 0.00663103 0.000538478 1.6203e-005 1.79692e-007 
0 0 0 0 0 0 0 0 0 0 0 
0 0 0 0 0 0 0 0 0 0 0 
0 0 0 0 0 0 0 0 0 0 0 
0 0 0 0 0 0 0 0 0 0 0 
0 0 0 0 0 0 0 0 0 0 0 
0 0 0 0 0 0 0 0 0 0 0 
0.19062
-3,1
4.04037e-270 6.38215e-050 3.81992e-029 2.7392e-017 8.32403e-010 5.93115e-007 1.79999e-007 4.01739e-008 3.34209e-009 1.12585e-010 2.21033e-012 
1.9063e-043 4.5779e-032 1.58423e-018 9.29985e-011 3.56871e-007 5.33905e-005 1.62078e-005 3.61295e-006 2.96725e-007 9.00128e-009 1.03366e-010 
5.40745e-024 1.9692e-018 5.32323e-012 6.05634e-008 3.10309e-005 0.00176805 0.000537223 0.00011964 9.8208e-006 2.96602e-007 3.29821e-009 
8.72803e-015 1.32137e-011 2.13123e-008 1.17786e-005 0.00116783 0.0215393 0.0065816 0.00145751 0.00011964 3.61282e-006 4.01353e-008 
6.07879e-009 9.01528e-007 6.06696e-005 0.00193074 0.0245123 0.0959479 0.0343208 0.00670006 0.000540664 1.62405e-005 1.79975e-007 
0 0 0 0 0 0 0 0 0 0 0 
0 0 0 0 0 0 0 0 0 0 0 
0 0 0 0 0 0 0 0 0 0 0 
0 0 0 0 0 0 0 0 0 0 0 
0 0 0 0 0 0 0 0 0 0 0 
0 0 0 0 0 0 0 0 0 0 0 
0.197453
-3,2
4.31466e-270 2.81979e-048 6.37468e-028 2.06346e-016 2.48826e-009 5.93115e-007 1.8032e-007 4.01249e-008 3.27404e-009 9.07502e-011 0 
8.4772e-043 4.30233e-031 7.7234e-018 2.1769e-010 5.86668e-007 5.33905e-005 1.62482e-005 3.61278e-006 2.96486e-007 8.92459e-009 9.56023e-011 
1.17691e-023 5.26984e-018 1.12841e-011 9.74021e-008 4.3905e-005 0.00176805 0.000539547 0.00011964 9.82057e-006 2.96528e-007 3.29071e-009 
1.27578e-014 2.01682e-011 3.19172e-008 1.70303e-005 0.00152036 0.0215393 0.00666622 0.00145752 0.00011964 3.61281e-006 4.01341e-008 
7.14278e-009 1.06975e-006 7.25722e-005 0.00229218 0.0292755 0.0959479 0.0369203 0.00679112 0.000543334 1.62843e-005 1.80294e-007 
0 0 0 0 0 0 0 0 0 0 0 
0 0 0 0 0 0 0 0 0 0 0 
0 0 0 0 0 0 0 0 0 0 0 
0 0 0 0 0 0 0 0 0 0 0 
0 0 0 0 0 0 0 0 0 0 0 
0 0 0 0 0 0 0 0 0 0 0 
0.205741
-3,3
4.04037e-270 1.05184e-046 8.98442e-027 1.31416e-015 6.3322e-009 5.93115e-007 1.81204e-007 4.01372e-008 3.30321e-009 1.05307e-010 2.21033e-012 
3.76223e-042 3.81343e-030 3.48858e-017 4.73447e-010 1.0529e-006 5.33905e-005 1.63543e-005 3.61282e-006 2.96588e-007 8.97572e-009 1.03366e-010 
2.55441e-023 1.38716e-017 2.28364e-011 1.58896e-007 6.73796e-005 0.00176805 0.000545231 0.00011964 9.82067e-006 2.96577e-007 3.29821e-009 
1.85977e-014 3.06115e-011 4.7348e-008 2.44425e-005 0.00208204 0.0215393 0.00683833 0.00145754 0.00011964 3.61281e-006 4.01353e-008 
8.33003e-009 1.2604e-006 8.61882e-005 0.00269884 0.0343786 0.0959479 0.0399613 0.00690906 0.000546579 1.63351e-005 1.80656e-007 
0 0 0 0 0 0 0 0 0 0 0 
0 0 0 0 0 0 0 0 0 0 0 
0 0 0 0 0 0 0 0 0 0 0 
0 0 0 0 0 0 0 0 0 0 0 
0 0 0 0 0 0 0 0 0 0 0 
0 0 0 0 0 0 0 0 0 0 0 
0.215197
-3,4
4.31466e-270 3.38084e-045 1.09148e-025 7.22249e-015 1.40201e-008 5.93115e-007 1.83241e-007 4.01341e-008 3.29071e-009 9.56023e-011 0 
1.66625e-041 3.19199e-029 1.46462e-016 9.60608e-010 1.92075e-006 5.33905e-005 1.65901e-005 3.61281e-006 2.96544e-007 8.94163e-009 9.56023e-011 
5.52815e-023 3.58824e-017 4.41888e-011 2.58928e-007 0.000107568 0.00176805 0.000556991 0.00011964 9.82063e-006 2.96544e-007 3.29071e-009 
2.7041e-014 4.62058e-011 6.95689e-008 3.456e-005 0.00291045 0.0215393 0.00713797 0.0014576 0.00011964 3.61281e-006 4.01341e-008 
9.65253e-009 1.4758e-006 0.000101678 0.00315296 0.0394535 0.0959479 0.0432307 0.00705888 0.000550499 1.6394e-005 1.81063e-007 
0 0 0 0 0 0 0 0 0 0 0 
0 0 0 0 0 0 0 0 0 0 0 
0 0 0 0 0 0 0 0 0 0 0 
0 0 0 0 0 0 0 0 0 0 0 
0 0 0 0 0 0 0 0 0 0 0 
0 0 0 0 0 0 0 0 0 0 0 
0.225357
-3,5
4.04037e-270 9.50993e-044 1.16086e-024 3.47947e-014 2.74739e-008 5.93115e-007 1.87286e-007 4.01349e-008 3.29606e-009 1.02072e-010 2.21033e-012 
7.36389e-041 2.52608e-028 5.73134e-016 1.82597e-009 3.36604e-006 5.33905e-005 1.7041e-005 3.61281e-006 2.96563e-007 8.96435e-009 1.03366e-010 
1.19278e-022 9.11278e-017 8.19173e-011 4.15144e-007 0.000169771 0.00176805 0.000577984 0.00011964 9.82065e-006 2.96566e-007 3.29821e-009 
3.92183e-014 6.93619e-011 1.01282e-007 4.78972e-005 0.00401618 0.0215393 0.00759291 0.00145777 0.00011964 3.61281e-006 4.01353e-008 
1.11231e-008 1.71843e-006 0.000119198 0.00365621 0.0441419 0.0959479 0.0464747 0.00724533 0.000555205 1.64621e-005 1.81522e-007 
0 0 0 0 0 0 0 0 0 0 0 
0 0 0 0 0 0 0 0 0 0 0 
0 0 0 0 0 0 0 0 0 0 0 
0 0 0 0 0 0 0 0 0 0 0 
0 0 0 0 0 0 0 0 0 0 0 
0 0 0 0 0 0 0 0 0 0 0 
0.235661
-2,-4
4.04037e-270 9.396e-061 1.46938e-037 8.53965e-024 3.78853e-014 5.93115e-007 3.59743e-007 8.02694e-008 6.58892e-009 1.98968e-010 2.21033e-012 
2.9958e-048 1.77016e-038 5.33197e-023 2.31791e-013 5.20144e-008 5.33905e-005 1.71391e-005 3.82426e-006 3.13914e-007 9.4794e-009 1.05307e-010 
9.37531e-027 1.4483e-021 2.08237e-014 4.86966e-009 6.37738e-006 0.00176805 0.000537613 0.000119958 9.84672e-006 2.97345e-007 3.30321e-009 
2.4167e-016 3.93138e-013 1.15472e-009 1.40401e-006 0.000346028 0.0215393 0.00653252 0.0014576 0.000119647 3.61303e-006 4.01372e-008 
9.82013e-010 1.51484e-007 1.13388e-005 0.000463445 0.00951099 0.0963251 0.0292168 0.00651915 0.000535124 1.61593e-005 1.79514e-007 
0 0 0 0 0 0 0 0 0 0 0 
0 0 0 0 0 0 0 0 0 0 0 
0 0 0 0 0 0 0 0 0 0 0 
0 0 0 0 0 0 0 0 0 0 0 
0 0 0 0 0 0 0 0 0 0 0 
0 0 0 0 0 0 0 0 0 0 0 
0.175117
-2,-3
4.31466e-270 2.71544e-058 1.60162e-035 4.18443e-022 7.19821e-013 5.93115e-007 1.59886e-007 3.0101e-008 1.88255e-009 3.31613e-011 0 
1.36627e-047 2.45224e-037 4.19532e-022 8.63263e-013 8.22418e-008 5.33905e-005 1.60862e-005 3.55995e-006 2.89119e-007 8.60584e-009 9.36614e-011 
2.10552e-026 4.33907e-021 5.96439e-014 7.94138e-009 9.48003e-006 0.00176805 0.000536031 0.00011956 9.80946e-006 2.96033e-007 3.28571e-009 
3.65303e-016 6.32891e-013 1.81807e-009 2.00759e-006 0.000466958 0.0215393 0.00653209 0.00145749 0.000119637 3.61266e-006 4.01323e-008 
1.24588e-009 1.92277e-007 1.44001e-005 0.000583773 0.0109725 0.0963251 0.0293387 0.00652697 0.000535493 1.61672e-005 1.79581e-007 
0 0 0 0 0 0 0 0 0 0 0 
0 0 0 0 0 0 0 0 0 0 0 
0 0 0 0 0 0 0 0 0 0 0 
0 0 0 0 0 0 0 0 0 0 0 
0 0 0 0 0 0 0 0 0 0 0 
0 0 0 0 0 0 0 0 0 0 0 
0.176952
-2,-2
4.04037e-270 3.86974e-056 8.61055e-034 1.01195e-020 6.772e-012 5.93115e-007 1.82092e-007 4.26431e-008 3.89956e-009 1.43699e-010 2.21033e-012 
6.22211e-047 3.1671e-036 2.98283e-021 2.90773e-012 1.20159e-007 5.33905e-005 1.62033e-005 3.62603e-006 2.99746e-007 9.18821e-009 1.05307e-010 
4.71928e-026 1.28518e-020 1.62068e-013 1.24934e-008 1.31409e-005 0.00176805 0.00053621 0.00011966 9.82543e-006 2.96908e-007 3.30321e-009 
5.49537e-016 1.01291e-012 2.84367e-009 2.83871e-006 0.00059525 0.0215393 0.0065324 0.00145752 0.000119641 3.61291e-006 4.01372e-008 
1.547e-009 2.40011e-007 1.8071e-005 0.000728707 0.012613 0.0963251 0.0296111 0.00653849 0.000535965 1.61765e-005 1.79658e-007 
0 0 0 0 0 0 0 0 0 0 0 
0 0 0 0 0 0 0 0 0 0 0 
0 0 0 0 0 0 0 0 0 0 0 
0 0 0 0 0 0 0 0 0 0 0 
0 0 0 0 0 0 0 0 0 0 0 
0 0 0 0 0 0 0 0 0 0 0 
0.179159
-2,-1
4.31466e-270 3.62511e-054 3.04374e-032 1.61025e-019 4.20764e-011 5.93115e-007 1.79628e-007 3.95076e-008 3.03513e-009 7.00073e-011 0 
2.82941e-046 3.82295e-035 1.92927e-020 8.91964e-012 1.66164e-007 5.33905e-005 1.61907e-005 3.60951e-006 2.95191e-007 8.79997e-009 9.36614e-011 
1.05563e-025 3.76051e-020 4.18212e-013 1.92422e-008 1.72383e-005 0.00176805 0.00053622 0.000119635 9.81859e-006 2.96324e-007 3.28571e-009 
8.23559e-016 1.6116e-012 4.42184e-009 4.00646e-006 0.000726837 0.0215393 0.00653406 0.00145751 0.000119639 3.61275e-006 4.01323e-008 
1.89016e-009 2.95737e-007 2.24528e-005 0.000901611 0.014632 0.0963251 0.0301448 0.00655522 0.000536568 1.61877e-005 1.79746e-007 
0 0 0 0 0 0 0 0 0 0 0 
0 0 0 0 0 0 0 0 0 0 0 
0 0 0 0 0 0 0 0 0 0 0 
0 0 0 0 0 0 0 0 0 0 0 
0 0 0 0 0 0 0 0 0 0 0 
0 0 0 0 0 0 0 0 0 0 0 
0.182045
-2,0
4.04037e-270 2.51088e-052 7.95726e-031 1.89643e-018 1.94327e-010 5.93115e-007 1.79922e-007 4.02915e-008 3.4056e-009 1.19135e-010 2.21033e-012 
1.28467e-045 4.32265e-034 1.14163e-019 2.50675e-011 2.27277e-007 5.33905e-005 1.61946e-005 3.61364e-006 2.97143e-007 9.0588e-009 1.05307e-010 
2.35634e-025 1.08622e-019 1.02587e-012 2.95261e-008 2.20066e-005 0.00176805 0.000536374 0.000119641 9.82152e-006 2.96713e-007 3.30321e-009 
1.23034e-015 2.54898e-012 6.83593e-009 5.6886e-006 0.000870783 0.0215393 0.00654119 0.00145751 0.00011964 3.61286e-006 4.01372e-008 
2.28074e-009 3.60637e-007 2.76586e-005 0.00110578 0.0172451 0.0963251 0.0310726 0.0065792 0.000537332 1.62011e-005 1.79849e-007 
0 0 0 0 0 0 0 0 0 0 0 
0 0 0 0 0 0 0 0 0 0 0 
0 0 0 0 0 0 0 0 0 0 0 
0 0 0 0 0 0 0 0 0 0 0 
0 0 0 0 0 0 0 0 0 0 0 
0 0 0 0 0 0 0 0 0 0 0 
0.185978
-2,1
4.31466e-270 1.37131e-050 1.64076e-029 1.76308e-017 7.11977e-010 5.93115e-007 1.79974e-007 4.00955e-008 3.24683e-009 8.63832e-011 0 
5.82376e-045 4.58754e-033 6.21049e-019 6.48775e-011 3.28563e-007 5.33905e-005 1.62047e-005 3.61261e-006 2.96307e-007 8.88624e-009 9.36614e-011 
5.24832e-025 3.09478e-019 2.39446e-012 4.58788e-008 2.85824e-005 0.00176805 0.000536963 0.00011964 9.82026e-006 2.96454e-007 3.28571e-009 
1.83298e-015 4.00753e-012 1.05004e-008 8.15468e-006 0.00105797 0.0215393 0.00656425 0.00145751 0.00011964 3.61278e-006 4.01323e-008 
2.72466e-009 4.36031e-007 3.38135e-005 0.00134437 0.0206071 0.0963251 0.0325173 0.00661305 0.000538298 1.6217e-005 1.79966e-007 
0 0 0 0 0 0 0 0 0 0 0 
0 0 0 0 0 0 0 0 0 0 0 
0 0 0 0 0 0 0 0 0 0 0 
0 0 0 0 0 0 0 0 0 0 0 
0 0 0 0 0 0 0 0 0 0 0 
0 0 0 0 0 0 0 0 0 0 0 
0.191284
-2,2
4.04037e-270 6.15014e-049 2.77907e-028 1.34764e-016 2.15708e-009 5.93115e-007 1.80255e-007 4.01445e-008 3.31487e-009 1.08218e-010 2.21033e-012 
2.63577e-044 4.5779e-032 3.11902e-018 1.55344e-010 5.29219e-007 5.33905e-005 1.62381e-005 3.61286e-006 2.96665e-007 9.00128e-009 1.05307e-010 
1.16633e-024 8.68985e-019 5.32323e-012 7.2843e-008 3.96136e-005 0.00176805 0.000538772 0.00011964 9.8208e-006 2.96627e-007 3.30321e-009 
2.72395e-015 6.26286e-012 1.60099e-008 1.17786e-005 0.00134409 0.0215393 0.00662391 0.00145751 0.00011964 3.61283e-006 4.01372e-008 
3.22849e-009 5.23395e-007 4.10547e-005 0.00162035 0.0247411 0.0963251 0.0345496 0.00666005 0.000539513 1.62359e-005 1.80101e-007 
0 0 0 0 0 0 0 0 0 0 0 
0 0 0 0 0 0 0 0 0 0 0 
0 0 0 0 0 0 0 0 0 0 0 
0 0 0 0 0 0 0 0 0 0 0 
0 0 0 0 0 0 0 0 0 0 0 
0 0 0 0 0 0 0 0 0 0 0 
0.198145
-2,3
4.31466e-270 2.32927e-047 3.97625e-027 8.71033e-016 5.56341e-009 5.93115e-007 1.81027e-007 4.01323e-008 3.28571e-009 9.36614e-011 0 
1.19092e-043 4.30233e-031 1.4514e-017 3.45569e-010 9.36339e-007 5.33905e-005 1.63278e-005 3.6128e-006 2.96512e-007 8.92459e-009 9.36614e-011 
2.58587e-024 2.40259e-018 1.12841e-011 1.179e-007 5.95547e-005 0.00176805 0.000543337 0.00011964 9.82057e-006 2.96512e-007 3.28571e-009 
4.03841e-015 9.72849e-012 2.42019e-008 1.70303e-005 0.0018012 0.0215393 0.00675228 0.00145752 0.00011964 3.6128e-006 4.01323e-008 
3.79951e-009 6.24358e-007 4.95304e-005 0.00193656 0.0295043 0.0963251 0.0371491 0.00672424 0.000541035 1.62583e-005 1.80255e-007 
0 0 0 0 0 0 0 0 0 0 0 
0 0 0 0 0 0 0 0 0 0 0 
0 0 0 0 0 0 0 0 0 0 0 
0 0 0 0 0 0 0 0 0 0 0 
0 0 0 0 0 0 0 0 0 0 0 
0 0 0 0 0 0 0 0 0 0 0 
0.206514
-2,4
4.04037e-270 7.60316e-046 4.90498e-026 4.85916e-015 1.24825e-008 5.93115e-007 1.82834e-007 4.01353e-008 3.29821e-009 1.03366e-010 2.21033e-012 
5.37156e-043 3.81343e-030 6.27799e-017 7.17028e-010 1.70379e-006 5.33905e-005 1.65311e-005 3.61281e-006 2.96577e-007 8.97572e-009 1.05307e-010 
5.71913e-024 6.53468e-018 2.28364e-011 1.9224e-007 9.41721e-005 0.00176805 0.000553071 0.00011964 9.82067e-006 2.96588e-007 3.30321e-009 
5.97344e-015 1.50209e-011 3.62377e-008 2.44425e-005 0.00249624 0.0215393 0.00698815 0.00145754 0.00011964 3.61282e-006 4.01372e-008 
4.4457e-009 7.40721e-007 5.93992e-005 0.00229577 0.0346074 0.0963251 0.0401901 0.00681029 0.00054293 1.62848e-005 1.80432e-007 
0 0 0 0 0 0 0 0 0 0 0 
0 0 0 0 0 0 0 0 0 0 0 
0 0 0 0 0 0 0 0 0 0 0 
0 0 0 0 0 0 0 0 0 0 0 
0 0 0 0 0 0 0 0 0 0 0 
0 0 0 0 0 0 0 0 0 0 0 
0.216099
-2,5
4.31466e-270 2.17245e-044 5.29834e-025 2.37658e-014 2.47831e-008 5.93115e-007 1.86477e-007 4.01346e-008 3.29285e-009 9.68962e-011 0 
2.41844e-042 3.19199e-029 2.5313e-016 1.39329e-009 3.00472e-006 5.33905e-005 1.69283e-005 3.61281e-006 2.96549e-007 8.94163e-009 9.36614e-011 
1.26169e-023 1.74672e-017 4.41888e-011 3.11e-007 0.000149037 0.00176805 0.000570986 0.00011964 9.82063e-006 2.96537e-007 3.28571e-009 
8.81559e-015 2.30535e-011 5.37127e-008 3.456e-005 0.00346331 0.0215393 0.00736544 0.0014576 0.00011964 3.61281e-006 4.01323e-008 
5.17583e-009 8.74455e-007 7.08282e-005 0.00270075 0.0396823 0.0963251 0.0434595 0.00692346 0.000545277 1.63162e-005 1.80634e-007 
0 0 0 0 0 0 0 0 0 0 0 
0 0 0 0 0 0 0 0 0 0 0 
0 0 0 0 0 0 0 0 0 0 0 
0 0 0 0 0 0 0 0 0 0 0 
0 0 0 0 0 0 0 0 0 0 0 
0 0 0 0 0 0 0 0 0 0 0 
0.226404
-1,-4
4.31466e-270 1.8792e-061 5.87751e-038 5.12379e-024 3.03083e-014 5.93115e-007 0 0 0 0 0 
7.10189e-050 1.18789e-039 1.78858e-023 1.43808e-013 4.64968e-008 5.33905e-005 1.477e-005 3.29564e-006 2.70522e-007 8.16907e-009 9.07502e-011 
6.94722e-028 1.54872e-022 6.88971e-015 3.52261e-009 5.57712e-006 0.00176805 0.000532866 0.000118899 9.75979e-006 2.9472e-007 3.27404e-009 
4.04702e-017 9.29478e-014 5.14042e-010 9.63055e-007 0.000293429 0.0215393 0.00653052 0.00145716 0.000119611 3.61193e-006 4.01249e-008 
3.66492e-010 6.08949e-008 5.32167e-006 0.000284945 0.0081876 0.0964698 0.0292574 0.00652822 0.000535869 1.61818e-005 1.79764e-007 
0 0 0 0 0 0 0 0 0 0 0 
0 0 0 0 0 0 0 0 0 0 0 
0 0 0 0 0 0 0 0 0 0 0 
0 0 0 0 0 0 0 0 0 0 0 
0 0 0 0 0 0 0 0 0 0 0 
0 0 0 0 0 0 0 0 0 0 0 
0.173738
-1,-3
4.04037e-270 5.50606e-059 6.49465e-036 2.54482e-022 5.83434e-013 5.93115e-007 1.99857e-007 5.01684e-008 4.70637e-009 1.65807e-010 2.21033e-012 
3.29089e-049 1.77016e-038 1.44873e-022 5.47527e-013 7.4685e-008 5.33905e-005 1.63494e-005 3.69211e-006 3.07716e-007 9.4794e-009 1.08218e-010 
1.5895e-027 4.84704e-022 2.08237e-014 5.89356e-009 8.44581e-006 0.00176805 0.000536558 0.000119825 9.84672e-006 2.97783e-007 3.31487e-009 
6.20541e-017 1.53909e-013 8.23061e-010 1.40401e-006 0.000406493 0.0215393 0.0065323 0.0014576 0.000119652 3.6134e-006 4.01445e-008 
4.65709e-010 7.76414e-008 6.82356e-006 0.000362696 0.00959874 0.0964698 0.0293045 0.00653091 0.000535994 1.61845e-005 1.79787e-007 
0 0 0 0 0 0 0 0 0 0 0 
0 0 0 0 0 0 0 0 0 0 0 
0 0 0 0 0 0 0 0 0 0 0 
0 0 0 0 0 0 0 0 0 0 0 
0 0 0 0 0 0 0 0 0 0 0 
0 0 0 0 0 0 0 0 0 0 0 
0.175404
-1,-2
4.31466e-270 7.95672e-057 3.54032e-034 6.23907e-021 5.56156e-012 5.93115e-007 1.77651e-007 3.76263e-008 2.68935e-009 5.52689e-011 0 
1.52314e-048 2.45224e-037 1.06036e-021 1.88549e-012 1.10679e-007 5.33905e-005 1.6174e-005 3.59299e-006 2.91776e-007 8.60584e-009 9.07502e-011 
3.63084e-027 1.5015e-021 5.96439e-014 9.45873e-009 1.19206e-005 0.00176805 0.00053615 0.000119594 9.80946e-006 2.95741e-007 3.27404e-009 
9.47851e-017 2.53397e-013 1.30529e-009 2.00759e-006 0.000531104 0.0215393 0.00653225 0.00145749 0.000119635 3.61242e-006 4.01249e-008 
5.806e-010 9.76088e-008 8.66553e-006 0.00045842 0.0110602 0.0964698 0.0294264 0.00653503 0.000536155 1.61876e-005 1.79812e-007 
0 0 0 0 0 0 0 0 0 0 0 
0 0 0 0 0 0 0 0 0 0 0 
0 0 0 0 0 0 0 0 0 0 0 
0 0 0 0 0 0 0 0 0 0 0 
0 0 0 0 0 0 0 0 0 0 0 
0 0 0 0 0 0 0 0 0 0 0 
0.177217
-1,-1
4.04037e-270 7.5598e-055 1.26916e-032 1.00663e-019 3.50155e-011 5.93115e-007 1.80121e-007 4.07618e-008 3.55379e-009 1.28961e-010 2.21033e-012 
7.04112e-048 3.1671e-036 7.06031e-021 5.91368e-012 1.54663e-007 5.33905e-005 1.61938e-005 3.61777e-006 2.98607e-007 9.18821e-009 1.08218e-010 
8.28002e-027 4.60067e-021 1.62068e-013 1.4743e-008 1.58725e-005 0.00176805 0.000536216 0.000119651 9.82543e-006 2.97102e-007 3.31487e-009 
1.44337e-016 4.14746e-013 2.05461e-009 2.83871e-006 0.000661043 0.0215393 0.00653323 0.00145752 0.000119642 3.61307e-006 4.01445e-008 
7.13496e-010 1.21367e-007 1.09146e-005 0.000575383 0.0127008 0.0964698 0.0296988 0.00654133 0.000536368 1.61915e-005 1.79843e-007 
0 0 0 0 0 0 0 0 0 0 0 
0 0 0 0 0 0 0 0 0 0 0 
0 0 0 0 0 0 0 0 0 0 0 
0 0 0 0 0 0 0 0 0 0 0 
0 0 0 0 0 0 0 0 0 0 0 
0 0 0 0 0 0 0 0 0 0 0 
0.179392
-1,0
4.31466e-270 5.31176e-053 3.36553e-031 1.20227e-018 1.63876e-010 5.93115e-007 1.79863e-007 3.99779e-008 3.18332e-009 7.98328e-011 0 
3.25087e-047 3.82295e-035 4.30102e-020 1.69936e-011 2.11999e-007 5.33905e-005 1.61936e-005 3.61157e-006 2.95679e-007 8.79997e-009 9.07502e-011 
1.88499e-026 1.39327e-020 4.18212e-013 2.26702e-008 2.04172e-005 0.00176805 0.000536322 0.000119637 9.81859e-006 2.96195e-007 3.27404e-009 
2.19227e-016 6.74747e-013 3.21482e-009 4.00646e-006 0.00079881 0.0215393 0.00653762 0.00145751 0.000119639 3.61264e-006 4.01249e-008 
8.6704e-010 1.49573e-007 1.36484e-005 0.000717018 0.0147198 0.0964698 0.0302326 0.00655083 0.000536646 1.61962e-005 1.79877e-007 
0 0 0 0 0 0 0 0 0 0 0 
0 0 0 0 0 0 0 0 0 0 0 
0 0 0 0 0 0 0 0 0 0 0 
0 0 0 0 0 0 0 0 0 0 0 
0 0 0 0 0 0 0 0 0 0 0 
0 0 0 0 0 0 0 0 0 0 0 
0.182247
-1,1
4.04037e-270 2.94348e-051 7.04048e-030 1.13371e-017 6.08447e-010 5.93115e-007 1.79963e-007 4.01739e-008 3.34209e-009 1.12585e-010 2.21033e-012 
1.49899e-046 4.32265e-034 2.40884e-019 4.49725e-011 3.03242e-007 5.33905e-005 1.62021e-005 3.61312e-006 2.96934e-007 9.0588e-009 1.08218e-010 
4.28364e-026 4.16702e-020 1.02587e-012 3.4977e-008 2.63905e-005 0.00176805 0.000536767 0.000119641 9.82152e-006 2.968e-007 3.31487e-009 
3.3221e-016 1.09095e-012 5.00371e-009 5.6886e-006 0.000964375 0.0215393 0.00655272 0.00145751 0.00011964 3.61293e-006 4.01445e-008 
1.04424e-009 1.82986e-007 1.69559e-005 0.000886775 0.0173329 0.0964698 0.0311603 0.00656494 0.000537007 1.62019e-005 1.79919e-007 
0 0 0 0 0 0 0 0 0 0 0 
0 0 0 0 0 0 0 0 0 0 0 
0 0 0 0 0 0 0 0 0 0 0 
0 0 0 0 0 0 0 0 0 0 0 
0 0 0 0 0 0 0 0 0 0 0 
0 0 0 0 0 0 0 0 0 0 0 
0.186164
-1,2
4.31466e-270 1.33973e-049 1.21007e-028 8.7911e-017 1.86806e-009 5.93115e-007 1.80199e-007 4.01249e-008 3.27404e-009 9.07502e-011 0 
6.90264e-046 4.58754e-033 1.24554e-018 1.10111e-010 4.79055e-007 5.33905e-005 1.62297e-005 3.61273e-006 2.96396e-007 8.88624e-009 9.07502e-011 
9.71659e-026 1.22975e-019 2.39446e-012 5.48669e-008 3.59366e-005 0.00176805 0.000538169 0.00011964 9.82026e-006 2.96396e-007 3.27404e-009 
5.02351e-016 1.75273e-012 7.74566e-009 8.15468e-006 0.00120103 0.0215393 0.00659408 0.00145751 0.00011964 3.61273e-006 4.01249e-008 
1.24848e-009 2.22477e-007 2.09385e-005 0.00108798 0.0206949 0.0964698 0.0326051 0.00658562 0.000537475 1.62088e-005 1.79966e-007 
0 0 0 0 0 0 0 0 0 0 0 
0 0 0 0 0 0 0 0 0 0 0 
0 0 0 0 0 0 0 0 0 0 0 
0 0 0 0 0 0 0 0 0 0 0 
0 0 0 0 0 0 0 0 0 0 0 
0 0 0 0 0 0 0 0 0 0 0 
0.191489
-1,3
4.04037e-270 5.15054e-048 1.75724e-027 5.76526e-016 4.88214e-009 5.93115e-007 1.80873e-007 4.01372e-008 3.30321e-009 1.05307e-010 2.21033e-012 
3.1742e-045 4.5779e-032 5.96777e-018 2.50457e-010 8.34559e-007 5.33905e-005 1.63054e-005 3.61283e-006 2.96627e-007 9.00128e-009 1.08218e-010 
2.19978e-025 3.57784e-019 5.32323e-012 8.7862e-008 5.29077e-005 0.00176805 0.000541815 0.00011964 9.8208e-006 2.96665e-007 3.31487e-009 
7.58081e-016 2.79776e-012 1.19139e-008 1.17786e-005 0.00157265 0.0215393 0.00668809 0.00145751 0.00011964 3.61286e-006 4.01445e-008 
1.4836e-009 2.69039e-007 2.57105e-005 0.00132373 0.0248289 0.0964698 0.0346373 0.00661545 0.000538078 1.62171e-005 1.80022e-007 
0 0 0 0 0 0 0 0 0 0 0 
0 0 0 0 0 0 0 0 0 0 0 
0 0 0 0 0 0 0 0 0 0 0 
0 0 0 0 0 0 0 0 0 0 0 
0 0 0 0 0 0 0 0 0 0 0 
0 0 0 0 0 0 0 0 0 0 0 
0.198416
-1,4
4.31466e-270 1.70697e-046 2.20057e-026 3.26391e-015 1.10987e-008 5.93115e-007 1.82472e-007 4.01341e-008 3.29071e-009 9.56023e-011 0 
1.45759e-044 4.30233e-031 2.65805e-017 5.31298e-010 1.51193e-006 5.33905e-005 1.64803e-005 3.61281e-006 2.96528e-007 8.92459e-009 9.07502e-011 
4.97022e-025 1.02522e-018 1.12841e-011 1.4268e-007 8.2633e-005 0.00176805 0.000549826 0.00011964 9.82057e-006 2.96486e-007 3.27404e-009 
1.14171e-015 4.43661e-012 1.8184e-008 1.70303e-005 0.00214872 0.0215393 0.00687021 0.00145752 0.00011964 3.61278e-006 4.01249e-008 
1.75394e-009 3.23804e-007 3.13999e-005 0.00159693 0.029592 0.0964698 0.0372368 0.00665776 0.000538852 1.62272e-005 1.80087e-007 
0 0 0 0 0 0 0 0 0 0 0 
0 0 0 0 0 0 0 0 0 0 0 
0 0 0 0 0 0 0 0 0 0 0 
0 0 0 0 0 0 0 0 0 0 0 
0 0 0 0 0 0 0 0 0 0 0 
0 0 0 0 0 0 0 0 0 0 0 
0.206903
-1,5
4.04037e-270 4.95316e-045 2.41364e-025 1.62032e-014 2.2323e-008 5.93115e-007 1.85748e-007 4.01349e-008 3.29606e-009 1.02072e-010 2.21033e-012 
6.68337e-044 3.81343e-030 1.10367e-016 1.05516e-009 2.67949e-006 5.33905e-005 1.6829e-005 3.61281e-006 2.9657e-007 8.97572e-009 1.08218e-010 
1.12065e-024 2.8905e-018 2.28364e-011 2.31827e-007 0.000130748 0.00176805 0.000565015 0.00011964 9.82067e-006 2.96605e-007 3.31487e-009 
1.71604e-015 6.98887e-012 2.75002e-008 2.44425e-005 0.00297978 0.0215393 0.00717679 0.00145754 0.00011964 3.61283e-006 4.01445e-008 
2.06434e-009 3.88053e-007 3.81483e-005 0.00191037 0.0346952 0.0964698 0.0402778 0.0067167 0.000539842 1.62394e-005 1.80162e-007 
0 0 0 0 0 0 0 0 0 0 0 
0 0 0 0 0 0 0 0 0 0 0 
0 0 0 0 0 0 0 0 0 0 0 
0 0 0 0 0 0 0 0 0 0 0 
0 0 0 0 0 0 0 0 0 0 0 
0 0 0 0 0 0 0 0 0 0 0 
0.216637
0,-4
4.04037e-270 3.7584e-062 2.351e-038 3.07427e-024 2.42466e-014 5.93115e-007 3.59743e-007 8.02694e-008 6.58892e-009 1.98968e-010 2.21033e-012 
1.38127e-051 7.38671e-041 5.95593e-024 8.8845e-014 4.1455e-008 5.33905e-005 1.83237e-005 4.08857e-006 3.3561e-007 1.01346e-008 1.12585e-010 
4.21619e-029 1.3725e-023 2.15767e-015 2.50861e-009 4.85798e-006 0.00176805 0.000543941 0.00012137 9.96263e-006 3.00845e-007 3.34209e-009 
5.65397e-018 1.87524e-014 2.18827e-010 6.44469e-007 0.000246403 0.0215393 0.0065385 0.00145894 0.000119757 3.61634e-006 4.01739e-008 
1.1342e-010 2.05689e-008 2.18496e-006 0.000165781 0.00681535 0.0965168 0.0292711 0.00653126 0.000536119 1.61894e-005 1.79848e-007 
0 0 0 0 0 0 0 0 0 0 0 
0 0 0 0 0 0 0 0 0 0 0 
0 0 0 0 0 0 0 0 0 0 0 
0 0 0 0 0 0 0 0 0 0 0 
0 0 0 0 0 0 0 0 0 0 0 
0 0 0 0 0 0 0 0 0 0 0 
0.172288
0,-3
4.31466e-270 1.11624e-059 2.63312e-036 1.54738e-022 4.72809e-013 5.93115e-007 1.59886e-007 3.0101e-008 1.88255e-009 3.31613e-011 0 
6.50169e-051 1.18789e-039 4.96325e-023 3.45668e-013 6.76379e-008 5.33905e-005 1.59546e-005 3.49387e-006 2.79821e-007 8.16907e-009 8.63832e-011 
9.82466e-029 4.49287e-023 6.88971e-015 4.31293e-009 7.48958e-006 0.00176805 0.000535328 0.000119207 9.75979e-006 2.93699e-007 3.24683e-009 
8.80375e-018 3.20502e-014 3.59535e-010 9.63055e-007 0.000349961 0.0215393 0.00653141 0.00145716 0.00011959 3.61046e-006 4.00955e-008 
1.44492e-010 2.63961e-008 2.83916e-006 0.000213545 0.00821606 0.0965168 0.0292859 0.00653188 0.00053614 1.61896e-005 1.79848e-007 
0 0 0 0 0 0 0 0 0 0 0 
0 0 0 0 0 0 0 0 0 0 0 
0 0 0 0 0 0 0 0 0 0 0 
0 0 0 0 0 0 0 0 0 0 0 
0 0 0 0 0 0 0 0 0 0 0 
0 0 0 0 0 0 0 0 0 0 0 
0.173836
0,-2
4.04037e-270 1.63539e-057 1.45509e-034 3.84523e-021 4.56594e-012 5.93115e-007 1.82092e-007 4.26431e-008 3.89956e-009 1.43699e-010 2.21033e-012 
3.05753e-050 1.77016e-038 3.73744e-022 1.21651e-012 1.01681e-007 5.33905e-005 1.62179e-005 3.64255e-006 3.03731e-007 9.4794e-009 1.12585e-010 
2.28645e-028 1.4577e-022 2.08237e-014 7.08195e-009 1.07623e-005 0.00176805 0.000536286 0.000119748 9.84672e-006 2.98463e-007 3.34209e-009 
1.36672e-017 5.44858e-014 5.81951e-010 1.40401e-006 0.000468799 0.0215393 0.00653228 0.0014576 0.000119661 3.61438e-006 4.01739e-008 
1.8101e-010 3.34803e-008 3.66087e-006 0.000273323 0.0096272 0.0965168 0.029333 0.00653313 0.000536191 1.61908e-005 1.79861e-007 
0 0 0 0 0 0 0 0 0 0 0 
0 0 0 0 0 0 0 0 0 0 0 
0 0 0 0 0 0 0 0 0 0 0 
0 0 0 0 0 0 0 0 0 0 0 
0 0 0 0 0 0 0 0 0 0 0 
0 0 0 0 0 0 0 0 0 0 0 
0.175482
0,-1
4.31466e-270 1.57561e-055 5.28906e-033 6.28932e-020 2.91247e-011 5.93115e-007 1.79627e-007 3.95076e-008 3.03513e-009 7.00073e-011 0 
1.43648e-049 2.45224e-037 2.56035e-021 3.89959e-012 1.43667e-007 5.33905e-005 1.61889e-005 3.60538e-006 2.93484e-007 8.60584e-009 8.63832e-011 
5.3142e-028 4.68447e-022 5.96439e-014 1.12202e-008 1.45552e-005 0.00176805 0.000536194 0.000119613 9.80946e-006 2.95287e-007 3.24683e-009 
2.11662e-017 9.21107e-014 9.30628e-010 2.00759e-006 0.000596074 0.0215393 0.00653274 0.00145749 0.000119631 3.61177e-006 4.00955e-008 
2.23886e-010 4.20766e-008 4.68859e-006 0.000347807 0.0110887 0.0965168 0.0294549 0.00653508 0.000536251 1.61917e-005 1.79863e-007 
0 0 0 0 0 0 0 0 0 0 0 
0 0 0 0 0 0 0 0 0 0 0 
0 0 0 0 0 0 0 0 0 0 0 
0 0 0 0 0 0 0 0 0 0 0 
0 0 0 0 0 0 0 0 0 0 0 
0 0 0 0 0 0 0 0 0 0 0 
0.177274
0,0
4.04037e-270 1.12283e-053 1.42236e-031 7.61627e-019 1.38104e-010 5.93115e-007 1.79915e-007 4.02915e-008 3.4056e-009 1.19135e-010 2.21033e-012 
6.74222e-049 3.1671e-036 1.60478e-020 1.14536e-011 1.97665e-007 5.33905e-005 1.61937e-005 3.61467e-006 2.97875e-007 9.18821e-009 1.12585e-010 
1.23346e-027 1.48998e-021 1.62068e-013 1.73854e-008 1.89023e-005 0.00176805 0.000536287 0.000119647 9.82543e-006 2.97405e-007 3.34209e-009 
3.27121e-017 1.5481e-013 1.4745e-009 2.83871e-006 0.000729927 0.0215393 0.00653543 0.00145752 0.000119644 3.61351e-006 4.01739e-008 
2.74183e-010 5.24882e-008 5.96832e-006 0.000440098 0.0127292 0.0965168 0.0297273 0.00653819 0.000536335 1.61932e-005 1.79879e-007 
0 0 0 0 0 0 0 0 0 0 0 
0 0 0 0 0 0 0 0 0 0 0 
0 0 0 0 0 0 0 0 0 0 0 
0 0 0 0 0 0 0 0 0 0 0 
0 0 0 0 0 0 0 0 0 0 0 
0 0 0 0 0 0 0 0 0 0 0 
0.179426
0,1
4.31466e-270 6.3119e-052 3.01812e-030 7.28314e-018 5.19533e-010 5.93115e-007 1.79943e-007 4.00955e-008 3.24683e-009 8.63832e-011 0 
3.16129e-048 3.82295e-035 9.24787e-020 3.0983e-011 2.80431e-007 5.33905e-005 1.62e-005 3.61235e-006 2.95993e-007 8.79997e-009 8.63832e-011 
2.85894e-027 4.68693e-021 4.18212e-013 2.67724e-008 2.43994e-005 0.00176805 0.000536618 0.000119638 9.81859e-006 2.95993e-007 3.24683e-009 
5.04624e-017 2.58604e-013 2.32038e-009 4.00646e-006 0.000881593 0.0215393 0.00654517 0.00145751 0.000119638 3.61235e-006 4.00955e-008 
3.33127e-010 6.50736e-008 7.55469e-006 0.000553612 0.0147483 0.0965168 0.0302611 0.00654306 0.000536445 1.61948e-005 1.79885e-007 
0 0 0 0 0 0 0 0 0 0 0 
0 0 0 0 0 0 0 0 0 0 0 
0 0 0 0 0 0 0 0 0 0 0 
0 0 0 0 0 0 0 0 0 0 0 
0 0 0 0 0 0 0 0 0 0 0 
0 0 0 0 0 0 0 0 0 0 0 
0.182267
0,2
4.04037e-270 2.91494e-050 5.26272e-029 5.72814e-017 1.61614e-009 5.93115e-007 1.80152e-007 4.01445e-008 3.31487e-009 1.08218e-010 2.21033e-012 
1.48071e-047 4.32265e-034 4.92049e-019 7.75417e-011 4.35102e-007 5.33905e-005 1.62228e-005 3.61293e-006 2.968e-007 9.0588e-009 1.12585e-010 
6.61686e-027 1.45685e-020 1.02587e-012 4.1607e-008 3.27545e-005 0.00176805 0.000537702 0.00011964 9.82152e-006 2.96934e-007 3.34209e-009 
7.77088e-017 4.29242e-013 3.63274e-009 5.6886e-006 0.0010827 0.0215393 0.0065734 0.00145751 0.000119641 3.61312e-006 4.01739e-008 
4.02135e-010 8.02558e-008 9.51207e-006 0.000691925 0.0173613 0.0965168 0.0311888 0.00655061 0.000536593 1.61969e-005 1.79905e-007 
0 0 0 0 0 0 0 0 0 0 0 
0 0 0 0 0 0 0 0 0 0 0 
0 0 0 0 0 0 0 0 0 0 0 
0 0 0 0 0 0 0 0 0 0 0 
0 0 0 0 0 0 0 0 0 0 0 
0 0 0 0 0 0 0 0 0 0 0 
0.186197
0,3
4.31466e-270 1.13729e-048 7.75502e-028 3.8108e-016 4.27933e-009 5.93115e-007 1.80738e-007 4.01323e-008 3.28571e-009 9.36614e-011 0 
6.92793e-047 4.58754e-033 2.4261e-018 1.80284e-010 7.45683e-007 5.33905e-005 1.62865e-005 3.61278e-006 2.96454e-007 8.88624e-009 8.63832e-011 
1.52912e-026 4.47058e-020 2.39446e-012 6.58653e-008 4.72506e-005 0.00176805 0.0005406 0.00011964 9.82026e-006 2.96307e-007 3.24683e-009 
1.19464e-016 7.07759e-013 5.66152e-009 8.15468e-006 0.00138684 0.0215393 0.00664109 0.00145751 0.00011964 3.61261e-006 4.00955e-008 
4.82844e-010 9.85321e-008 1.19157e-005 0.000858572 0.0207233 0.0965168 0.0326335 0.00656214 0.00053679 1.61994e-005 1.79916e-007 
0 0 0 0 0 0 0 0 0 0 0 
0 0 0 0 0 0 0 0 0 0 0 
0 0 0 0 0 0 0 0 0 0 0 
0 0 0 0 0 0 0 0 0 0 0 
0 0 0 0 0 0 0 0 0 0 0 
0 0 0 0 0 0 0 0 0 0 0 
0.191577
0,4
4.04037e-270 3.82599e-047 9.85662e-027 2.18895e-015 9.85538e-009 5.93115e-007 1.82152e-007 4.01353e-008 3.29821e-009 1.03366e-010 2.21033e-012 
3.23781e-046 4.5779e-032 1.11209e-017 3.90878e-010 1.34258e-006 5.33905e-005 1.64366e-005 3.61282e-006 2.96602e-007 9.00128e-009 1.12585e-010 
3.52816e-026 1.35304e-019 5.32323e-012 1.06135e-007 7.27245e-005 0.00176805 0.000547156 0.00011964 9.8208e-006 2.96725e-007 3.34209e-009 
1.83349e-016 1.15898e-012 8.77892e-009 1.17786e-005 0.00186068 0.0215393 0.00677915 0.00145751 0.00011964 3.61295e-006 4.01739e-008 
5.77137e-010 1.20485e-007 1.4853e-005 0.00105688 0.0248573 0.0965168 0.0346658 0.00657949 0.00053705 1.62026e-005 1.79941e-007 
0 0 0 0 0 0 0 0 0 0 0 
0 0 0 0 0 0 0 0 0 0 0 
0 0 0 0 0 0 0 0 0 0 0 
0 0 0 0 0 0 0 0 0 0 0 
0 0 0 0 0 0 0 0 0 0 0 
0 0 0 0 0 0 0 0 0 0 0 
0.19861
0,5
4.31466e-270 1.12719e-045 1.09749e-025 1.10275e-014 2.00781e-008 5.93115e-007 1.85093e-007 4.01346e-008 3.29285e-009 9.68962e-011 0 
1.51145e-045 4.30233e-031 4.75272e-017 7.93229e-010 2.3876e-006 5.33905e-005 1.67418e-005 3.61281e-006 2.96539e-007 8.92459e-009 8.63832e-011 
8.12726e-026 4.03463e-019 1.12841e-011 1.72396e-007 0.00011471 0.00176805 0.000559952 0.00011964 9.82057e-006 2.96446e-007 3.24683e-009 
2.80921e-016 1.88441e-012 1.35259e-008 1.70303e-005 0.00256425 0.0215393 0.0070235 0.00145752 0.00011964 3.61272e-006 4.00955e-008 
6.87182e-010 1.46796e-007 1.84245e-005 0.00128984 0.0296205 0.0965168 0.0372653 0.00660517 0.000537393 1.62065e-005 1.79958e-007 
0 0 0 0 0 0 0 0 0 0 0 
0 0 0 0 0 0 0 0 0 0 0 
0 0 0 0 0 0 0 0 0 0 0 
0 0 0 0 0 0 0 0 0 0 0 
0 0 0 0 0 0 0 0 0 0 0 
0 0 0 0 0 0 0 0 0 0 0 
0.207245
1,-4
4.31466e-270 7.5168e-063 9.40401e-039 1.84456e-024 1.93973e-014 5.93115e-007 0 0 0 0 0 
2.11642e-053 4.24073e-042 1.96947e-024 5.46655e-014 3.68649e-008 5.33905e-005 1.29932e-005 2.89917e-006 2.37978e-007 7.18632e-009 7.98328e-011 
2.01216e-030 9.69275e-025 6.38795e-016 1.75841e-009 4.21638e-006 0.00176805 0.0005181 0.000115604 9.48933e-006 2.86553e-007 3.18332e-009 
6.31995e-019 3.08542e-015 8.68971e-011 4.20058e-007 0.000205189 0.0215393 0.0065066 0.00145182 0.000119173 3.5987e-006 3.99779e-008 
2.79707e-011 5.62726e-009 7.67948e-007 9.14608e-005 0.00546584 0.0965293 0.0292696 0.00653093 0.000536092 1.61886e-005 1.79839e-007 
0 0 0 0 0 0 0 0 0 0 0 
0 0 0 0 0 0 0 0 0 0 0 
0 0 0 0 0 0 0 0 0 0 0 
0 0 0 0 0 0 0 0 0 0 0 
0 0 0 0 0 0 0 0 0 0 0 
0 0 0 0 0 0 0 0 0 0 0 
0.170752
1,-3
4.04037e-270 2.26256e-060 1.06736e-036 9.40728e-023 3.83096e-013 5.93115e-007 1.99857e-007 5.01684e-008 4.70637e-009 1.65807e-010 2.21033e-012 
1.01171e-052 7.38671e-041 1.68751e-023 2.17256e-013 6.10922e-008 5.33905e-005 1.65469e-005 3.79122e-006 3.21663e-007 1.01346e-008 1.19135e-010 
4.774e-030 3.32382e-024 2.15767e-015 3.11005e-009 6.61238e-006 0.00176805 0.000538199 0.000120649 9.96263e-006 3.03227e-007 3.4056e-009 
1.00026e-018 5.46098e-015 1.48473e-010 6.44469e-007 0.000298182 0.0215393 0.00653495 0.00145894 0.00011984 3.62222e-006 4.02915e-008 
3.57609e-011 7.28479e-009 1.01557e-006 0.000119711 0.00682294 0.0965293 0.0292787 0.00653234 0.000536216 1.61928e-005 1.79895e-007 
0 0 0 0 0 0 0 0 0 0 0 
0 0 0 0 0 0 0 0 0 0 0 
0 0 0 0 0 0 0 0 0 0 0 
0 0 0 0 0 0 0 0 0 0 0 
0 0 0 0 0 0 0 0 0 0 0 
0 0 0 0 0 0 0 0 0 0 0 
0.172311
1,-2
4.31466e-270 3.36008e-058 5.97837e-035 2.36904e-021 3.74731e-012 5.93115e-007 1.77651e-007 3.76263e-008 2.68935e-009 5.52689e-011 0 
4.83291e-052 1.18789e-039 1.3066e-022 7.81089e-013 9.31701e-008 5.33905e-005 1.6152e-005 3.56821e-006 2.85798e-007 8.16907e-009 7.98328e-011 
1.1316e-029 1.13147e-023 6.88971e-015 5.23594e-009 9.67143e-006 0.00176805 0.000535967 0.000119388 9.75979e-006 2.92111e-007 3.18332e-009 
1.57953e-018 9.62106e-015 2.48327e-010 9.63055e-007 0.00040938 0.0215393 0.00653184 0.00145716 0.000119554 3.60654e-006 3.99779e-008 
4.50544e-011 9.34126e-009 1.33475e-006 0.00015546 0.00822365 0.0965293 0.0292935 0.00653232 0.000536176 1.61903e-005 1.79842e-007 
0 0 0 0 0 0 0 0 0 0 0 
0 0 0 0 0 0 0 0 0 0 0 
0 0 0 0 0 0 0 0 0 0 0 
0 0 0 0 0 0 0 0 0 0 0 
0 0 0 0 0 0 0 0 0 0 0 
0 0 0 0 0 0 0 0 0 0 0 
0.173867
1,-1
4.04037e-270 3.28206e-056 2.20293e-033 3.9274e-020 2.4213e-011 5.93115e-007 1.8012e-007 4.07618e-008 3.55379e-009 1.28961e-010 2.21033e-012 
2.30705e-051 1.77016e-038 9.20394e-022 2.55805e-012 1.3317e-007 5.33905e-005 1.61961e-005 3.62396e-006 3.01169e-007 9.4794e-009 1.19135e-010 
2.67969e-029 3.82116e-023 2.08237e-014 8.46136e-009 1.32909e-005 0.00176805 0.000536225 0.000119703 9.84672e-006 2.99522e-007 3.4056e-009 
2.48971e-018 1.68674e-014 4.07612e-010 1.40401e-006 0.000532436 0.0215393 0.00653251 0.0014576 0.000119677 3.61699e-006 4.02915e-008 
5.61331e-011 1.18887e-008 1.74445e-006 0.000200532 0.00963479 0.0965293 0.0293406 0.00653288 0.000536211 1.61923e-005 1.79898e-007 
0 0 0 0 0 0 0 0 0 0 0 
0 0 0 0 0 0 0 0 0 0 0 
0 0 0 0 0 0 0 0 0 0 0 
0 0 0 0 0 0 0 0 0 0 0 
0 0 0 0 0 0 0 0 0 0 0 
0 0 0 0 0 0 0 0 0 0 0 
0.175501
1,0
4.31466e-270 2.37171e-054 6.00679e-032 4.82134e-019 1.16308e-010 5.93115e-007 1.79857e-007 3.99779e-008 3.18332e-009 7.98328e-011 0 
1.1005e-050 2.45224e-037 5.9322e-021 7.6766e-012 1.84165e-007 5.33905e-005 1.61925e-005 3.61002e-006 2.94581e-007 8.60584e-009 7.98328e-011 
6.33931e-029 1.27936e-022 5.96439e-014 1.32752e-008 1.74533e-005 0.00176805 0.000536256 0.000119624 9.80946e-006 2.94581e-007 3.18332e-009 
3.91822e-018 2.94177e-014 6.58691e-010 2.00759e-006 0.000663 0.0215393 0.00653408 0.00145749 0.000119624 3.61002e-006 3.99779e-008 
6.93305e-011 1.50394e-008 2.26813e-006 0.00025721 0.0110963 0.0965293 0.0294625 0.00653366 0.000536222 1.61914e-005 1.79846e-007 
0 0 0 0 0 0 0 0 0 0 0 
0 0 0 0 0 0 0 0 0 0 0 
0 0 0 0 0 0 0 0 0 0 0 
0 0 0 0 0 0 0 0 0 0 0 
0 0 0 0 0 0 0 0 0 0 0 
0 0 0 0 0 0 0 0 0 0 0 
0.177279
1,1
4.04037e-270 1.35221e-052 1.29259e-030 4.67454e-018 4.43247e-010 5.93115e-007 1.79937e-007 4.01739e-008 3.34209e-009 1.12585e-010 2.21033e-012 
5.24559e-050 3.1671e-036 3.51555e-020 2.12183e-011 2.59739e-007 5.33905e-005 1.61984e-005 3.61351e-006 2.97405e-007 9.18821e-009 1.19135e-010 
1.49813e-028 4.24331e-022 1.62068e-013 2.05144e-008 2.2567e-005 0.00176805 0.000536508 0.000119644 9.82543e-006 2.97875e-007 3.4056e-009 
6.15758e-018 5.10223e-014 1.05157e-009 2.83871e-006 0.00080576 0.0215393 0.0065403 0.00145752 0.000119647 3.61467e-006 4.02915e-008 
8.50399e-011 1.89296e-008 2.93458e-006 0.000328277 0.0127368 0.0965293 0.0297349 0.00653501 0.000536253 1.61926e-005 1.79903e-007 
0 0 0 0 0 0 0 0 0 0 0 
0 0 0 0 0 0 0 0 0 0 0 
0 0 0 0 0 0 0 0 0 0 0 
0 0 0 0 0 0 0 0 0 0 0 
0 0 0 0 0 0 0 0 0 0 0 
0 0 0 0 0 0 0 0 0 0 0 
0.17942
1,2
4.31466e-270 6.33484e-051 2.28617e-029 3.72821e-017 1.39682e-009 5.93115e-007 1.8011e-007 4.01249e-008 3.27404e-009 9.07502e-011 0 
2.49842e-049 3.82295e-035 1.92371e-019 5.42624e-011 3.96434e-007 5.33905e-005 1.62171e-005 3.61264e-006 2.96195e-007 8.79997e-009 7.98328e-011 
3.53665e-028 1.39307e-021 4.18212e-013 3.17173e-008 2.99695e-005 0.00176805 0.000537341 0.000119639 9.81859e-006 2.95679e-007 3.18332e-009 
9.66377e-018 8.79725e-014 1.6642e-009 4.00646e-006 0.000982148 0.0215393 0.00655929 0.00145751 0.000119637 3.61157e-006 3.99779e-008 
1.03725e-010 2.37247e-008 3.77894e-006 0.000416993 0.0147558 0.0965293 0.0302686 0.00653721 0.000536288 1.61926e-005 1.79851e-007 
0 0 0 0 0 0 0 0 0 0 0 
0 0 0 0 0 0 0 0 0 0 0 
0 0 0 0 0 0 0 0 0 0 0 
0 0 0 0 0 0 0 0 0 0 0 
0 0 0 0 0 0 0 0 0 0 0 
0 0 0 0 0 0 0 0 0 0 0 
0.18227
1,3
4.04037e-270 2.50777e-049 3.41777e-028 2.51561e-016 3.74669e-009 5.93115e-007 1.80621e-007 4.01372e-008 3.30321e-009 1.05307e-010 2.21033e-012 
1.18902e-048 4.32265e-034 9.75561e-019 1.28913e-010 6.68038e-007 5.33905e-005 1.62706e-005 3.61286e-006 2.96713e-007 9.0588e-009 1.19135e-010 
8.33967e-028 4.52274e-021 1.02587e-012 4.96931e-008 4.24186e-005 0.00176805 0.000539634 0.00011964 9.82152e-006 2.97143e-007 3.4056e-009 
1.51464e-017 1.50732e-013 2.61834e-009 5.6886e-006 0.00123477 0.0215393 0.00660725 0.00145751 0.000119641 3.61364e-006 4.02915e-008 
1.25931e-010 2.96245e-008 4.84376e-006 0.000526971 0.0173689 0.0965293 0.0311964 0.00654077 0.000536339 1.61936e-005 1.7991e-007 
0 0 0 0 0 0 0 0 0 0 0 
0 0 0 0 0 0 0 0 0 0 0 
0 0 0 0 0 0 0 0 0 0 0 
0 0 0 0 0 0 0 0 0 0 0 
0 0 0 0 0 0 0 0 0 0 0 
0 0 0 0 0 0 0 0 0 0 0 
0.186243
1,4
4.31466e-270 8.56181e-048 4.40795e-027 1.4658e-015 8.74017e-009 5.93115e-007 1.8187e-007 4.01341e-008 3.29071e-009 9.56023e-011 0 
5.65394e-048 4.58754e-033 4.59981e-018 2.85581e-010 1.19336e-006 5.33905e-005 1.6399e-005 3.6128e-006 2.96491e-007 8.88624e-009 7.98328e-011 
1.96428e-027 1.45064e-020 2.39446e-012 7.92884e-008 6.42332e-005 0.00176805 0.000544971 0.00011964 9.82026e-006 2.96167e-007 3.18332e-009 
2.37084e-017 2.56545e-013 4.10282e-009 8.15468e-006 0.00162376 0.0215393 0.00671012 0.00145751 0.000119639 3.61226e-006 3.99779e-008 
1.52301e-010 3.687e-008 6.18016e-006 0.000661963 0.0207309 0.0965293 0.0326411 0.00654648 0.000536408 1.61941e-005 1.7986e-007 
0 0 0 0 0 0 0 0 0 0 0 
0 0 0 0 0 0 0 0 0 0 0 
0 0 0 0 0 0 0 0 0 0 0 
0 0 0 0 0 0 0 0 0 0 0 
0 0 0 0 0 0 0 0 0 0 0 
0 0 0 0 0 0 0 0 0 0 0 
0.191714
1,5
4.04037e-270 2.56046e-046 4.98135e-026 7.49205e-015 1.80336e-008 5.93115e-007 1.84505e-007 4.01349e-008 3.29606e-009 1.02072e-010 2.21033e-012 
2.68623e-047 4.5779e-032 2.02225e-017 5.92053e-010 2.12634e-006 5.33905e-005 1.66655e-005 3.61281e-006 2.96586e-007 9.00128e-009 1.19135e-010 
4.62096e-027 4.59177e-020 5.32323e-012 1.28222e-007 0.000100715 0.00176805 0.000555687 0.00011964 9.8208e-006 2.96818e-007 3.4056e-009 
3.70609e-017 4.33558e-013 6.40544e-009 1.17786e-005 0.00221247 0.0215393 0.00690133 0.00145751 0.00011964 3.61318e-006 4.02915e-008 
1.83588e-010 4.5751e-008 7.84912e-006 0.000825605 0.0248649 0.0965293 0.0346734 0.0065555 0.000536502 1.61952e-005 1.7992e-007 
0 0 0 0 0 0 0 0 0 0 0 
0 0 0 0 0 0 0 0 0 0 0 
0 0 0 0 0 0 0 0 0 0 0 
0 0 0 0 0 0 0 0 0 0 0 
0 0 0 0 0 0 0 0 0 0 0 
0 0 0 0 0 0 0 0 0 0 0 
0.198886
2,-4
4.04037e-270 1.50336e-063 3.76161e-039 1.10674e-024 1.55178e-014 5.93115e-007 3.59743e-007 8.02694e-008 6.58892e-009 1.98968e-010 2.21033e-012 
2.39561e-055 2.23826e-043 6.46894e-025 3.35032e-014 3.27007e-008 5.33905e-005 2.0989e-005 4.68327e-006 3.84427e-007 1.16087e-008 1.28961e-010 
7.081e-032 5.12387e-026 1.78536e-016 1.21316e-009 3.64783e-006 0.00176805 0.000578396 0.000129058 1.05937e-005 3.19902e-007 3.55379e-009 
5.29223e-020 3.86388e-016 3.10851e-011 2.67314e-007 0.00016974 0.0215393 0.00663418 0.00148029 0.000121509 3.66926e-006 4.07618e-008 
5.15891e-012 1.17497e-009 2.23173e-007 4.74191e-005 0.00422468 0.0965319 0.0293149 0.00654105 0.000536922 1.62136e-005 1.80117e-007 
0 0 0 0 0 0 0 0 0 0 0 
0 0 0 0 0 0 0 0 0 0 0 
0 0 0 0 0 0 0 0 0 0 0 
0 0 0 0 0 0 0 0 0 0 0 
0 0 0 0 0 0 0 0 0 0 0 
0 0 0 0 0 0 0 0 0 0 0 
0.169733
2,-3
4.31466e-270 4.58525e-061 4.32585e-037 5.71815e-023 3.10357e-013 5.93115e-007 1.59886e-007 3.0101e-008 1.88255e-009 3.31613e-011 0 
1.16271e-054 4.24073e-042 5.69587e-024 1.35961e-013 5.50354e-008 5.33905e-005 1.56584e-005 3.3452e-006 2.589e-007 7.18632e-009 7.00073e-011 
1.71006e-031 1.84425e-025 6.38795e-016 2.20896e-009 5.81372e-006 0.00176805 0.000531499 0.000117285 9.48933e-006 2.80995e-007 3.03513e-009 
8.52028e-020 7.10362e-016 5.61091e-011 4.20058e-007 0.000251686 0.0215393 0.00652078 0.00145182 0.000118839 3.57518e-006 3.95076e-008 
6.62656e-012 1.53836e-009 3.01959e-007 6.35669e-005 0.00546744 0.0965319 0.0292712 0.00652988 0.000535872 1.61766e-005 1.79624e-007 
0 0 0 0 0 0 0 0 0 0 0 
0 0 0 0 0 0 0 0 0 0 0 
0 0 0 0 0 0 0 0 0 0 0 
0 0 0 0 0 0 0 0 0 0 0 
0 0 0 0 0 0 0 0 0 0 0 
0 0 0 0 0 0 0 0 0 0 0 
0.170809
2,-2
4.04037e-270 6.90117e-059 2.45539e-035 1.45905e-021 3.07447e-012 5.93115e-007 1.82092e-007 4.26431e-008 3.89956e-009 1.43699e-010 2.21033e-012 
5.64067e-054 7.38671e-041 4.53214e-023 4.99173e-013 8.51506e-008 5.33905e-005 1.62507e-005 3.67972e-006 3.12697e-007 1.01346e-008 1.28961e-010 
4.12723e-031 6.60188e-025 2.15767e-015 3.81868e-009 8.65175e-006 0.00176805 0.000536711 0.000120228 9.96263e-006 3.06933e-007 3.55379e-009 
1.36953e-019 1.30141e-015 9.85465e-011 6.44469e-007 0.000353781 0.0215393 0.0065334 0.00145894 0.000119983 3.6379e-006 4.07618e-008 
8.40426e-012 1.99908e-009 4.06491e-007 8.43186e-005 0.00682454 0.0965319 0.0292803 0.00653273 0.000536324 1.62014e-005 1.80118e-007 
0 0 0 0 0 0 0 0 0 0 0 
0 0 0 0 0 0 0 0 0 0 0 
0 0 0 0 0 0 0 0 0 0 0 
0 0 0 0 0 0 0 0 0 0 0 
0 0 0 0 0 0 0 0 0 0 0 
0 0 0 0 0 0 0 0 0 0 0 
0.172335
2,-1
4.31466e-270 6.83293e-057 9.17042e-034 2.4512e-020 2.01198e-011 5.93115e-007 1.79626e-007 3.95076e-008 3.03513e-009 7.00073e-011 0 
2.7352e-053 1.18789e-039 3.28094e-022 1.66957e-012 1.2317e-007 5.33905e-005 1.61851e-005 3.59609e-006 2.89641e-007 8.16907e-009 7.00073e-011 
9.95476e-031 2.34912e-024 6.88971e-015 6.31108e-009 1.20844e-005 0.00176805 0.000536139 0.000119493 9.75979e-006 2.89641e-007 3.03513e-009 
2.19853e-019 2.37526e-015 1.68684e-010 9.63055e-007 0.000470908 0.0215393 0.00653218 0.00145716 0.000119493 3.59609e-006 3.95076e-008 
1.05564e-011 2.58252e-009 5.44613e-007 0.000110745 0.00822525 0.0965319 0.0292951 0.00653211 0.000536134 1.61849e-005 1.79625e-007 
0 0 0 0 0 0 0 0 0 0 0 
0 0 0 0 0 0 0 0 0 0 0 
0 0 0 0 0 0 0 0 0 0 0 
0 0 0 0 0 0 0 0 0 0 0 
0 0 0 0 0 0 0 0 0 0 0 
0 0 0 0 0 0 0 0 0 0 0 
0.173892
2,0
4.04037e-270 5.00599e-055 2.53489e-032 3.0499e-019 9.78893e-011 5.93115e-007 1.7991e-007 4.02915e-008 3.4056e-009 1.19135e-010 2.21033e-012 
1.32568e-052 1.77016e-038 2.17335e-021 5.11733e-012 1.71417e-007 5.33905e-005 1.61934e-005 3.61699e-006 2.99522e-007 9.4794e-009 1.28961e-010 
2.39949e-030 8.30357e-024 2.08237e-014 1.0066e-008 1.60658e-005 0.00176805 0.000536246 0.000119677 9.84672e-006 3.01169e-007 3.55379e-009 
3.52548e-019 4.31756e-015 2.82073e-010 1.40401e-006 0.000597718 0.0215393 0.00653329 0.0014576 0.000119703 3.62396e-006 4.07618e-008 
1.31606e-011 3.32043e-009 7.26356e-007 0.000144211 0.00963639 0.0965319 0.0293422 0.00653245 0.00053622 1.6196e-005 1.80118e-007 
0 0 0 0 0 0 0 0 0 0 0 
0 0 0 0 0 0 0 0 0 0 0 
0 0 0 0 0 0 0 0 0 0 0 
0 0 0 0 0 0 0 0 0 0 0 
0 0 0 0 0 0 0 0 0 0 0 
0 0 0 0 0 0 0 0 0 0 0 
0.175518
2,1
4.31466e-270 2.89415e-053 5.53077e-031 2.99758e-018 3.77859e-010 5.93115e-007 1.79921e-007 4.00955e-008 3.24683e-009 8.63832e-011 0 
6.42211e-052 2.45224e-037 1.3238e-020 1.44475e-011 2.40846e-007 5.33905e-005 1.61969e-005 3.61177e-006 2.95287e-007 8.60584e-009 7.00073e-011 
5.77978e-030 2.91372e-023 5.96439e-014 1.56883e-008 2.08624e-005 0.00176805 0.000536424 0.000119631 9.80946e-006 2.93484e-007 3.03513e-009 
5.64773e-019 7.81354e-015 4.62252e-010 2.00759e-006 0.00073438 0.0215393 0.00653719 0.00145749 0.000119613 3.60538e-006 3.95076e-008 
1.63101e-011 4.25248e-009 9.64477e-007 0.000186499 0.0110979 0.0965319 0.0294641 0.00653268 0.000536189 1.61887e-005 1.79625e-007 
0 0 0 0 0 0 0 0 0 0 0 
0 0 0 0 0 0 0 0 0 0 0 
0 0 0 0 0 0 0 0 0 0 0 
0 0 0 0 0 0 0 0 0 0 0 
0 0 0 0 0 0 0 0 0 0 0 
0 0 0 0 0 0 0 0 0 0 0 
0.17729
2,2
4.04037e-270 1.37514e-051 9.92025e-030 2.42391e-017 1.2061e-009 5.93115e-007 1.80076e-007 4.01445e-008 3.31487e-009 1.08218e-010 2.21033e-012 
3.10953e-051 3.1671e-036 7.44594e-020 3.77404e-011 3.6226e-007 5.33905e-005 1.62125e-005 3.61307e-006 2.97102e-007 9.18821e-009 1.28961e-010 
1.39123e-029 1.01418e-022 1.62068e-013 2.42487e-008 2.7502e-005 0.00176805 0.000537063 0.000119642 9.82543e-006 2.98607e-007 3.55379e-009 
9.03909e-019 1.40726e-014 7.45254e-010 2.83871e-006 0.000893954 0.0215393 0.00654979 0.00145752 0.000119651 3.61777e-006 4.07618e-008 
2.01171e-011 5.42818e-009 1.27512e-006 0.000239917 0.0127384 0.0965319 0.0297365 0.00653317 0.000536211 1.61937e-005 1.80119e-007 
0 0 0 0 0 0 0 0 0 0 0 
0 0 0 0 0 0 0 0 0 0 0 
0 0 0 0 0 0 0 0 0 0 0 
0 0 0 0 0 0 0 0 0 0 0 
0 0 0 0 0 0 0 0 0 0 0 
0 0 0 0 0 0 0 0 0 0 0 
0.179438
2,3
4.31466e-270 5.52233e-050 1.50428e-028 1.65849e-016 3.27672e-009 5.93115e-007 1.80519e-007 4.01323e-008 3.28571e-009 9.36614e-011 0 
1.50481e-050 3.82295e-035 3.88169e-019 9.15876e-011 6.00137e-007 5.33905e-005 1.62572e-005 3.61275e-006 2.96324e-007 8.79997e-009 7.00073e-011 
3.34632e-029 3.49848e-022 4.18212e-013 3.77092e-008 3.82689e-005 0.00176805 0.000538869 0.000119639 9.81859e-006 2.95191e-007 3.03513e-009 
1.44536e-018 2.52137e-014 1.18712e-009 4.00646e-006 0.00110846 0.0215393 0.00658327 0.00145751 0.000119635 3.60951e-006 3.95076e-008 
2.47163e-011 6.90908e-009 1.67858e-006 0.000307372 0.0147574 0.0965319 0.0302702 0.00653399 0.000536215 1.61905e-005 1.79627e-007 
0 0 0 0 0 0 0 0 0 0 0 
0 0 0 0 0 0 0 0 0 0 0 
0 0 0 0 0 0 0 0 0 0 0 
0 0 0 0 0 0 0 0 0 0 0 
0 0 0 0 0 0 0 0 0 0 0 
0 0 0 0 0 0 0 0 0 0 0 
0.182321
2,4
4.04037e-270 1.91298e-048 1.96825e-027 9.80107e-016 7.74147e-009 5.93115e-007 1.8162e-007 4.01353e-008 3.29821e-009 1.03366e-010 2.21033e-012 
7.27841e-050 4.32265e-034 1.88162e-018 2.07247e-010 1.06203e-006 5.33905e-005 1.63669e-005 3.61283e-006 2.96658e-007 9.0588e-009 1.28961e-010 
8.0428e-029 1.19486e-021 1.02587e-012 5.95582e-008 5.69617e-005 0.00176805 0.000543192 0.00011964 9.82152e-006 2.97468e-007 3.55379e-009 
2.30904e-018 4.49193e-014 1.87611e-009 5.6886e-006 0.00142927 0.0215393 0.00665868 0.00145751 0.000119642 3.61501e-006 4.07618e-008 
3.02691e-011 8.77165e-009 2.20022e-006 0.000392334 0.0173705 0.0965319 0.031198 0.00653542 0.000536231 1.61928e-005 1.80121e-007 
0 0 0 0 0 0 0 0 0 0 0 
0 0 0 0 0 0 0 0 0 0 0 
0 0 0 0 0 0 0 0 0 0 0 
0 0 0 0 0 0 0 0 0 0 0 
0 0 0 0 0 0 0 0 0 0 0 
0 0 0 0 0 0 0 0 0 0 0 
0.18637
2,5
4.31466e-270 5.80586e-047 2.25702e-026 5.08155e-015 1.61749e-008 5.93115e-007 1.83978e-007 4.01346e-008 3.29285e-009 9.68962e-011 0 
3.51841e-049 4.58754e-033 8.50549e-018 4.38817e-010 1.8931e-006 5.33905e-005 1.65989e-005 3.61281e-006 2.96515e-007 8.88624e-009 7.00073e-011 
1.93154e-028 4.03595e-021 2.39446e-012 9.55995e-008 8.85543e-005 0.00176805 0.000552115 0.00011964 9.82026e-006 2.9595e-007 3.03513e-009 
3.68536e-018 7.95318e-014 2.95151e-009 8.15468e-006 0.00191811 0.0215393 0.00680573 0.00145751 0.000119639 3.61134e-006 3.95076e-008 
3.69695e-011 1.11106e-008 2.8715e-006 0.000498678 0.0207325 0.0965319 0.0326427 0.00653782 0.000536249 1.61916e-005 1.79628e-007 
0 0 0 0 0 0 0 0 0 0 0 
0 0 0 0 0 0 0 0 0 0 0 
0 0 0 0 0 0 0 0 0 0 0 
0 0 0 0 0 0 0 0 0 0 0 
0 0 0 0 0 0 0 0 0 0 0 
0 0 0 0 0 0 0 0 0 0 0 
0.191966
3,-4
4.31466e-270 3.00672e-064 1.50464e-039 6.64043e-025 1.24143e-014 5.93115e-007 0 0 0 0 0 
1.781e-057 1.08077e-044 2.11117e-025 2.04555e-014 2.89357e-008 5.33905e-005 8.99528e-006 2.00712e-006 1.64754e-007 4.97515e-009 5.52689e-011 
1.63362e-033 1.80671e-027 4.7035e-017 8.23897e-010 3.14722e-006 0.00176805 0.000437705 9.76652e-005 8.01685e-006 2.42088e-007 2.68935e-009 
2.94685e-021 3.26078e-017 9.56953e-012 1.67172e-007 0.00013977 0.0215393 0.00612386 0.00136642 0.000112162 3.38701e-006 3.76263e-008 
6.33322e-013 1.67526e-010 5.02982e-008 2.26463e-005 0.00316621 0.0965323 0.0289135 0.00645147 0.000529569 1.59916e-005 1.77651e-007 
0 0 0 0 0 0 0 0 0 0 0 
0 0 0 0 0 0 0 0 0 0 0 
0 0 0 0 0 0 0 0 0 0 0 
0 0 0 0 0 0 0 0 0 0 0 
0 0 0 0 0 0 0 0 0 0 0 
0 0 0 0 0 0 0 0 0 0 0 
0.167297
3,-3
4.04037e-270 9.29076e-062 1.75291e-037 3.47516e-023 2.51389e-013 5.93115e-007 1.99857e-007 5.01684e-008 4.70637e-009 1.65807e-010 2.21033e-012 
8.77454e-057 2.23826e-043 1.90914e-024 8.4732e-014 4.94517e-008 5.33905e-005 1.69911e-005 4.01424e-006 3.53045e-007 1.16087e-008 1.43699e-010 
4.01458e-033 6.84312e-027 1.78536e-016 1.54509e-009 5.09175e-006 0.00176805 0.000547131 0.000125134 1.05937e-005 3.32871e-007 3.89956e-009 
4.82892e-021 6.24434e-017 1.8573e-011 2.67314e-007 0.000210713 0.0215393 0.00657748 0.00148029 0.000122845 3.76335e-006 4.26431e-008 
8.18241e-013 2.22514e-010 7.01608e-008 3.13268e-005 0.00422493 0.0965323 0.0293152 0.00655228 0.000539026 1.63248e-005 1.82092e-007 
0 0 0 0 0 0 0 0 0 0 0 
0 0 0 0 0 0 0 0 0 0 0 
0 0 0 0 0 0 0 0 0 0 0 
0 0 0 0 0 0 0 0 0 0 0 
0 0 0 0 0 0 0 0 0 0 0 
0 0 0 0 0 0 0 0 0 0 0 
0.169678
3,-2
4.31466e-270 1.41692e-059 1.00811e-035 8.98303e-022 2.52165e-012 5.93115e-007 1.77651e-007 3.76263e-008 2.68935e-009 5.52689e-011 0 
4.32203e-056 4.24073e-042 1.56022e-023 3.17567e-013 7.76218e-008 5.33905e-005 1.61027e-005 3.51246e-006 2.72349e-007 7.18632e-009 5.52689e-011 
9.86272e-033 2.58377e-026 6.38795e-016 2.74553e-009 7.70574e-006 0.00176805 0.000534974 0.000118266 9.48933e-006 2.72349e-007 2.68935e-009 
7.905e-021 1.19341e-016 3.48904e-011 4.20058e-007 0.000302733 0.0215393 0.00652709 0.00145182 0.000118266 3.51246e-006 3.76263e-008 
1.04573e-012 2.93896e-010 9.74567e-008 4.28707e-005 0.00546769 0.0965323 0.0292715 0.00652708 0.000534973 1.61027e-005 1.77651e-007 
0 0 0 0 0 0 0 0 0 0 0 
0 0 0 0 0 0 0 0 0 0 0 
0 0 0 0 0 0 0 0 0 0 0 
0 0 0 0 0 0 0 0 0 0 0 
0 0 0 0 0 0 0 0 0 0 0 
0 0 0 0 0 0 0 0 0 0 0 
0.170849
3,-1
4.04037e-270 1.42179e-057 3.81549e-034 1.52908e-020 1.67108e-011 5.93115e-007 1.80119e-007 4.07618e-008 3.55379e-009 1.28961e-010 2.21033e-012 
2.1284e-055 7.38671e-041 1.16014e-022 1.08437e-012 1.13665e-007 5.33905e-005 1.62015e-005 3.6379e-006 3.06933e-007 1.01346e-008 1.43699e-010 
2.42224e-032 9.72122e-026 2.15767e-015 4.64948e-009 1.09402e-005 0.00176805 0.00053633 0.000119983 9.96263e-006 3.12697e-007 3.89956e-009 
1.29306e-020 2.2759e-016 6.34777e-011 6.44469e-007 0.000412344 0.0215393 0.00653279 0.00145894 0.000120228 3.67972e-006 4.26431e-008 
1.32553e-012 3.86494e-010 1.34808e-007 5.79481e-005 0.00682479 0.0965323 0.0292805 0.00653339 0.00053671 1.62507e-005 1.82092e-007 
0 0 0 0 0 0 0 0 0 0 0 
0 0 0 0 0 0 0 0 0 0 0 
0 0 0 0 0 0 0 0 0 0 0 
0 0 0 0 0 0 0 0 0 0 0 
0 0 0 0 0 0 0 0 0 0 0 
0 0 0 0 0 0 0 0 0 0 0 
0.17237
3,0
4.31466e-270 1.05586e-055 1.06898e-032 1.92799e-019 8.23354e-011 5.93115e-007 1.79853e-007 3.99779e-008 3.18332e-009 7.98328e-011 0 
1.04789e-054 1.18789e-039 7.89407e-022 3.39345e-012 1.59355e-007 5.33905e-005 1.61913e-005 3.60654e-006 2.92111e-007 8.16907e-009 5.52689e-011 
5.94701e-032 3.64298e-025 6.88971e-015 7.56271e-009 1.47387e-005 0.00176805 0.00053621 0.000119554 9.75979e-006 2.85798e-007 2.68935e-009 
2.1138e-020 4.32995e-016 1.1199e-010 9.63055e-007 0.000534313 0.0215393 0.00653273 0.00145716 0.000119388 3.56821e-006 3.76263e-008 
1.66955e-012 5.06521e-010 1.85689e-007 7.73337e-005 0.0082255 0.0965323 0.0292953 0.00653184 0.000535966 1.6152e-005 1.77651e-007 
0 0 0 0 0 0 0 0 0 0 0 
0 0 0 0 0 0 0 0 0 0 0 
0 0 0 0 0 0 0 0 0 0 0 
0 0 0 0 0 0 0 0 0 0 0 
0 0 0 0 0 0 0 0 0 0 0 
0 0 0 0 0 0 0 0 0 0 0 
0.173925
3,1
4.04037e-270 6.18878e-054 2.3644e-031 1.92054e-018 3.21865e-010 5.93115e-007 1.79919e-007 4.01739e-008 3.34209e-009 1.12585e-010 2.21033e-012 
5.1579e-054 1.77016e-038 4.93952e-021 9.7824e-012 2.23489e-007 5.33905e-005 1.61961e-005 3.61438e-006 2.98463e-007 9.4794e-009 1.43699e-010 
1.4596e-031 1.35902e-024 2.08237e-014 1.19401e-008 1.92636e-005 0.00176805 0.000536365 0.000119661 9.84672e-006 3.03731e-007 3.89956e-009 
3.4536e-020 8.21619e-016 1.91984e-010 1.40401e-006 0.000666049 0.0215393 0.00653524 0.0014576 0.000119748 3.64255e-006 4.26431e-008 
2.09245e-012 6.61972e-010 2.54673e-007 0.000101979 0.00963664 0.0965323 0.0293424 0.00653227 0.000536286 1.62178e-005 1.82092e-007 
0 0 0 0 0 0 0 0 0 0 0 
0 0 0 0 0 0 0 0 0 0 0 
0 0 0 0 0 0 0 0 0 0 0 
0 0 0 0 0 0 0 0 0 0 0 
0 0 0 0 0 0 0 0 0 0 0 
0 0 0 0 0 0 0 0 0 0 0 
0.17555
3,2
4.31466e-270 2.98182e-052 4.29995e-030 1.57425e-017 1.04046e-009 5.93115e-007 1.80045e-007 4.01249e-008 3.27404e-009 9.07502e-011 0 
2.53818e-053 2.45224e-037 2.85434e-020 2.60939e-011 3.31907e-007 5.33905e-005 1.62086e-005 3.61242e-006 2.95741e-007 8.60584e-009 5.52689e-011 
3.58113e-031 5.04371e-024 5.96439e-014 1.85418e-008 2.52888e-005 0.00176805 0.00053685 0.000119635 9.80946e-006 2.91776e-007 2.68935e-009 
5.63976e-020 1.5545e-015 3.20751e-010 2.00759e-006 0.000814167 0.0215393 0.00654349 0.00145749 0.000119594 3.59299e-006 3.76263e-008 
2.61214e-012 8.63129e-010 3.47754e-007 0.000133136 0.0110981 0.0965323 0.0294643 0.00653224 0.00053615 1.6174e-005 1.77651e-007 
0 0 0 0 0 0 0 0 0 0 0 
0 0 0 0 0 0 0 0 0 0 0 
0 0 0 0 0 0 0 0 0 0 0 
0 0 0 0 0 0 0 0 0 0 0 
0 0 0 0 0 0 0 0 0 0 0 
0 0 0 0 0 0 0 0 0 0 0 
0.177327
3,3
4.04037e-270 1.21448e-050 6.61233e-029 1.09205e-016 2.86259e-009 5.93115e-007 1.8043e-007 4.01372e-008 3.30321e-009 1.05307e-010 2.21033e-012 
1.2487e-052 3.1671e-036 1.52887e-019 6.4664e-011 5.40668e-007 5.33905e-005 1.6246e-005 3.61291e-006 2.96908e-007 9.18821e-009 1.43699e-010 
8.78314e-031 1.86076e-023 1.62068e-013 2.87355e-008 3.46799e-005 0.00176805 0.000538267 0.000119641 9.82543e-006 2.99746e-007 3.89956e-009 
9.20529e-020 2.93152e-015 5.2432e-010 2.83871e-006 0.00100121 0.0215393 0.00656653 0.00145752 0.00011966 3.62603e-006 4.26431e-008 
3.25059e-012 1.12319e-009 4.72757e-007 0.000172518 0.0127387 0.0965323 0.0297367 0.0065324 0.00053621 1.62032e-005 1.82092e-007 
0 0 0 0 0 0 0 0 0 0 0 
0 0 0 0 0 0 0 0 0 0 0 
0 0 0 0 0 0 0 0 0 0 0 
0 0 0 0 0 0 0 0 0 0 0 
0 0 0 0 0 0 0 0 0 0 0 
0 0 0 0 0 0 0 0 0 0 0 
0.179502
3,4
4.31466e-270 4.26775e-049 8.77555e-028 6.54404e-016 6.84852e-009 5.93115e-007 1.814e-007 4.01341e-008 3.29071e-009 9.56023e-011 0 
6.14157e-052 3.82295e-035 7.61532e-019 1.49417e-010 9.46556e-007 5.33905e-005 1.63395e-005 3.61279e-006 2.96408e-007 8.79997e-009 5.52689e-011 
2.15336e-030 6.81782e-023 4.18212e-013 4.49922e-008 5.07308e-005 0.00176805 0.000541751 0.00011964 9.81859e-006 2.94432e-007 2.68935e-009 
1.50177e-019 5.50816e-015 8.42631e-010 4.00646e-006 0.00126886 0.0215393 0.00662097 0.00145751 0.000119631 3.604e-006 3.76263e-008 
4.0347e-012 1.45907e-009 6.39855e-007 0.000222466 0.0147577 0.0965323 0.0302705 0.00653263 0.000536186 1.61838e-005 1.77651e-007 
0 0 0 0 0 0 0 0 0 0 0 
0 0 0 0 0 0 0 0 0 0 0 
0 0 0 0 0 0 0 0 0 0 0 
0 0 0 0 0 0 0 0 0 0 0 
0 0 0 0 0 0 0 0 0 0 0 
0 0 0 0 0 0 0 0 0 0 0 
0.182448
3,5
4.04037e-270 1.31421e-047 1.0209e-026 3.44098e-015 1.44882e-008 5.93115e-007 1.83506e-007 4.01349e-008 3.29606e-009 1.02072e-010 2.21033e-012 
3.01982e-051 4.32265e-034 3.53759e-018 3.23032e-010 1.68533e-006 5.33905e-005 1.65409e-005 3.61282e-006 2.96622e-007 9.0588e-009 1.43699e-010 
5.27735e-030 2.47825e-022 1.02587e-012 7.1572e-008 7.80234e-005 0.00176805 0.00054914 0.00011964 9.82152e-006 2.97975e-007 3.89956e-009 
2.44883e-019 1.03068e-014 1.3384e-009 5.6886e-006 0.00167369 0.0215393 0.0067322 0.00145751 0.000119644 3.61869e-006 4.26431e-008 
4.9974e-012 1.89243e-009 8.62232e-007 0.000286047 0.0173708 0.0965323 0.0311982 0.00653307 0.0005362 1.61968e-005 1.82092e-007 
0 0 0 0 0 0 0 0 0 0 0 
0 0 0 0 0 0 0 0 0 0 0 
0 0 0 0 0 0 0 0 0 0 0 
0 0 0 0 0 0 0 0 0 0 0 
0 0 0 0 0 0 0 0 0 0 0 
0 0 0 0 0 0 0 0 0 0 0 
0.186607
4,-4
4.04037e-270 6.01344e-065 6.01857e-040 3.98426e-025 9.93141e-015 5.93115e-007 3.59743e-007 8.02694e-008 6.58892e-009 1.98968e-010 2.21033e-012 
6.5238e-060 4.74704e-046 6.84752e-026 1.24434e-014 2.5543e-008 5.33905e-005 2.69858e-005 6.02135e-006 4.94263e-007 1.49254e-008 1.65807e-010 
1.85345e-035 3.19755e-029 1.16605e-017 5.50906e-010 2.70905e-006 0.00176805 0.000765984 0.000170914 1.40295e-005 4.23654e-007 4.70637e-009 
8.1711e-023 1.38666e-018 2.37317e-012 1.03756e-007 0.000114824 0.0215393 0.00816515 0.00182189 0.00014955 4.51601e-006 5.01684e-008 
3.88621e-014 1.23383e-011 7.57756e-009 9.82992e-006 0.002332 0.0965324 0.0325277 0.00725791 0.000595765 1.79906e-005 1.99857e-007 
0 0 0 0 0 0 0 0 0 0 0 
0 0 0 0 0 0 0 0 0 0 0 
0 0 0 0 0 0 0 0 0 0 0 
0 0 0 0 0 0 0 0 0 0 0 
0 0 0 0 0 0 0 0 0 0 0 
0 0 0 0 0 0 0 0 0 0 0 
0.173879
4,-3
4.31466e-270 1.88221e-062 7.10191e-038 2.11166e-023 2.03594e-013 5.93115e-007 1.59886e-007 3.0101e-008 1.88255e-009 3.31613e-011 0 
3.26191e-059 1.08077e-044 6.35622e-025 5.25938e-014 4.43227e-008 5.33905e-005 1.49921e-005 3.01068e-006 2.11827e-007 4.97515e-009 3.31613e-011 
4.63366e-035 1.27901e-028 4.7035e-017 1.06429e-009 4.44358e-006 0.00176805 0.000510656 0.000106821 8.01685e-006 2.11827e-007 1.88255e-009 
1.36344e-022 2.77334e-018 5.06777e-012 1.67172e-007 0.000175241 0.0215393 0.00635067 0.00136642 0.000106821 3.01068e-006 3.0101e-008 
5.05639e-014 1.66895e-011 1.10409e-008 1.39715e-005 0.00316623 0.0965324 0.0289135 0.00635067 0.000510656 1.49921e-005 1.59886e-007 
0 0 0 0 0 0 0 0 0 0 0 
0 0 0 0 0 0 0 0 0 0 0 
0 0 0 0 0 0 0 0 0 0 0 
0 0 0 0 0 0 0 0 0 0 0 
0 0 0 0 0 0 0 0 0 0 0 
0 0 0 0 0 0 0 0 0 0 0 
0.167515
4,-2
4.04037e-270 2.90816e-060 4.13762e-036 5.52882e-022 2.0676e-012 5.93115e-007 1.82092e-007 4.26431e-008 3.89956e-009 1.43699e-010 2.21033e-012 
1.63095e-058 2.23826e-043 5.33242e-024 2.01149e-013 7.05793e-008 5.33905e-005 1.63248e-005 3.76335e-006 3.32871e-007 1.16087e-008 1.65807e-010 
1.15842e-034 5.11589e-028 1.78536e-016 1.94524e-009 6.83441e-006 0.00176805 0.000539026 0.000122845 1.05937e-005 3.53045e-007 4.70637e-009 
2.274e-022 5.54669e-018 1.04144e-011 2.67314e-007 0.000256723 0.0215393 0.00655228 0.00148029 0.000125134 4.01424e-006 5.01684e-008 
6.51911e-014 2.24911e-011 1.60367e-008 1.97887e-005 0.00422496 0.0965324 0.0293152 0.00657748 0.000547131 1.69911e-005 1.99857e-007 
0 0 0 0 0 0 0 0 0 0 0 
0 0 0 0 0 0 0 0 0 0 0 
0 0 0 0 0 0 0 0 0 0 0 
0 0 0 0 0 0 0 0 0 0 0 
0 0 0 0 0 0 0 0 0 0 0 
0 0 0 0 0 0 0 0 0 0 0 
0.169715
4,-1
4.31466e-270 2.95694e-058 1.58668e-034 9.53382e-021 1.38729e-011 5.93115e-007 1.79626e-007 3.95076e-008 3.03513e-009 7.00073e-011 0 
8.15477e-058 4.24073e-042 4.07053e-023 7.00969e-013 1.04655e-007 5.33905e-005 1.61768e-005 3.57518e-006 2.80995e-007 7.18632e-009 3.31613e-011 
2.89605e-034 2.04622e-027 6.38795e-016 3.38018e-009 9.86204e-006 0.00176805 0.000535878 0.000118839 9.48933e-006 2.589e-007 1.88255e-009 
3.79159e-022 1.10934e-017 2.05967e-011 4.20058e-007 0.000357539 0.0215393 0.00652994 0.00145182 0.000117285 3.3452e-006 3.0101e-008 
8.34752e-014 3.02265e-011 2.32214e-008 2.7799e-005 0.00546771 0.0965324 0.0292715 0.00652078 0.000531499 1.56584e-005 1.59886e-007 
0 0 0 0 0 0 0 0 0 0 0 
0 0 0 0 0 0 0 0 0 0 0 
0 0 0 0 0 0 0 0 0 0 0 
0 0 0 0 0 0 0 0 0 0 0 
0 0 0 0 0 0 0 0 0 0 0 
0 0 0 0 0 0 0 0 0 0 0 
0.170884
4,0
4.04037e-270 2.22547e-056 4.50484e-033 1.21796e-019 6.92105e-011 5.93115e-007 1.79906e-007 4.02915e-008 3.4056e-009 1.19135e-010 2.21033e-012 
4.07739e-057 7.38671e-041 2.84363e-022 2.23891e-012 1.47933e-007 5.33905e-005 1.61939e-005 3.62222e-006 3.03227e-007 1.01346e-008 1.65807e-010 
7.24013e-034 8.18358e-027 2.15767e-015 5.62056e-009 1.34725e-005 0.00176805 0.00053625 0.00011984 9.96263e-006 3.21663e-007 4.70637e-009 
6.32091e-022 2.21867e-017 3.92218e-011 6.44469e-007 0.000473329 0.0215393 0.00653276 0.00145894 0.000120649 3.79122e-006 5.01684e-008 
1.0633e-013 4.05403e-011 3.35149e-008 3.85681e-005 0.00682481 0.0965324 0.0292806 0.00653495 0.000538199 1.65469e-005 1.99857e-007 
0 0 0 0 0 0 0 0 0 0 0 
0 0 0 0 0 0 0 0 0 0 0 
0 0 0 0 0 0 0 0 0 0 0 
0 0 0 0 0 0 0 0 0 0 0 
0 0 0 0 0 0 0 0 0 0 0 
0 0 0 0 0 0 0 0 0 0 0 
0.172418
4,1
4.31466e-270 1.32223e-054 1.0099e-031 1.22944e-018 2.73959e-010 5.93115e-007 1.79906e-007 4.00955e-008 3.24683e-009 8.63832e-011 0 
2.03869e-056 1.18789e-039 1.82693e-021 6.58792e-012 2.07455e-007 5.33905e-005 1.61949e-005 3.61046e-006 2.93699e-007 8.16907e-009 3.31613e-011 
1.81003e-033 3.27229e-026 6.88971e-015 9.02184e-009 1.77553e-005 0.00176805 0.000536313 0.00011959 9.75979e-006 2.79821e-007 1.88255e-009 
1.05365e-021 4.43728e-017 7.19926e-011 9.63055e-007 0.000600181 0.0215393 0.00653399 0.00145716 0.000119207 3.49387e-006 3.0101e-008 
1.34899e-013 5.4292e-011 4.81887e-008 5.2694e-005 0.00822552 0.0965324 0.0292954 0.00653141 0.000535327 1.59546e-005 1.59886e-007 
0 0 0 0 0 0 0 0 0 0 0 
0 0 0 0 0 0 0 0 0 0 0 
0 0 0 0 0 0 0 0 0 0 0 
0 0 0 0 0 0 0 0 0 0 0 
0 0 0 0 0 0 0 0 0 0 0 
0 0 0 0 0 0 0 0 0 0 0 
0.173969
4,2
4.04037e-270 6.45875e-053 1.86184e-030 1.02137e-017 8.96737e-010 5.93115e-007 1.8002e-007 4.01445e-008 3.31487e-009 1.08218e-010 2.21033e-012 
1.01935e-055 1.77016e-038 1.08405e-020 1.79382e-011 3.04802e-007 5.33905e-005 1.62054e-005 3.6134e-006 2.97783e-007 9.4794e-009 1.65807e-010 
4.52508e-033 1.30796e-025 2.08237e-014 1.41407e-008 2.32804e-005 0.00176805 0.000536688 0.000119652 9.84672e-006 3.07716e-007 4.70637e-009 
1.75623e-021 8.87429e-017 1.276e-010 1.40401e-006 0.000740108 0.0215393 0.00653937 0.0014576 0.000119825 3.69211e-006 5.01684e-008 
1.7061e-013 7.26272e-011 6.89772e-008 7.08282e-005 0.00963667 0.0965324 0.0293425 0.0065323 0.000536558 1.63494e-005 1.99857e-007 
0 0 0 0 0 0 0 0 0 0 0 
0 0 0 0 0 0 0 0 0 0 0 
0 0 0 0 0 0 0 0 0 0 0 
0 0 0 0 0 0 0 0 0 0 0 
0 0 0 0 0 0 0 0 0 0 0 
0 0 0 0 0 0 0 0 0 0 0 
0.175602
4,3
4.31466e-270 2.6675e-051 2.90293e-029 7.18201e-017 2.49817e-009 5.93115e-007 1.80353e-007 4.01323e-008 3.28571e-009 9.36614e-011 0 
5.09673e-055 2.45224e-037 5.96292e-020 4.53789e-011 4.88477e-007 5.33905e-005 1.62367e-005 3.61266e-006 2.96033e-007 8.60584e-009 3.31613e-011 
1.13127e-032 5.22425e-025 5.96439e-014 2.19397e-008 3.15496e-005 0.00176805 0.000537795 0.000119637 9.80946e-006 2.89119e-007 1.88255e-009 
2.92722e-021 1.77472e-016 2.18966e-010 2.00759e-006 0.000907687 0.0215393 0.00655501 0.00145749 0.00011956 3.55995e-006 3.0101e-008 
2.15249e-013 9.70731e-011 9.82168e-008 9.37594e-005 0.0110982 0.0965324 0.0294643 0.00653209 0.000536031 1.60862e-005 1.59886e-007 
0 0 0 0 0 0 0 0 0 0 0 
0 0 0 0 0 0 0 0 0 0 0 
0 0 0 0 0 0 0 0 0 0 0 
0 0 0 0 0 0 0 0 0 0 0 
0 0 0 0 0 0 0 0 0 0 0 
0 0 0 0 0 0 0 0 0 0 0 
0.1774
4,4
4.04037e-270 9.50709e-050 3.90696e-028 4.36324e-016 6.05134e-009 5.93115e-007 1.81206e-007 4.01353e-008 3.29821e-009 1.03366e-010 2.21033e-012 
2.54837e-054 3.1671e-036 3.05048e-019 1.07041e-010 8.45084e-007 5.33905e-005 1.63161e-005 3.61285e-006 2.96783e-007 9.18821e-009 1.65807e-010 
2.82818e-032 2.08402e-024 1.62068e-013 3.41544e-008 4.53805e-005 0.00176805 0.00054059 0.000119641 9.82543e-006 3.01517e-007 4.70637e-009 
4.87885e-021 3.54885e-016 3.65165e-010 2.83871e-006 0.00113503 0.0215393 0.00659375 0.00145752 0.000119674 3.64805e-006 5.01684e-008 
2.71048e-013 1.29665e-010 1.39029e-007 0.000122576 0.0127387 0.0965324 0.0297368 0.00653217 0.000536257 1.62617e-005 1.99857e-007 
0 0 0 0 0 0 0 0 0 0 0 
0 0 0 0 0 0 0 0 0 0 0 
0 0 0 0 0 0 0 0 0 0 0 
0 0 0 0 0 0 0 0 0 0 0 
0 0 0 0 0 0 0 0 0 0 0 
0 0 0 0 0 0 0 0 0 0 0 
0.179626
4,5
4.31466e-270 2.96984e-048 4.61014e-027 2.32635e-015 1.29603e-008 5.93115e-007 1.83085e-007 4.01346e-008 3.29285e-009 9.68962e-011 0 
1.27418e-053 3.82295e-035 1.45555e-018 2.36225e-010 1.50064e-006 5.33905e-005 1.64905e-005 3.6128e-006 2.96461e-007 8.79997e-009 3.31613e-011 
7.07044e-032 8.29582e-024 4.18212e-013 5.38521e-008 6.89259e-005 0.00176805 0.000546677 0.00011964 9.81859e-006 2.93252e-007 1.88255e-009 
8.13158e-021 7.09515e-016 5.94745e-010 4.00646e-006 0.00147128 0.0215393 0.00667659 0.00145751 0.000119625 3.58932e-006 3.0101e-008 
3.40796e-013 1.73113e-010 1.95569e-007 0.000158891 0.0147577 0.0965324 0.0302705 0.0065322 0.00053616 1.61447e-005 1.59886e-007 
0 0 0 0 0 0 0 0 0 0 0 
0 0 0 0 0 0 0 0 0 0 0 
0 0 0 0 0 0 0 0 0 0 0 
0 0 0 0 0 0 0 0 0 0 0 
0 0 0 0 0 0 0 0 0 0 0 
0 0 0 0 0 0 0 0 0 0 0 
0.182666
5,-4
4.31466e-270 1.20269e-065 2.40743e-040 2.39056e-025 7.94513e-015 5.93115e-007 0 0 0 0 0 
4.31466e-270 1.88386e-047 2.20786e-026 7.54281e-015 2.24953e-008 5.33905e-005 0 0 0 0 0 
4.31466e-270 3.82295e-035 2.71527e-018 3.62782e-010 2.32765e-006 0.00176805 0 0 0 0 0 
4.31466e-270 9.03065e-026 4.18212e-013 6.46183e-008 9.43411e-005 0.0215393 0 0 0 0 0 
4.31466e-270 1.03676e-018 4.16256e-010 4.00646e-006 0.00172243 0.0965324 0 0 0 0 0 
4.31466e-270 8.50931e-014 3.99601e-008 0.000112703 0.0147577 0.159155 0 0 0 0 0 
0 0 0 0 0 0 0 0 0 0 0 
0 0 0 0 0 0 0 0 0 0 0 
0 0 0 0 0 0 0 0 0 0 0 
0 0 0 0 0 0 0 0 0 0 0 
0 0 0 0 0 0 0 0 0 0 0 
0.295742
5,-3
4.04037e-270 3.81252e-063 2.87688e-038 1.28293e-023 1.64861e-013 5.93115e-007 1.99857e-007 5.01684e-008 4.70637e-009 1.65807e-010 2.21033e-012 
4.04037e-270 4.74704e-046 2.10262e-025 3.25186e-014 3.96278e-008 5.33905e-005 1.79906e-005 4.51601e-006 4.23654e-007 1.49254e-008 1.98968e-010 
4.04037e-270 4.32265e-034 1.16605e-017 7.22035e-010 3.8654e-006 0.00176805 0.000595765 0.00014955 1.40295e-005 4.94263e-007 6.58892e-009 
4.04037e-270 5.764e-025 1.02587e-012 1.03756e-007 0.000145033 0.0215393 0.00725791 0.00182189 0.000170914 6.02135e-006 8.02694e-008 
4.04037e-270 4.01053e-018 6.74469e-010 5.6886e-006 0.002332 0.0965324 0.0325277 0.00816515 0.000765984 2.69858e-005 3.59743e-007 
4.04037e-270 2.0072e-013 6.03247e-008 0.000145731 0.0173708 0.159155 0.0536291 0.013462 0.00126289 4.44921e-005 5.93115e-007 
0 0 0 0 0 0 0 0 0 0 0 
0 0 0 0 0 0 0 0 0 0 0 
0 0 0 0 0 0 0 0 0 0 0 
0 0 0 0 0 0 0 0 0 0 0 
0 0 0 0 0 0 0 0 0 0 0 
0.418977
5,-2
4.31466e-270 5.9669e-061 1.69766e-036 3.40176e-022 1.69479e-012 5.93115e-007 1.77651e-007 3.76263e-008 2.68935e-009 5.52689e-011 0 
4.31466e-270 1.08077e-044 1.80982e-024 1.26872e-013 6.40151e-008 5.33905e-005 1.59916e-005 3.38701e-006 2.42088e-007 4.97515e-009 0 
4.31466e-270 4.58754e-033 4.7035e-017 1.35794e-009 6.03746e-006 0.00176805 0.000529569 0.000112162 8.01685e-006 1.64754e-007 0 
4.31466e-270 3.49296e-024 2.39446e-012 1.67172e-007 0.000215982 0.0215393 0.00645148 0.00136642 9.76652e-005 2.00712e-006 0 
4.31466e-270 1.47728e-017 1.0732e-009 8.15468e-006 0.00316623 0.0965324 0.0289135 0.00612386 0.000437705 8.99528e-006 0 
4.31466e-270 4.50151e-013 8.92901e-008 0.000187758 0.020733 0.159155 0.0476703 0.0100965 0.000721654 1.48307e-005 0 
0 0 0 0 0 0 0 0 0 0 0 
0 0 0 0 0 0 0 0 0 0 0 
0 0 0 0 0 0 0 0 0 0 0 
0 0 0 0 0 0 0 0 0 0 0 
0 0 0 0 0 0 0 0 0 0 0 
0.405941
5,-1
4.04037e-270 6.14654e-059 6.59499e-035 5.94144e-021 1.15119e-011 5.93115e-007 1.80119e-007 4.07618e-008 3.55379e-009 1.28961e-010 2.21033e-012 
4.04037e-270 2.23826e-043 1.41756e-023 4.51059e-013 9.61357e-008 5.33905e-005 1.62138e-005 3.66926e-006 3.19902e-007 1.16087e-008 1.98968e-010 
4.04037e-270 4.5779e-032 1.78536e-016 2.42355e-009 8.85283e-006 0.00176805 0.000536927 0.000121509 1.05937e-005 3.84427e-007 6.58892e-009 
4.04037e-270 2.01085e-023 5.32323e-012 2.67314e-007 0.000307131 0.0215393 0.00654111 0.00148029 0.000129058 4.68327e-006 8.02694e-008 
4.04037e-270 5.18158e-017 1.69088e-009 1.17786e-005 0.00422496 0.0965324 0.0293152 0.00663418 0.000578396 2.0989e-005 3.59743e-007 
4.04037e-270 9.59771e-013 1.29832e-007 0.000242376 0.024868 0.159155 0.0483326 0.0109379 0.000953614 3.4605e-005 5.93115e-007 
0 0 0 0 0 0 0 0 0 0 0 
0 0 0 0 0 0 0 0 0 0 0 
0 0 0 0 0 0 0 0 0 0 0 
0 0 0 0 0 0 0 0 0 0 0 
0 0 0 0 0 0 0 0 0 0 0 
0.414366
5,0
4.31466e-270 4.68749e-057 1.89714e-033 7.68908e-020 5.8143e-011 5.93115e-007 1.7985e-007 3.99779e-008 3.18332e-009 7.98328e-011 0 
4.31466e-270 4.24073e-042 1.0162e-022 1.46994e-012 1.37113e-007 5.33905e-005 1.61896e-005 3.5987e-006 2.86553e-007 7.18632e-009 0 
4.31466e-270 4.30233e-031 6.38795e-016 4.12697e-009 1.2269e-005 0.00176805 0.000536126 0.000119173 9.48933e-006 2.37978e-007 0 
4.31466e-270 1.10028e-022 1.12841e-011 4.20058e-007 0.000415434 0.0215393 0.00653135 0.00145182 0.000115604 2.89917e-006 0 
4.31466e-270 1.73051e-016 2.6581e-009 1.70303e-005 0.00546771 0.0965324 0.0292715 0.0065066 0.0005181 1.29932e-005 0 
4.31466e-270 1.9457e-012 1.86226e-007 0.000314311 0.0296361 0.159155 0.0482605 0.0107276 0.000854202 2.14221e-005 0 
0 0 0 0 0 0 0 0 0 0 0 
0 0 0 0 0 0 0 0 0 0 0 
0 0 0 0 0 0 0 0 0 0 0 
0 0 0 0 0 0 0 0 0 0 0 
0 0 0 0 0 0 0 0 0 0 0 
0.419872
5,1
4.04037e-270 2.82249e-055 4.30989e-032 7.86385e-019 2.3301e-010 5.93115e-007 1.79906e-007 4.01739e-008 3.34209e-009 1.12585e-010 2.21033e-012 
4.04037e-270 7.38671e-041 6.70006e-022 4.41342e-012 1.92575e-007 5.33905e-005 1.61946e-005 3.61634e-006 3.00845e-007 1.01346e-008 1.98968e-010 
4.04037e-270 3.81343e-030 2.15767e-015 6.75432e-009 1.63277e-005 0.00176805 0.000536292 0.000119757 9.96263e-006 3.3561e-007 6.58892e-009 
4.04037e-270 5.72472e-022 2.28364e-011 6.44469e-007 0.000536755 0.0215393 0.00653337 0.00145894 0.00012137 4.08857e-006 8.02694e-008 
4.04037e-270 5.50241e-016 4.19086e-009 2.44425e-005 0.00682481 0.0965324 0.0292806 0.0065385 0.000543941 1.83237e-005 3.59743e-007 
4.04037e-270 3.75225e-012 2.64997e-007 0.000408994 0.0347577 0.159155 0.0482755 0.0107802 0.000896807 3.02107e-005 5.93115e-007 
0 0 0 0 0 0 0 0 0 0 0 
0 0 0 0 0 0 0 0 0 0 0 
0 0 0 0 0 0 0 0 0 0 0 
0 0 0 0 0 0 0 0 0 0 0 
0 0 0 0 0 0 0 0 0 0 0 
0.426788
5,2
4.31466e-270 1.39753e-053 8.05331e-031 6.62e-018 7.72182e-010 5.93115e-007 1.79997e-007 4.01249e-008 3.27404e-009 9.07502e-011 0 
4.31466e-270 1.18789e-039 4.08032e-021 1.2263e-011 2.80466e-007 5.33905e-005 1.62028e-005 3.61193e-006 2.9472e-007 8.16907e-009 0 
4.31466e-270 3.19199e-029 6.88971e-015 1.07281e-008 2.14387e-005 0.00176805 0.000536563 0.000119611 9.75979e-006 2.70522e-007 0 
4.31466e-270 2.83331e-021 4.41888e-011 9.63055e-007 0.000670145 0.0215393 0.00653668 0.00145716 0.000118899 3.29564e-006 0 
4.31466e-270 1.66549e-015 6.63549e-009 3.456e-005 0.00822553 0.0965324 0.0292954 0.00653052 0.000532866 1.477e-005 0 
4.31466e-270 6.89091e-012 3.76287e-007 0.000531758 0.0398895 0.159155 0.0482999 0.010767 0.000878548 2.43517e-005 0 
0 0 0 0 0 0 0 0 0 0 0 
0 0 0 0 0 0 0 0 0 0 0 
0 0 0 0 0 0 0 0 0 0 0 
0 0 0 0 0 0 0 0 0 0 0 
0 0 0 0 0 0 0 0 0 0 0 
0.433569
5,3
4.04037e-270 5.8517e-052 1.27288e-029 4.71775e-017 2.17788e-009 5.93115e-007 1.80286e-007 4.01372e-008 3.30321e-009 1.05307e-010 2.21033e-012 
4.04037e-270 1.77016e-038 2.30377e-020 3.16585e-011 4.42559e-007 5.33905e-005 1.62289e-005 3.61303e-006 2.97345e-007 9.4794e-009 1.98968e-010 
4.04037e-270 2.52608e-028 2.08237e-014 1.67403e-008 2.87932e-005 0.00176805 0.000537426 0.000119647 9.84672e-006 3.13914e-007 6.58892e-009 
4.04037e-270 1.33431e-020 8.19173e-011 1.40401e-006 0.000823897 0.0215393 0.00654719 0.0014576 0.000119958 3.82426e-006 8.02694e-008 
4.04037e-270 4.79806e-015 1.05218e-008 4.78972e-005 0.00963667 0.0965324 0.0293425 0.00653252 0.000537613 1.71391e-005 3.59743e-007 
4.04037e-270 1.20754e-011 5.35513e-007 0.000686839 0.0447263 0.159155 0.0483775 0.0107703 0.000886373 2.82577e-005 5.93115e-007 
0 0 0 0 0 0 0 0 0 0 0 
0 0 0 0 0 0 0 0 0 0 0 
0 0 0 0 0 0 0 0 0 0 0 
0 0 0 0 0 0 0 0 0 0 0 
0 0 0 0 0 0 0 0 0 0 0 
0.440311
5,4
4.31466e-270 2.11482e-050 1.73696e-028 2.90523e-016 5.3407e-009 5.93115e-007 1.81035e-007 4.01341e-008 3.29071e-009 9.56023e-011 0 
4.31466e-270 2.45224e-037 1.20984e-019 7.62098e-011 7.55932e-007 5.33905e-005 1.62963e-005 3.61276e-006 2.9622e-007 8.60584e-009 0 
4.31466e-270 1.89201e-027 5.96439e-014 2.60113e-008 4.07702e-005 0.00176805 0.000539658 0.000119638 9.80946e-006 2.84986e-007 0 
4.31466e-270 5.98078e-020 1.45866e-010 2.00759e-006 0.00102136 0.0215393 0.00657438 0.00145749 0.000119504 3.47185e-006 0 
4.31466e-270 1.31532e-014 1.66169e-008 6.49434e-005 0.0110982 0.0965324 0.0294643 0.00653202 0.000535579 1.55597e-005 0 
4.31466e-270 2.0262e-011 7.64945e-007 0.000876545 0.0490915 0.159155 0.0485785 0.0107695 0.00088302 2.56537e-005 0 
0 0 0 0 0 0 0 0 0 0 0 
0 0 0 0 0 0 0 0 0 0 0 
0 0 0 0 0 0 0 0 0 0 0 
0 0 0 0 0 0 0 0 0 0 0 
0 0 0 0 0 0 0 0 0 0 0 
0.446894
5,5
4.04037e-270 6.70025e-049 2.07847e-027 1.57034e-015 1.15785e-008 5.93115e-007 1.82709e-007 4.01349e-008 3.29606e-009 1.02072e-010 2.21033e-012 
4.04037e-270 3.1671e-036 5.92673e-019 1.71633e-010 1.33675e-006 5.33905e-005 1.64469e-005 3.61283e-006 2.96702e-007 9.18821e-009 1.98968e-010 
4.04037e-270 1.34243e-026 1.62068e-013 4.07203e-008 6.10774e-005 0.00176805 0.000544648 0.00011964 9.82543e-006 3.04272e-007 6.58892e-009 
4.04037e-270 2.55198e-019 2.50375e-010 2.83871e-006 0.00130316 0.0215393 0.00663517 0.00145752 0.000119698 3.70679e-006 8.02694e-008 
4.04037e-270 3.43038e-014 2.59719e-008 8.6261e-005 0.0127387 0.0965324 0.0297368 0.00653214 0.00053645 1.66127e-005 3.59743e-007 
4.04037e-270 3.27408e-011 1.09466e-006 0.00110102 0.0529832 0.159155 0.0490276 0.0107697 0.000884457 2.73897e-005 5.93115e-007 
0 0 0 0 0 0 0 0 0 0 0 
0 0 0 0 0 0 0 0 0 0 0 
0 0 0 0 0 0 0 0 0 0 0 
0 0 0 0 0 0 0 0 0 0 0 
0 0 0 0 0 0 0 0 0 0 0 
0.453771
