# Max change (t), [t] - время свободного пробега
0.02	4.99516	1.01792	1.01574
0.04	4.96676	1.03576	1.0263
0.06	4.95313	1.03879	1.0369
0.08	4.91316	1.05631	1.05934
0.1	4.87475	1.0858	1.06827
0.12	4.8611	1.0947	1.07302
0.14	4.82388	1.12299	1.08194
0.16	4.80827	1.13144	1.08911
0.18	4.79195	1.14187	1.095
0.2	4.76479	1.15942	1.10461
0.22	4.72795	1.17434	1.12653
0.24	4.70677	1.18445	1.1376
0.26	4.6649	1.20058	1.16335
0.28	4.63283	1.22443	1.17156
0.3	4.62527	1.22848	1.17507
0.32	4.61099	1.23495	1.18287
0.34	4.58777	1.24332	1.19773
0.36	4.56272	1.25807	1.20803
0.38	4.53212	1.27856	1.21814
0.4	4.51933	1.28667	1.22282
0.42	4.50613	1.29408	1.2286
0.44	4.4936	1.29987	1.23535
0.46	4.48147	1.30473	1.24262
0.48	4.46434	1.30705	1.25744
0.5	4.44009	1.31648	1.27225
0.52	4.41802	1.32709	1.2837
0.54	4.40437	1.33686	1.2876
0.56	4.39148	1.34464	1.2927
0.58	4.37811	1.35007	1.30064
0.6	4.36382	1.35671	1.30829
0.62	4.34554	1.36292	1.32036
0.64	4.33348	1.37076	1.32458
0.66	4.30758	1.38616	1.33508
0.68	4.29861	1.3907	1.33951
0.7	4.28978	1.39732	1.34172
0.72	4.25853	1.40833	1.36196
0.74	4.24993	1.41242	1.36647
0.76	4.23845	1.4169	1.37346
0.78	4.23096	1.41991	1.37794
0.8	4.19134	1.4482	1.38928
0.82	4.16214	1.46493	1.40175
0.84	4.14733	1.47209	1.4094
0.86	4.1342	1.47804	1.41658
0.88	4.1189	1.48321	1.42671
0.9	4.10721	1.48939	1.43221
0.92	4.09319	1.49749	1.43814
0.94	4.0825	1.50298	1.44334
0.96	4.07349	1.50916	1.44617
0.98	4.04852	1.5253	1.455
1	4.0353	1.53128	1.46224
1.02	4.01665	1.53229	1.47988
1.04	3.9855	1.54551	1.4978
1.06	3.96386	1.55161	1.51336
1.08	3.93785	1.56286	1.52811
1.1	3.92794	1.56543	1.53545
1.12	3.9167	1.57057	1.54154
1.14	3.90542	1.57574	1.54765
1.16	3.89428	1.5816	1.55294
1.18	3.87478	1.59386	1.56018
1.2	3.86208	1.60026	1.56648
1.22	3.82847	1.61278	1.58756
1.24	3.81586	1.61792	1.59504
1.26	3.80974	1.6209	1.59818
1.28	3.78929	1.63379	1.60574
1.3	3.76867	1.6441	1.61605
1.32	3.76068	1.64828	1.61985
1.34	3.74702	1.65467	1.62713
1.36	3.73139	1.66245	1.63498
1.38	3.71437	1.66794	1.6465
1.4	3.70039	1.67572	1.65271
1.42	3.68547	1.68119	1.66216
1.44	3.67365	1.68702	1.66815
1.46	3.66463	1.69122	1.67297
1.48	3.64281	1.70099	1.68502
1.5	3.63361	1.70661	1.6886
1.52	3.62198	1.71262	1.69422
1.54	3.60922	1.71899	1.70062
1.56	3.58495	1.7303	1.71356
1.58	3.57395	1.73511	1.71975
1.6	3.56586	1.73705	1.72591
1.62	3.55974	1.74165	1.72742
1.64	3.55242	1.74571	1.73068
1.66	3.5336	1.75596	1.73925
1.68	3.52757	1.76039	1.74086
1.7	3.51738	1.7634	1.74803
1.72	3.50651	1.76613	1.75618
1.74	3.49238	1.77043	1.766
1.76	3.48395	1.77397	1.7709
1.78	3.47419	1.78083	1.77379
1.8	3.46237	1.78609	1.78037
1.82	3.45003	1.79065	1.78814
1.84	3.44334	1.79361	1.79186
1.86	3.43513	1.8005	1.79319
1.88	3.4265	1.80548	1.79683
1.9	3.41589	1.8113	1.80163
1.92	3.40516	1.81834	1.80532
1.94	3.38787	1.82643	1.81452
1.96	3.38072	1.82961	1.81849
1.98	3.37765	1.83055	1.82062
2	3.36831	1.83573	1.82478
2.02	3.35875	1.84106	1.82901
2.04	3.35498	1.84431	1.82953
2.06	3.34901	1.84829	1.83151
2.08	3.33927	1.85391	1.83564
2.1	3.32907	1.85906	1.84069
2.12	3.31441	1.86746	1.84695
2.14	3.30744	1.87119	1.85019
2.16	3.30092	1.87667	1.85123
2.18	3.29217	1.88069	1.85596
2.2	3.28707	1.88345	1.8583
2.22	3.28062	1.88505	1.86315
2.24	3.2704	1.89047	1.86795
2.26	3.26487	1.89414	1.86981
2.28	3.25124	1.89934	1.87823
2.3	3.23802	1.90751	1.88328
2.32	3.23106	1.91203	1.88573
2.34	3.22171	1.91398	1.89313
2.36	3.21456	1.91777	1.89648
2.38	3.20938	1.92162	1.89782
2.4	3.20338	1.9237	1.90174
2.42	3.19724	1.9261	1.90547
2.44	3.18553	1.93193	1.91136
2.46	3.17769	1.93581	1.91531
2.48	3.17302	1.93951	1.91629
2.5	3.16922	1.94113	1.91847
2.52	3.15896	1.94545	1.92441
2.54	3.15237	1.94922	1.92722
2.56	3.14696	1.95219	1.92967
2.58	3.13842	1.95368	1.93672
2.6	3.13269	1.95601	1.94011
2.62	3.12762	1.95875	1.94245
2.64	3.1212	1.96214	1.94548
2.66	3.11482	1.96693	1.94707
2.68	3.1101	1.9679	1.95081
2.7	3.10331	1.97045	1.95505
2.72	3.09595	1.973	1.95987
2.74	3.09166	1.97565	1.96151
2.76	3.08399	1.97975	1.96508
2.78	3.07727	1.98279	1.96876
2.8	3.07352	1.98619	1.96911
2.82	3.06819	1.98798	1.97265
2.84	3.0619	1.99186	1.97506
2.86	3.05601	1.9957	1.97711
2.88	3.04917	1.99844	1.98121
2.9	3.04085	2.00085	1.98712
2.92	3.03537	2.00395	1.98949
2.94	3.03227	2.00536	1.99119
2.96	3.02197	2.00762	1.99923
2.98	3.0166	2.01133	2.00089
3	3.00888	2.01565	2.00428
3.02	3.00381	2.01686	2.00815
3.04	2.99788	2.02009	2.01084
3.06	2.98927	2.02669	2.01286
3.08	2.98663	2.02821	2.01397
3.1	2.98323	2.03079	2.01479
3.12	2.97668	2.03484	2.01729
3.14	2.9695	2.03703	2.02229
3.16	2.96723	2.03816	2.02343
3.18	2.96483	2.03975	2.02424
3.2	2.95772	2.04169	2.02941
3.22	2.95288	2.04455	2.03138
3.24	2.94665	2.04709	2.03508
3.26	2.94373	2.048	2.0371
3.28	2.93851	2.04947	2.04084
3.3	2.93303	2.05274	2.04305
3.32	2.92829	2.05522	2.0453
3.34	2.92303	2.05787	2.04792
3.36	2.91945	2.06025	2.04912
3.38	2.9148	2.06343	2.05059
3.4	2.90749	2.06621	2.05511
3.42	2.90371	2.06812	2.05699
3.44	2.89912	2.0717	2.058
3.46	2.89613	2.07385	2.05883
3.48	2.889	2.07725	2.06256
3.5	2.88498	2.07926	2.06458
3.52	2.88045	2.08202	2.06635
3.54	2.87648	2.08507	2.06727
3.56	2.87231	2.08766	2.06885
3.58	2.86842	2.08831	2.07209
3.6	2.86465	2.09108	2.07309
3.62	2.8607	2.09286	2.07525
3.64	2.85362	2.09565	2.07955
3.66	2.84885	2.0979	2.08207
3.68	2.84634	2.09954	2.08293
3.7	2.84008	2.10184	2.0869
3.72	2.82888	2.10992	2.09002
3.74	2.8265	2.11069	2.09162
3.76	2.82303	2.11255	2.09324
3.78	2.81983	2.11432	2.09467
3.8	2.81812	2.11515	2.09554
3.82	2.81536	2.11735	2.0961
3.84	2.81116	2.11988	2.09778
3.86	2.80718	2.12167	2.09996
3.88	2.80157	2.12528	2.10196
3.9	2.799	2.12673	2.10308
3.92	2.79528	2.12788	2.10566
3.94	2.79043	2.13216	2.10623
3.96	2.78417	2.13607	2.10858
3.98	2.77986	2.13819	2.11078
4	2.77684	2.14017	2.11182
4.02	2.77117	2.14126	2.11639
4.04	2.76613	2.1443	2.11839
4.06	2.76132	2.14704	2.12045
4.08	2.75628	2.14955	2.12299
4.1	2.75444	2.15039	2.12398
4.12	2.75141	2.15221	2.1252
4.14	2.74759	2.15451	2.12671
4.16	2.74342	2.15628	2.12911
4.18	2.73852	2.1587	2.13159
4.2	2.73562	2.15983	2.13337
4.22	2.73412	2.16071	2.13399
4.24	2.73181	2.16222	2.13479
4.26	2.72465	2.16445	2.13972
4.28	2.72313	2.16539	2.14031
4.3	2.72115	2.16632	2.14135
4.32	2.71802	2.16758	2.14321
4.34	2.71501	2.16927	2.14454
4.36	2.71094	2.17152	2.14636
4.38	2.7079	2.17395	2.14697
4.4	2.70602	2.17426	2.14854
4.42	2.70378	2.17478	2.15026
4.44	2.7012	2.17637	2.15125
4.46	2.69771	2.17872	2.15239
4.48	2.69554	2.17983	2.15345
4.5	2.69328	2.1808	2.15474
4.52	2.69145	2.182	2.15537
4.54	2.68844	2.1839	2.15647
4.56	2.68469	2.18549	2.15864
4.58	2.68265	2.18665	2.15953
4.6	2.67778	2.18952	2.16151
4.62	2.67571	2.19099	2.16211
4.64	2.67135	2.19236	2.16511
4.66	2.66842	2.19376	2.16664
4.68	2.66352	2.19536	2.16993
4.7	2.6595	2.19683	2.17248
4.72	2.6563	2.19759	2.17493
4.74	2.6536	2.19881	2.17641
4.76	2.6517	2.19983	2.17729
4.78	2.6466	2.20132	2.1809
4.8	2.64337	2.20259	2.18286
4.82	2.64009	2.20361	2.18512
4.84	2.63593	2.20584	2.18705
4.86	2.63281	2.20713	2.18888
4.88	2.63005	2.20796	2.1908
4.9	2.62732	2.20906	2.19244
4.92	2.62468	2.21055	2.19359
4.94	2.62252	2.21185	2.19445
4.96	2.62159	2.21203	2.1952
4.98	2.61985	2.21278	2.19619
5	2.61657	2.2146	2.19765
5.02	2.61464	2.21499	2.1992
5.04	2.61214	2.21576	2.20091
5.06	2.61018	2.21593	2.20272
5.08	2.60795	2.21669	2.20417
5.1	2.60671	2.21708	2.20503
5.12	2.60454	2.21818	2.2061
5.14	2.6007	2.21966	2.20846
5.16	2.59797	2.22048	2.21037
5.18	2.59532	2.22161	2.21189
5.2	2.59419	2.22195	2.21267
5.22	2.59263	2.22265	2.21353
5.24	2.59138	2.22305	2.21439
5.26	2.58962	2.22437	2.21484
5.28	2.58776	2.22473	2.21632
5.3	2.58636	2.22554	2.21692
5.32	2.58433	2.22705	2.21743
5.34	2.58323	2.22733	2.21826
5.36	2.5812	2.22871	2.21891
5.38	2.57754	2.23039	2.22089
5.4	2.57449	2.23279	2.22154
5.42	2.57155	2.23474	2.22254
5.44	2.57026	2.23564	2.22292
5.46	2.56843	2.23621	2.22418
5.48	2.56627	2.23718	2.22536
5.5	2.56329	2.23829	2.22724
5.52	2.56265	2.23847	2.2277
5.54	2.56161	2.23888	2.22832
5.56	2.55928	2.24012	2.22941
5.58	2.55776	2.24108	2.22997
5.6	2.55612	2.24191	2.23078
5.62	2.555	2.24199	2.23183
5.64	2.554	2.2425	2.23232
5.66	2.5496	2.24462	2.2346
5.68	2.54682	2.2465	2.23549
5.7	2.54465	2.24719	2.23697
5.72	2.54292	2.2478	2.2381
5.74	2.54137	2.24874	2.23871
5.76	2.54012	2.24949	2.23921
5.78	2.53817	2.25103	2.23962
5.8	2.53662	2.25177	2.24043
5.82	2.53433	2.25372	2.24076
5.84	2.53243	2.25478	2.24161
5.86	2.53026	2.25579	2.24277
5.88	2.52862	2.25647	2.24372
5.9	2.52785	2.25672	2.24425
5.92	2.52678	2.25737	2.24467
5.94	2.52478	2.25851	2.24553
5.96	2.52316	2.25912	2.24654
5.98	2.52198	2.25983	2.24701
6	2.52093	2.26057	2.24732
6.02	2.51878	2.26123	2.24881
6.04	2.51629	2.26209	2.25044
6.06	2.5152	2.26272	2.2509
6.08	2.51347	2.2634	2.25196
6.1	2.51201	2.26393	2.25288
6.12	2.50996	2.26473	2.25413
6.14	2.50857	2.26564	2.25461
6.16	2.5072	2.2662	2.25542
6.18	2.50636	2.26673	2.25573
6.2	2.50542	2.26707	2.25633
6.22	2.50259	2.26794	2.25828
6.24	2.50137	2.26829	2.25915
6.26	2.50052	2.26846	2.25984
6.28	2.49909	2.26945	2.26029
6.3	2.49678	2.27034	2.26169
6.32	2.49482	2.27122	2.26277
6.34	2.49406	2.27161	2.26315
6.36	2.4933	2.27224	2.26328
6.38	2.49212	2.27271	2.26399
6.4	2.48984	2.27374	2.26523
6.42	2.48738	2.27519	2.26624
6.44	2.48628	2.27585	2.26669
6.46	2.4846	2.27636	2.26786
6.48	2.48325	2.27721	2.26836
6.5	2.48138	2.27769	2.26974
6.52	2.4792	2.27843	2.27119
6.54	2.47771	2.27878	2.27233
6.56	2.47615	2.27978	2.27289
6.58	2.47472	2.28028	2.27381
6.6	2.47417	2.28034	2.27431
6.62	2.47304	2.28098	2.2748
6.64	2.47239	2.28107	2.27536
6.66	2.47151	2.28168	2.27563
6.68	2.47073	2.28202	2.27607
6.7	2.46893	2.28287	2.27702
6.72	2.46789	2.28323	2.2777
6.74	2.4669	2.28392	2.278
6.76	2.46656	2.28417	2.27809
6.78	2.46489	2.28479	2.27914
6.8	2.46329	2.2854	2.28013
6.82	2.46237	2.28582	2.28063
6.84	2.46074	2.28667	2.28141
6.86	2.45984	2.28725	2.28173
6.88	2.45837	2.28808	2.28238
6.9	2.45759	2.28813	2.28311
6.92	2.45592	2.28869	2.28421
6.94	2.45489	2.28922	2.28471
6.96	2.45367	2.28976	2.28539
6.98	2.45257	2.29037	2.28587
7	2.45184	2.29068	2.2863
7.02	2.45132	2.29104	2.28645
7.04	2.45049	2.29151	2.28682
7.06	2.45013	2.29165	2.28703
7.08	2.44946	2.29192	2.28744
7.1	2.44846	2.29254	2.28782
7.12	2.44605	2.29379	2.28898
7.14	2.44466	2.29397	2.29019
7.16	2.44369	2.29433	2.2908
7.18	2.44291	2.29471	2.29121
7.2	2.4414	2.29545	2.29197
7.22	2.44067	2.29561	2.29254
7.24	2.4396	2.29639	2.29283
7.26	2.43859	2.29666	2.29357
7.28	2.43798	2.29689	2.29395
7.3	2.43753	2.297	2.29428
7.32	2.43695	2.29733	2.29454
7.34	2.43623	2.29755	2.29504
7.36	2.4355	2.29801	2.29531
7.38	2.43447	2.29849	2.29585
7.4	2.43398	2.29888	2.29596
7.42	2.43356	2.29898	2.29628
7.44	2.43265	2.29955	2.29662
7.46	2.43174	2.29992	2.29716
7.48	2.43136	2.30008	2.29738
7.5	2.43069	2.30035	2.29778
7.52	2.43002	2.30041	2.29838
7.54	2.42941	2.30075	2.29865
7.56	2.42845	2.30115	2.29922
7.58	2.42737	2.30173	2.29972
7.6	2.42689	2.30198	2.29994
7.62	2.42613	2.30233	2.30035
7.64	2.42532	2.30293	2.30056
7.66	2.42456	2.3033	2.30095
7.68	2.42397	2.30357	2.30128
7.7	2.42306	2.30408	2.30167
7.72	2.42221	2.30446	2.30215
7.74	2.42148	2.30505	2.30228
7.76	2.42044	2.30542	2.30296
7.78	2.41971	2.30587	2.30324
7.8	2.41919	2.30625	2.30338
7.82	2.41832	2.30686	2.30364
7.84	2.41806	2.30698	2.30378
7.86	2.41732	2.30738	2.30413
7.88	2.41679	2.30758	2.30445
7.9	2.41598	2.30802	2.30482
7.92	2.41488	2.3084	2.30554
7.94	2.41371	2.30882	2.30629
7.96	2.41333	2.30894	2.30655
7.98	2.41276	2.30905	2.30701
8	2.41208	2.30932	2.30742
8.02	2.41169	2.30957	2.30755
8.04	2.41105	2.31005	2.30771
8.06	2.41063	2.3102	2.30799
8.08	2.41023	2.31038	2.3082
8.1	2.40929	2.31057	2.30896
8.12	2.40861	2.31074	2.30947
8.14	2.40804	2.31101	2.30977
8.16	2.40728	2.31137	2.31016
8.18	2.40673	2.31169	2.3104
8.2	2.40597	2.31216	2.31068
8.22	2.40532	2.31222	2.31128
8.24	2.40513	2.31223	2.31146
8.26	2.40436	2.31259	2.31187
8.28	2.40357	2.31301	2.31224
8.3	2.40321	2.31331	2.31229
8.32	2.40254	2.31363	2.31264
8.34	2.40171	2.31432	2.31279
8.36	2.40121	2.31465	2.31296
8.38	2.40081	2.31498	2.31302
8.4	2.40038	2.31522	2.31321
8.42	2.39986	2.31568	2.31328
8.44	2.39956	2.31571	2.31355
8.46	2.39904	2.31602	2.31376
8.48	2.39845	2.31626	2.31411
8.5	2.39801	2.31653	2.31427
8.52	2.39771	2.31666	2.31445
8.54	2.3971	2.31686	2.31485
8.56	2.3969	2.31691	2.31501
8.58	2.39667	2.31705	2.3151
8.6	2.39622	2.31723	2.31537
8.62	2.3957	2.31749	2.31562
8.64	2.3952	2.31778	2.31584
8.66	2.39489	2.31794	2.31599
8.68	2.3945	2.31796	2.31636
8.7	2.39413	2.31798	2.31671
8.72	2.39377	2.31815	2.31689
8.74	2.3934	2.31828	2.31713
8.76	2.39301	2.31855	2.31725
8.78	2.39265	2.31867	2.3175
8.8	2.39214	2.31902	2.31766
8.82	2.39153	2.31912	2.31817
8.84	2.39106	2.31949	2.31827
8.86	2.39082	2.31962	2.31838
8.88	2.39053	2.31983	2.31845
8.9	2.39036	2.31987	2.31859
8.92	2.3899	2.3201	2.31882
8.94	2.38953	2.32031	2.31898
8.96	2.38891	2.32061	2.3193
8.98	2.38845	2.32082	2.31955
9	2.38793	2.32098	2.31991
9.02	2.38732	2.3214	2.3201
9.04	2.38707	2.32159	2.32016
9.06	2.38678	2.32176	2.32028
9.08	2.38647	2.32193	2.32042
9.1	2.38624	2.32204	2.32054
9.12	2.38607	2.32212	2.32063
9.14	2.38558	2.32242	2.32082
9.16	2.3851	2.32262	2.32109
9.18	2.38472	2.32287	2.32123
9.2	2.38425	2.32316	2.32141
9.22	2.3836	2.32326	2.32196
9.24	2.38309	2.32356	2.32216
9.26	2.38271	2.3238	2.32232
9.28	2.38233	2.3239	2.32259
9.3	2.38185	2.32414	2.32283
9.32	2.38159	2.32416	2.32306
9.34	2.38123	2.32442	2.32317
9.36	2.38092	2.32458	2.32332
9.38	2.3806	2.32477	2.32346
9.4	2.38032	2.3248	2.3237
9.42	2.38006	2.32498	2.32378
9.44	2.3797	2.32514	2.32398
9.46	2.37945	2.32529	2.32408
9.48	2.37921	2.32545	2.32416
9.5	2.37885	2.32566	2.3243
9.52	2.37853	2.32584	2.32445
9.54	2.37798	2.326	2.32483
9.56	2.37772	2.3262	2.3249
9.58	2.37694	2.32657	2.32531
9.6	2.37685	2.32664	2.32533
9.62	2.37652	2.32679	2.32551
9.64	2.37613	2.3271	2.32559
9.66	2.37578	2.32713	2.32591
9.68	2.37542	2.32731	2.32609
9.7	2.37498	2.3275	2.32634
9.72	2.37473	2.3276	2.32649
9.74	2.37444	2.32777	2.32661
9.76	2.3742	2.32785	2.32677
9.78	2.37398	2.32794	2.3269
9.8	2.37359	2.3281	2.32713
9.82	2.37333	2.32826	2.32723
9.84	2.373	2.32842	2.3274
9.86	2.37243	2.32866	2.32773
9.88	2.37218	2.32884	2.32779
9.9	2.37187	2.32896	2.32799
9.92	2.37171	2.32904	2.32807
9.94	2.37142	2.32932	2.32808
9.96	2.37118	2.32943	2.32821
9.98	2.37072	2.32969	2.32841
10	2.37039	2.32985	2.32857
10.02	2.37017	2.32996	2.32869
10.04	2.36984	2.33015	2.32883
10.06	2.36962	2.33023	2.32898
10.08	2.36943	2.33029	2.3291
10.1	2.36922	2.33038	2.32922
10.12	2.36898	2.33051	2.32933
10.14	2.36879	2.3306	2.32943
10.16	2.36869	2.33068	2.32945
10.18	2.3685	2.33081	2.32952
10.2	2.36829	2.33092	2.32961
10.22	2.3681	2.33105	2.32968
10.24	2.36791	2.33114	2.32976
10.26	2.36772	2.3313	2.3298
10.28	2.36748	2.33142	2.32992
10.3	2.36731	2.33149	2.33002
10.32	2.36725	2.33154	2.33003
10.34	2.367	2.33166	2.33016
10.36	2.36681	2.33177	2.33023
10.38	2.36669	2.33184	2.33029
10.4	2.36647	2.33202	2.33033
10.42	2.36625	2.33205	2.33052
10.44	2.36612	2.33214	2.33056
10.46	2.3659	2.33222	2.33069
10.48	2.36575	2.33226	2.33081
10.5	2.3654	2.33247	2.33095
10.52	2.36531	2.33251	2.331
10.54	2.36517	2.33259	2.33106
10.56	2.36486	2.33268	2.33128
10.58	2.36469	2.33279	2.33133
10.6	2.36449	2.3329	2.33143
10.62	2.36438	2.33297	2.33147
10.64	2.36418	2.33305	2.33159
10.66	2.36416	2.33304	2.33162
10.68	2.36389	2.33314	2.33179
10.7	2.36377	2.33321	2.33183
10.72	2.36361	2.33327	2.33193
10.74	2.36332	2.33338	2.33211
10.76	2.36316	2.3335	2.33216
10.78	2.3629	2.33363	2.33229
10.8	2.36259	2.33375	2.33247
10.82	2.3624	2.33391	2.33251
10.84	2.36231	2.33397	2.33254
10.86	2.36187	2.33414	2.3328
10.88	2.36178	2.33421	2.33283
10.9	2.3617	2.33424	2.33287
10.92	2.36157	2.33429	2.33296
10.94	2.36143	2.33435	2.33304
10.96	2.36127	2.33444	2.33312
10.98	2.36107	2.33452	2.33323
11	2.36083	2.33463	2.33336
11.02	2.36072	2.33469	2.33341
11.04	2.3606	2.33472	2.3335
11.06	2.36031	2.33484	2.33367
11.08	2.36012	2.33494	2.33375
11.1	2.36004	2.33496	2.33381
11.12	2.35993	2.33498	2.33391
11.14	2.3598	2.33499	2.33403
11.16	2.3597	2.33501	2.3341
11.18	2.35963	2.33506	2.33412
11.2	2.35944	2.33511	2.33426
11.22	2.35913	2.33526	2.33443
11.24	2.35897	2.33534	2.33451
11.26	2.35876	2.3354	2.33465
11.28	2.35854	2.33555	2.33473
11.3	2.35845	2.33558	2.33479
11.32	2.35839	2.33563	2.3348
11.34	2.35815	2.33574	2.33493
11.36	2.35792	2.33587	2.33503
11.38	2.3578	2.33594	2.33508
11.4	2.35768	2.33598	2.33515
11.42	2.35761	2.33603	2.33518
11.44	2.35754	2.33605	2.33523
11.46	2.35735	2.33613	2.33534
11.48	2.35732	2.33612	2.33538
11.5	2.35714	2.33615	2.33553
11.52	2.35709	2.33618	2.33555
11.54	2.35705	2.33619	2.33558
11.56	2.35694	2.33624	2.33565
11.58	2.35681	2.33632	2.33568
11.6	2.35672	2.33636	2.33573
11.62	2.35658	2.33643	2.3358
11.64	2.35644	2.33649	2.33589
11.66	2.35625	2.33655	2.33602
11.68	2.3561	2.33657	2.33615
11.7	2.35605	2.33657	2.33619
11.72	2.35589	2.33664	2.33629
11.74	2.35576	2.33674	2.33632
11.76	2.35569	2.33676	2.33637
11.78	2.35563	2.3368	2.33639
11.8	2.35544	2.33686	2.33652
11.82	2.35535	2.3369	2.33656
11.84	2.35521	2.33695	2.33665
11.86	2.35509	2.337	2.33673
11.88	2.35492	2.33705	2.33685
11.9	2.35486	2.33706	2.3369
11.92	2.35481	2.33708	2.33693
11.94	2.35469	2.33716	2.33697
11.96	2.35464	2.33719	2.33699
11.98	2.35453	2.33721	2.33708
12	2.35443	2.33724	2.33715
12.02	2.35425	2.33733	2.33724
12.04	2.35411	2.33738	2.33732
12.06	2.35393	2.33747	2.33742
12.08	2.35384	2.33752	2.33747
12.1	2.35376	2.33755	2.3375
12.12	2.35368	2.33759	2.33755
12.14	2.35364	2.33764	2.33754
12.16	2.35356	2.3377	2.33755
12.18	2.35352	2.33773	2.33757
12.2	2.3534	2.3378	2.33761
12.22	2.3533	2.33787	2.33765
12.24	2.35316	2.33793	2.33772
12.26	2.35309	2.33796	2.33776
12.28	2.35305	2.33802	2.33776
12.3	2.35294	2.33808	2.3378
12.32	2.35291	2.33811	2.33779
12.34	2.35283	2.33816	2.33783
12.36	2.35275	2.33819	2.33787
12.38	2.35266	2.33824	2.33792
12.4	2.35255	2.3383	2.33797
12.42	2.35244	2.33838	2.33799
12.44	2.35236	2.3384	2.33805
12.46	2.35229	2.33844	2.33808
12.48	2.35222	2.33846	2.33813
12.5	2.35217	2.33849	2.33816
12.52	2.35217	2.33847	2.33817
12.54	2.35207	2.33855	2.33821
12.56	2.35195	2.33862	2.33825
12.58	2.3519	2.33865	2.33827
12.6	2.35179	2.33869	2.33833
12.62	2.35168	2.33875	2.33839
12.64	2.35158	2.33879	2.33845
12.66	2.35153	2.33881	2.33847
12.68	2.35144	2.33885	2.33852
12.7	2.35135	2.3389	2.33857
12.72	2.35128	2.33891	2.33863
12.74	2.35112	2.33899	2.33872
12.76	2.35106	2.33903	2.33873
12.78	2.35103	2.33905	2.33875
12.8	2.35096	2.3391	2.33877
12.82	2.35087	2.33916	2.33879
12.84	2.35078	2.33919	2.33885
12.86	2.35073	2.33918	2.3389
12.88	2.35064	2.33927	2.33891
12.9	2.35057	2.3393	2.33894
12.92	2.3505	2.33935	2.33897
12.94	2.35045	2.33937	2.33899
12.96	2.35038	2.33939	2.33904
12.98	2.35032	2.33944	2.33906
13	2.3502	2.33951	2.3391
13.02	2.35013	2.33954	2.33915
13.04	2.35005	2.33959	2.33917
13.06	2.35002	2.3396	2.33919
13.08	2.34998	2.33961	2.33923
13.1	2.34996	2.33963	2.33923
13.12	2.34992	2.33964	2.33926
13.14	2.34987	2.33968	2.33927
13.16	2.3498	2.3397	2.33932
13.18	2.34972	2.33973	2.33937
13.2	2.34968	2.33975	2.33939
13.22	2.34965	2.33975	2.33942
13.24	2.34958	2.33979	2.33945
13.26	2.34952	2.33982	2.33948
13.28	2.34947	2.33986	2.33949
13.3	2.3494	2.33988	2.33953
13.32	2.34935	2.33989	2.33958
13.34	2.34935	2.33988	2.33959
13.36	2.34931	2.33989	2.33961
13.38	2.34926	2.33992	2.33965
13.4	2.34919	2.33994	2.33969
13.42	2.34917	2.33994	2.33971
13.44	2.34915	2.33995	2.33972
13.46	2.34911	2.33995	2.33976
13.48	2.34908	2.33996	2.33978
13.5	2.349	2.34	2.33982
13.52	2.34897	2.34001	2.33984
13.54	2.3489	2.34001	2.33991
13.56	2.3488	2.34003	2.33998
13.58	2.34877	2.34006	2.33999
13.6	2.34874	2.34009	2.33999
13.62	2.34871	2.34009	2.34002
13.64	2.34868	2.34011	2.34003
13.66	2.3486	2.34014	2.34009
13.68	2.34857	2.34015	2.3401
13.7	2.34852	2.34018	2.34011
13.72	2.34847	2.34018	2.34018
13.74	2.34845	2.34019	2.34018
13.76	2.34839	2.34022	2.34021
13.78	2.34833	2.34025	2.34024
13.8	2.34826	2.3403	2.34026
13.82	2.34821	2.34033	2.34028
13.84	2.34817	2.34034	2.34031
13.86	2.34811	2.34037	2.34034
13.88	2.34804	2.3404	2.34037
13.9	2.34797	2.34044	2.34041
13.92	2.34794	2.34047	2.34041
13.94	2.3479	2.3405	2.34042
13.96	2.34785	2.34053	2.34043
13.98	2.34783	2.34055	2.34044
14	2.34778	2.34056	2.34047
14.02	2.34772	2.34061	2.3405
14.04	2.3477	2.34063	2.34049
14.06	2.34766	2.34065	2.34051
14.08	2.34759	2.34069	2.34054
14.1	2.34754	2.3407	2.34058
14.12	2.3475	2.34073	2.34059
14.14	2.34743	2.34077	2.34061
14.16	2.34739	2.34078	2.34065
14.18	2.34737	2.34079	2.34065
14.2	2.34735	2.34081	2.34066
14.22	2.3473	2.34081	2.3407
14.24	2.34724	2.34081	2.34077
14.26	2.34723	2.34081	2.34078
14.28	2.3472	2.34083	2.34079
14.3	2.34719	2.34083	2.34079
14.32	2.34715	2.34086	2.34081
14.34	2.34711	2.34089	2.34083
14.36	2.34707	2.3409	2.34085
14.38	2.34704	2.34092	2.34086
14.4	2.34702	2.34093	2.34087
14.42	2.34698	2.34095	2.34089
14.44	2.34693	2.34097	2.34091
14.46	2.34692	2.34097	2.34093
14.48	2.34689	2.34099	2.34094
14.5	2.34684	2.34101	2.34097
14.52	2.34679	2.34104	2.34098
14.54	2.34676	2.34107	2.34099
14.56	2.34671	2.3411	2.34101
14.58	2.3467	2.3411	2.34102
14.6	2.34666	2.34112	2.34103
14.62	2.34662	2.34114	2.34106
14.64	2.34659	2.34116	2.34107
14.66	2.34656	2.34118	2.34108
14.68	2.34654	2.34119	2.34109
14.7	2.3465	2.34121	2.34111
14.72	2.34645	2.34122	2.34115
14.74	2.34642	2.34124	2.34115
14.76	2.34639	2.34126	2.34117
14.78	2.34636	2.34127	2.34119
14.8	2.34632	2.34129	2.34121
14.82	2.34628	2.34131	2.34123
14.84	2.34626	2.34133	2.34123
14.86	2.34621	2.34135	2.34126
14.88	2.34619	2.34136	2.34127
14.9	2.34615	2.34137	2.34129
14.92	2.34612	2.34139	2.34131
14.94	2.34608	2.3414	2.34133
14.96	2.34605	2.34143	2.34134
14.98	2.34601	2.34145	2.34136
15	2.346	2.34145	2.34137
15.02	2.34597	2.34146	2.34138
15.04	2.34593	2.34148	2.3414
15.06	2.3459	2.34151	2.34142
15.08	2.34588	2.34151	2.34143
15.1	2.34587	2.34151	2.34143
15.12	2.34586	2.34152	2.34144
15.14	2.34583	2.34153	2.34145
15.16	2.3458	2.34156	2.34146
15.18	2.34576	2.34159	2.34147
15.2	2.34574	2.3416	2.34149
15.22	2.34571	2.34161	2.3415
15.24	2.34568	2.34162	2.34151
15.26	2.34565	2.34164	2.34154
15.28	2.34561	2.34165	2.34156
15.3	2.34559	2.34166	2.34157
15.32	2.34556	2.34167	2.34159
15.34	2.34553	2.34168	2.3416
15.36	2.3455	2.34169	2.34162
15.38	2.34548	2.34171	2.34163
15.4	2.34544	2.34175	2.34163
15.42	2.34541	2.34176	2.34164
15.44	2.34537	2.34177	2.34167
15.46	2.34536	2.34178	2.34168
15.48	2.34533	2.34179	2.34169
15.5	2.34531	2.3418	2.34171
15.52	2.3453	2.3418	2.34172
15.54	2.34529	2.34181	2.34172
15.56	2.34528	2.34182	2.34173
15.58	2.34525	2.34183	2.34173
15.6	2.34525	2.34184	2.34173
15.62	2.34522	2.34186	2.34174
15.64	2.34522	2.34185	2.34174
15.66	2.34522	2.34184	2.34175
15.68	2.34517	2.34186	2.34178
15.7	2.34517	2.34187	2.34178
15.72	2.34514	2.34189	2.34179
15.74	2.34513	2.34189	2.3418
15.76	2.34513	2.34189	2.3418
15.78	2.3451	2.34189	2.34183
15.8	2.34508	2.3419	2.34184
15.82	2.34506	2.34191	2.34185
15.84	2.34507	2.3419	2.34185
15.86	2.34506	2.3419	2.34186
15.88	2.34505	2.3419	2.34186
15.9	2.34504	2.34191	2.34187
15.92	2.34501	2.34193	2.34188
15.94	2.345	2.34194	2.34188
15.96	2.34498	2.34194	2.34189
15.98	2.34496	2.34194	2.34192
16	2.34496	2.34194	2.34192
16.02	2.34494	2.34195	2.34193
16.04	2.34493	2.34196	2.34193
16.06	2.3449	2.34197	2.34194
16.08	2.34487	2.34198	2.34196
16.1	2.34486	2.34197	2.34198
16.12	2.34483	2.34198	2.342
16.14	2.34481	2.34199	2.34203
16.16	2.34477	2.342	2.34205
16.18	2.34475	2.34201	2.34206
16.2	2.34474	2.34201	2.34207
16.22	2.34474	2.34202	2.34206
16.24	2.34472	2.34203	2.34207
16.26	2.34471	2.34204	2.34207
16.28	2.3447	2.34205	2.34207
16.3	2.34468	2.34207	2.34207
16.32	2.34467	2.34208	2.34207
16.34	2.34466	2.34208	2.34208
16.36	2.34465	2.34208	2.34209
16.38	2.34464	2.34209	2.34209
16.4	2.34462	2.34209	2.3421
16.42	2.34461	2.3421	2.34211
16.44	2.34461	2.3421	2.34211
16.46	2.34459	2.34211	2.34212
16.48	2.34457	2.34212	2.34213
16.5	2.34456	2.34213	2.34213
16.52	2.34454	2.34214	2.34214
16.54	2.34452	2.34215	2.34215
16.56	2.34451	2.34215	2.34216
16.58	2.3445	2.34216	2.34216
16.6	2.34446	2.34218	2.34218
16.62	2.34445	2.34218	2.34218
16.64	2.34443	2.34219	2.3422
16.66	2.34442	2.34219	2.3422
16.68	2.34442	2.3422	2.34221
16.7	2.3444	2.3422	2.34222
16.72	2.34437	2.34221	2.34224
16.74	2.34437	2.34221	2.34224
16.76	2.34435	2.34222	2.34225
16.78	2.34433	2.34223	2.34225
16.8	2.34433	2.34224	2.34225
16.82	2.34431	2.34225	2.34226
16.84	2.3443	2.34225	2.34226
16.86	2.34429	2.34226	2.34227
16.88	2.34428	2.34227	2.34227
16.9	2.34427	2.34227	2.34227
16.92	2.34426	2.34228	2.34228
16.94	2.34425	2.34228	2.34229
16.96	2.34423	2.34229	2.3423
16.98	2.34422	2.34229	2.3423
17	2.34422	2.34229	2.34231
17.02	2.34422	2.34229	2.34231
17.04	2.34421	2.34229	2.34231
17.06	2.3442	2.3423	2.34232
17.08	2.34419	2.3423	2.34232
17.1	2.34418	2.34231	2.34233
17.12	2.34417	2.34231	2.34234
17.14	2.34416	2.34231	2.34234
17.16	2.34415	2.34232	2.34234
17.18	2.34414	2.34232	2.34236
17.2	2.34413	2.34232	2.34237
17.22	2.34411	2.34233	2.34237
17.24	2.3441	2.34234	2.34238
17.26	2.34408	2.34235	2.34239
17.28	2.34406	2.34236	2.3424
17.3	2.34406	2.34236	2.3424
17.32	2.34404	2.34237	2.34241
17.34	2.34403	2.34238	2.34241
17.36	2.34402	2.34238	2.34242
17.38	2.34401	2.34238	2.34242
17.4	2.34401	2.34238	2.34243
17.42	2.34399	2.34239	2.34243
17.44	2.34398	2.3424	2.34244
17.46	2.34398	2.3424	2.34244
17.48	2.34397	2.34241	2.34244
17.5	2.34396	2.34241	2.34245
17.52	2.34396	2.34241	2.34245
17.54	2.34395	2.34241	2.34245
17.56	2.34393	2.34243	2.34246
17.58	2.34393	2.34243	2.34246
17.6	2.34392	2.34243	2.34247
17.62	2.34391	2.34244	2.34247
17.64	2.3439	2.34244	2.34248
17.66	2.34389	2.34244	2.34249
17.68	2.34388	2.34244	2.3425
17.7	2.34387	2.34244	2.34251
17.72	2.34386	2.34245	2.34251
17.74	2.34386	2.34245	2.34251
17.76	2.34385	2.34245	2.34251
17.78	2.34385	2.34246	2.34251
17.8	2.34384	2.34246	2.34252
17.82	2.34383	2.34247	2.34252
17.84	2.34382	2.34247	2.34252
17.86	2.34382	2.34248	2.34252
17.88	2.3438	2.34249	2.34253
17.9	2.3438	2.34249	2.34253
17.92	2.3438	2.34249	2.34253
17.94	2.34379	2.34249	2.34253
17.96	2.34378	2.3425	2.34254
17.98	2.34378	2.3425	2.34254
18	2.34377	2.3425	2.34255
18.02	2.34376	2.3425	2.34256
18.04	2.34375	2.3425	2.34256
18.06	2.34375	2.3425	2.34256
18.08	2.34375	2.34251	2.34256
18.1	2.34374	2.34251	2.34257
18.12	2.34373	2.34252	2.34257
18.14	2.34371	2.34253	2.34258
18.16	2.3437	2.34253	2.34258
18.18	2.3437	2.34254	2.34258
18.2	2.34369	2.34254	2.34259
18.22	2.34368	2.34254	2.3426
18.24	2.34367	2.34255	2.3426
18.26	2.34367	2.34255	2.3426
18.28	2.34366	2.34255	2.34261
18.3	2.34365	2.34256	2.34261
18.32	2.34365	2.34256	2.34261
18.34	2.34364	2.34256	2.34261
18.36	2.34364	2.34257	2.34262
18.38	2.34363	2.34256	2.34262
18.4	2.34363	2.34256	2.34262
18.42	2.34363	2.34256	2.34263
18.44	2.34362	2.34257	2.34262
18.46	2.34362	2.34257	2.34263
18.48	2.34361	2.34258	2.34263
18.5	2.34359	2.34258	2.34264
18.52	2.34359	2.34259	2.34264
18.54	2.34359	2.34259	2.34264
18.56	2.34358	2.34259	2.34265
18.58	2.34358	2.34259	2.34265
18.6	2.34357	2.3426	2.34265
18.62	2.34357	2.3426	2.34265
18.64	2.34356	2.3426	2.34265
18.66	2.34356	2.3426	2.34266
18.68	2.34355	2.34261	2.34266
18.7	2.34355	2.34261	2.34266
18.72	2.34354	2.34261	2.34267
18.74	2.34353	2.34261	2.34267
18.76	2.34353	2.34261	2.34267
18.78	2.34352	2.34262	2.34268
18.8	2.34352	2.34262	2.34267
18.82	2.34352	2.34262	2.34268
18.84	2.34351	2.34263	2.34268
18.86	2.3435	2.34263	2.34268
18.88	2.3435	2.34263	2.34269
18.9	2.34349	2.34264	2.34269
18.92	2.34349	2.34264	2.34269
18.94	2.34349	2.34264	2.34269
18.96	2.34348	2.34264	2.3427
18.98	2.34347	2.34265	2.3427
19	2.34347	2.34265	2.3427
19.02	2.34347	2.34265	2.3427
19.04	2.34346	2.34265	2.34271
19.06	2.34346	2.34265	2.34271
19.08	2.34345	2.34266	2.34271
19.1	2.34345	2.34266	2.34271
19.12	2.34344	2.34266	2.34271
19.14	2.34344	2.34266	2.34272
19.16	2.34343	2.34267	2.34272
19.18	2.34343	2.34267	2.34272
19.2	2.34343	2.34267	2.34272
19.22	2.34343	2.34267	2.34272
19.24	2.34342	2.34268	2.34273
19.26	2.34341	2.34268	2.34273
19.28	2.34341	2.34268	2.34273
19.3	2.3434	2.34268	2.34273
19.32	2.3434	2.34268	2.34274
19.34	2.3434	2.34268	2.34274
19.36	2.3434	2.34268	2.34274
19.38	2.34339	2.34268	2.34274
19.4	2.34339	2.34268	2.34274
19.42	2.34339	2.34269	2.34274
19.44	2.34339	2.34269	2.34274
19.46	2.34338	2.34269	2.34275
19.48	2.34338	2.34269	2.34275
19.5	2.34337	2.34269	2.34275
19.52	2.34337	2.3427	2.34275
19.54	2.34337	2.3427	2.34275
19.56	2.34337	2.3427	2.34275
19.58	2.34336	2.3427	2.34275
19.6	2.34336	2.3427	2.34276
19.62	2.34336	2.3427	2.34276
19.64	2.34335	2.3427	2.34276
19.66	2.34335	2.34271	2.34276
19.68	2.34335	2.34271	2.34276
19.7	2.34335	2.34271	2.34276
19.72	2.34335	2.34271	2.34276
19.74	2.34334	2.34271	2.34277
19.76	2.34334	2.34272	2.34277
19.78	2.34333	2.34272	2.34277
19.8	2.34333	2.34272	2.34277
19.82	2.34332	2.34272	2.34277
19.84	2.34332	2.34272	2.34278
19.86	2.34332	2.34272	2.34278
19.88	2.34331	2.34273	2.34278
19.9	2.34331	2.34273	2.34278
19.92	2.34331	2.34273	2.34278
19.94	2.34331	2.34273	2.34278
19.96	2.3433	2.34273	2.34278
19.98	2.3433	2.34273	2.34278
20	2.3433	2.34274	2.34278
