# Max change (t), [t] - время свободного пробега
0.02	4.96447	1.01122	1.01038
0.04	4.93771	1.02593	1.02244
0.06	4.91218	1.03911	1.03477
0.08	4.88942	1.04979	1.04686
0.1	4.86122	1.06332	1.06153
0.12	4.83584	1.07639	1.07384
0.14	4.81145	1.08895	1.08567
0.16	4.78503	1.10231	1.09873
0.18	4.76008	1.1149	1.11109
0.2	4.73333	1.12863	1.12411
0.22	4.70931	1.14098	1.13578
0.24	4.68565	1.15253	1.14789
0.26	4.66128	1.16381	1.16098
0.28	4.6367	1.17689	1.17247
0.3	4.61497	1.18782	1.18328
0.32	4.59106	1.19991	1.1951
0.34	4.56699	1.21343	1.20565
0.36	4.54421	1.22388	1.21798
0.38	4.52164	1.23416	1.23027
0.4	4.50021	1.24511	1.24075
0.42	4.47766	1.25619	1.25221
0.44	4.45435	1.26835	1.26337
0.46	4.43552	1.27837	1.27218
0.48	4.41403	1.28964	1.28239
0.5	4.39313	1.30049	1.29245
0.52	4.37226	1.31024	1.30356
0.54	4.35225	1.31933	1.31448
0.56	4.3333	1.32929	1.32347
0.58	4.31467	1.33832	1.33308
0.6	4.29509	1.34869	1.34228
0.62	4.27461	1.35935	1.35211
0.64	4.25608	1.36886	1.36113
0.66	4.23592	1.37819	1.37195
0.68	4.21735	1.38771	1.38102
0.7	4.19695	1.39764	1.39148
0.72	4.17641	1.40729	1.40237
0.74	4.15779	1.41605	1.41223
0.76	4.14032	1.4252	1.42055
0.78	4.12276	1.43363	1.42968
0.8	4.1055	1.44232	1.43825
0.82	4.08828	1.45093	1.44687
0.84	4.07266	1.45847	1.45493
0.86	4.05471	1.46664	1.46472
0.88	4.03685	1.47542	1.4738
0.9	4.02133	1.48338	1.48136
0.92	4.00418	1.49173	1.49016
0.94	3.98852	1.49989	1.49766
0.96	3.972	1.50781	1.50626
0.98	3.9554	1.51652	1.51414
1	3.93982	1.52433	1.52192
1.02	3.92507	1.53169	1.52931
1.04	3.90949	1.53975	1.53682
1.06	3.89244	1.54861	1.54502
1.08	3.87773	1.55645	1.55189
1.1	3.86334	1.56369	1.55904
1.12	3.84803	1.57129	1.56675
1.14	3.83357	1.57923	1.57327
1.16	3.81904	1.58626	1.58077
1.18	3.80369	1.59396	1.58842
1.2	3.78895	1.60149	1.59563
1.22	3.77395	1.60924	1.60287
1.24	3.75988	1.61631	1.60988
1.26	3.74504	1.62373	1.6173
1.28	3.73092	1.63115	1.62399
1.3	3.71798	1.63767	1.63042
1.32	3.70503	1.64435	1.63669
1.34	3.6909	1.65112	1.64406
1.36	3.67777	1.65787	1.65042
1.38	3.66352	1.66538	1.65717
1.4	3.64952	1.67209	1.66446
1.42	3.63722	1.67791	1.67093
1.44	3.6241	1.6847	1.67727
1.46	3.61037	1.69152	1.68417
1.48	3.59834	1.69746	1.69026
1.5	3.58597	1.70337	1.69673
1.52	3.57337	1.70992	1.70277
1.54	3.55975	1.71627	1.71005
1.56	3.54666	1.72271	1.7167
1.58	3.53443	1.72888	1.72276
1.6	3.52273	1.73468	1.72866
1.62	3.51122	1.74014	1.7347
1.64	3.5001	1.74552	1.74045
1.66	3.48885	1.75118	1.74604
1.68	3.47813	1.75649	1.75145
1.7	3.46694	1.76168	1.75744
1.72	3.45593	1.76709	1.76304
1.74	3.44441	1.77285	1.76881
1.76	3.4328	1.77879	1.77448
1.78	3.42265	1.78362	1.77981
1.8	3.41255	1.78844	1.78509
1.82	3.40188	1.7938	1.79039
1.84	3.39189	1.79881	1.79537
1.86	3.38222	1.80362	1.80023
1.88	3.37236	1.8087	1.80501
1.9	3.36162	1.81438	1.81006
1.92	3.35122	1.8198	1.81505
1.94	3.34166	1.82431	1.8201
1.96	3.33224	1.82911	1.82472
1.98	3.32297	1.8337	1.8294
2	3.31357	1.8384	1.8341
2.02	3.30345	1.84348	1.83914
2.04	3.294	1.84806	1.84401
2.06	3.28432	1.85286	1.84889
2.08	3.27486	1.85733	1.85388
2.1	3.26555	1.86196	1.85855
2.12	3.25647	1.86662	1.86297
2.14	3.24817	1.87081	1.86709
2.16	3.23889	1.8755	1.87167
2.18	3.23008	1.87993	1.87606
2.2	3.22121	1.88436	1.8805
2.22	3.21279	1.88856	1.88472
2.24	3.20415	1.89292	1.889
2.26	3.19521	1.89751	1.89334
2.28	3.18682	1.90153	1.89772
2.3	3.17793	1.90587	1.90227
2.32	3.17032	1.90959	1.90616
2.34	3.16181	1.91424	1.91003
2.36	3.15345	1.91846	1.91416
2.38	3.14585	1.92216	1.91805
2.4	3.13827	1.926	1.92179
2.42	3.13021	1.93018	1.92567
2.44	3.12237	1.93419	1.9295
2.46	3.11524	1.93759	1.93323
2.48	3.10792	1.94126	1.93689
2.5	3.101	1.94478	1.94029
2.52	3.09319	1.94852	1.94435
2.54	3.08536	1.95209	1.94862
2.56	3.07781	1.95571	1.95255
2.58	3.07054	1.95941	1.95612
2.6	3.06306	1.96296	1.96004
2.62	3.05599	1.96659	1.96349
2.64	3.04835	1.9701	1.96761
2.66	3.04163	1.97342	1.97102
2.68	3.03523	1.97658	1.97425
2.7	3.02821	1.98004	1.97781
2.72	3.02159	1.98315	1.98132
2.74	3.0151	1.98631	1.98465
2.76	3.00834	1.9898	1.98793
2.78	3.00205	1.99292	1.9911
2.8	2.99545	1.99635	1.99427
2.82	2.98906	1.9995	1.99751
2.84	2.98272	2.00271	2.00064
2.86	2.97649	2.00585	2.00373
2.88	2.97007	2.00922	2.00678
2.9	2.96422	2.01224	2.00961
2.92	2.95791	2.01535	2.01281
2.94	2.9519	2.0183	2.01587
2.96	2.94559	2.0212	2.01928
2.98	2.93939	2.02402	2.02266
3	2.93365	2.02692	2.02549
3.02	2.92804	2.0298	2.02823
3.04	2.92246	2.03255	2.03106
3.06	2.9165	2.03552	2.03405
3.08	2.9107	2.03858	2.03679
3.1	2.90501	2.04118	2.03989
3.12	2.89893	2.04434	2.04279
3.14	2.89349	2.04715	2.04543
3.16	2.88813	2.04977	2.04817
3.18	2.883	2.05218	2.05088
3.2	2.87741	2.0552	2.05345
3.22	2.87189	2.05803	2.05615
3.24	2.86664	2.06042	2.05901
3.26	2.8617	2.06296	2.06141
3.28	2.85669	2.06546	2.06391
3.3	2.85126	2.06814	2.06667
3.32	2.846	2.07074	2.06932
3.34	2.84086	2.07314	2.07206
3.36	2.83556	2.07565	2.07486
3.38	2.83083	2.07794	2.07729
3.4	2.82612	2.08033	2.07962
3.42	2.82154	2.0826	2.08192
3.44	2.81697	2.08488	2.08422
3.46	2.81201	2.08734	2.08671
3.48	2.80756	2.08953	2.08898
3.5	2.80296	2.09175	2.09136
3.52	2.79846	2.09377	2.09384
3.54	2.79372	2.09605	2.0963
3.56	2.78915	2.09831	2.09861
3.58	2.78491	2.10055	2.1006
3.6	2.78027	2.10281	2.10298
3.62	2.77581	2.10512	2.10513
3.64	2.77144	2.1073	2.10733
3.66	2.76735	2.10927	2.10945
3.68	2.76317	2.11136	2.11154
3.7	2.75893	2.11353	2.1136
3.72	2.75502	2.11549	2.11555
3.74	2.75089	2.11756	2.11762
3.76	2.74668	2.11953	2.11986
3.78	2.74294	2.12153	2.1216
3.8	2.73894	2.12359	2.12354
3.82	2.73508	2.12553	2.12545
3.84	2.73117	2.12751	2.12739
3.86	2.72736	2.12945	2.12927
3.88	2.7236	2.13134	2.13113
3.9	2.7199	2.13314	2.13302
3.92	2.7163	2.13492	2.13485
3.94	2.7126	2.13676	2.1367
3.96	2.7087	2.13872	2.13865
3.98	2.70519	2.14046	2.14042
4	2.70147	2.14224	2.14236
4.02	2.69789	2.14404	2.14414
4.04	2.69415	2.14591	2.14601
4.06	2.69087	2.14758	2.14761
4.08	2.68734	2.14934	2.14939
4.1	2.68406	2.15098	2.15103
4.12	2.68062	2.15279	2.15266
4.14	2.67723	2.15443	2.15441
4.16	2.6738	2.15611	2.15616
4.18	2.67057	2.15768	2.15781
4.2	2.66708	2.1594	2.15959
4.22	2.66389	2.16108	2.1611
4.24	2.66067	2.16267	2.16273
4.26	2.65739	2.16429	2.16439
4.28	2.65431	2.16581	2.16595
4.3	2.65131	2.16733	2.16743
4.32	2.64824	2.16901	2.16883
4.34	2.64522	2.17051	2.17034
4.36	2.64216	2.17206	2.17185
4.38	2.63921	2.17364	2.17321
4.4	2.63604	2.17515	2.17488
4.42	2.63305	2.17669	2.17633
4.44	2.63006	2.17821	2.1778
4.46	2.62713	2.17972	2.17921
4.48	2.62432	2.18112	2.18062
4.5	2.62147	2.18248	2.18212
4.52	2.61869	2.18382	2.18355
4.54	2.61601	2.18515	2.1849
4.56	2.61315	2.18662	2.1863
4.58	2.61043	2.18798	2.18766
4.6	2.60775	2.1893	2.18902
4.62	2.60505	2.19069	2.19033
4.64	2.60253	2.19193	2.19161
4.66	2.59994	2.1932	2.19293
4.68	2.59724	2.19449	2.19433
4.7	2.59452	2.19577	2.19578
4.72	2.59202	2.19701	2.19704
4.74	2.58959	2.19826	2.19821
4.76	2.58687	2.19964	2.19955
4.78	2.58434	2.20093	2.2008
4.8	2.58188	2.20218	2.202
4.82	2.57954	2.20331	2.20322
4.84	2.57722	2.2044	2.20444
4.86	2.57493	2.2056	2.20554
4.88	2.57269	2.20669	2.20669
4.9	2.57036	2.20777	2.20794
4.92	2.56814	2.20883	2.2091
4.94	2.56581	2.20997	2.21029
4.96	2.56363	2.21109	2.21135
4.98	2.56139	2.21219	2.21249
5	2.55917	2.21324	2.21365
5.02	2.55699	2.2144	2.21468
5.04	2.55477	2.21548	2.21582
5.06	2.55265	2.21651	2.21691
5.08	2.55048	2.21761	2.21797
5.1	2.54841	2.21868	2.21897
5.12	2.54626	2.21973	2.22007
5.14	2.54418	2.22079	2.2211
5.16	2.54215	2.22173	2.22218
5.18	2.54025	2.22269	2.22313
5.2	2.53831	2.22367	2.22409
5.22	2.53624	2.2247	2.22512
5.24	2.53423	2.22569	2.22614
5.26	2.53218	2.22668	2.22721
5.28	2.5302	2.22772	2.22815
5.3	2.5283	2.22862	2.22914
5.32	2.52636	2.22957	2.23014
5.34	2.52454	2.23049	2.23104
5.36	2.52256	2.23154	2.23197
5.38	2.52068	2.23253	2.23285
5.4	2.51891	2.23341	2.23376
5.42	2.51707	2.23434	2.23466
5.44	2.51522	2.23529	2.23555
5.46	2.51336	2.2362	2.23651
5.48	2.51161	2.23708	2.23738
5.5	2.50993	2.2379	2.23824
5.52	2.50822	2.23874	2.23912
5.54	2.5065	2.2396	2.23996
5.56	2.50485	2.24042	2.2408
5.58	2.50322	2.24119	2.24166
5.6	2.50167	2.24195	2.24245
5.62	2.5	2.24285	2.24322
5.64	2.49829	2.24366	2.24412
5.66	2.49665	2.24446	2.24495
5.68	2.49495	2.24533	2.24578
5.7	2.49337	2.2461	2.2466
5.72	2.49181	2.24689	2.24736
5.74	2.49032	2.24768	2.24807
5.76	2.48876	2.24844	2.24887
5.78	2.48727	2.24921	2.24958
5.8	2.48583	2.24996	2.25029
5.82	2.48433	2.25067	2.25107
5.84	2.4828	2.25146	2.25182
5.86	2.48127	2.2522	2.2526
5.88	2.47985	2.2529	2.25332
5.9	2.47846	2.25365	2.25395
5.92	2.47697	2.25442	2.25468
5.94	2.4755	2.25514	2.25544
5.96	2.47411	2.25583	2.25613
5.98	2.4728	2.25646	2.25681
6	2.47144	2.2571	2.25752
6.02	2.47009	2.25778	2.2582
6.04	2.46865	2.25852	2.2589
6.06	2.46738	2.25913	2.25956
6.08	2.46608	2.25982	2.26017
6.1	2.46476	2.26048	2.26082
6.12	2.46355	2.26112	2.2614
6.14	2.46231	2.26175	2.26201
6.16	2.46096	2.26237	2.26273
6.18	2.45963	2.26304	2.2634
6.2	2.45842	2.26362	2.26402
6.22	2.45721	2.26421	2.26465
6.24	2.45602	2.26478	2.26527
6.26	2.45483	2.26541	2.26583
6.28	2.45367	2.26595	2.26644
6.3	2.45242	2.26659	2.26706
6.32	2.45125	2.2672	2.26761
6.34	2.45016	2.26774	2.26817
6.36	2.44901	2.26833	2.26873
6.38	2.4478	2.26897	2.2693
6.4	2.44662	2.26953	2.26991
6.42	2.44553	2.27008	2.27046
6.44	2.44432	2.27066	2.27109
6.46	2.44322	2.27119	2.27166
6.48	2.44208	2.27175	2.27224
6.5	2.44092	2.27231	2.27283
6.52	2.43988	2.27282	2.27336
6.54	2.43885	2.27336	2.27386
6.56	2.43783	2.2739	2.27435
6.58	2.43676	2.27444	2.27486
6.6	2.43577	2.27496	2.27533
6.62	2.43475	2.27551	2.27581
6.64	2.43376	2.27598	2.27633
6.66	2.43278	2.27644	2.27685
6.68	2.43181	2.27694	2.27732
6.7	2.43076	2.27746	2.27785
6.72	2.42983	2.27793	2.27831
6.74	2.4289	2.27841	2.27876
6.76	2.42793	2.2789	2.27923
6.78	2.427	2.27937	2.27971
6.8	2.42605	2.27986	2.28015
6.82	2.42518	2.28031	2.28058
6.84	2.42426	2.28078	2.28103
6.86	2.42337	2.28123	2.28147
6.88	2.42242	2.28172	2.28193
6.9	2.42155	2.28214	2.28238
6.92	2.42065	2.28257	2.28285
6.94	2.41982	2.28302	2.28323
6.96	2.41898	2.28345	2.28364
6.98	2.41814	2.28388	2.28405
7	2.41727	2.28431	2.28448
7.02	2.41639	2.28473	2.28494
7.04	2.41554	2.28514	2.28539
7.06	2.41471	2.28556	2.28579
7.08	2.41386	2.28598	2.28623
7.1	2.41307	2.28637	2.28663
7.12	2.41226	2.28674	2.28706
7.14	2.41143	2.28719	2.28745
7.16	2.41068	2.28754	2.28785
7.18	2.40993	2.28792	2.28821
7.2	2.40915	2.28832	2.2886
7.22	2.40841	2.28866	2.289
7.24	2.40764	2.28905	2.28937
7.26	2.40688	2.28942	2.28977
7.28	2.40612	2.28983	2.29012
7.3	2.40541	2.29019	2.29047
7.32	2.4047	2.29055	2.29082
7.34	2.404	2.29091	2.29116
7.36	2.40327	2.29129	2.2915
7.38	2.40254	2.29166	2.29187
7.4	2.40184	2.292	2.29223
7.42	2.40117	2.29235	2.29254
7.44	2.40045	2.29273	2.29288
7.46	2.39984	2.29303	2.2932
7.48	2.39912	2.29339	2.29356
7.5	2.39844	2.29375	2.29388
7.52	2.39777	2.29407	2.29423
7.54	2.39709	2.29438	2.2946
7.56	2.39643	2.29471	2.29493
7.58	2.39582	2.29498	2.29527
7.6	2.39519	2.29527	2.29561
7.62	2.39454	2.29562	2.29591
7.64	2.39392	2.29594	2.29621
7.66	2.39327	2.29626	2.29654
7.68	2.39266	2.29656	2.29685
7.7	2.39204	2.29687	2.29715
7.72	2.39142	2.29719	2.29745
7.74	2.39085	2.29749	2.29774
7.76	2.39026	2.29779	2.29801
7.78	2.38971	2.29809	2.29826
7.8	2.38909	2.2984	2.29857
7.82	2.3885	2.29869	2.29888
7.84	2.38795	2.29894	2.29917
7.86	2.38739	2.29924	2.29944
7.88	2.38686	2.2995	2.29971
7.9	2.38631	2.29979	2.29996
7.92	2.38576	2.30006	2.30025
7.94	2.38519	2.30033	2.30055
7.96	2.38466	2.30061	2.30079
7.98	2.38415	2.30086	2.30105
8	2.38364	2.30113	2.30129
8.02	2.38313	2.30138	2.30156
8.04	2.38266	2.30162	2.30179
8.06	2.38216	2.30187	2.30203
8.08	2.38166	2.30214	2.30226
8.1	2.38118	2.30239	2.3025
8.12	2.38066	2.30264	2.30276
8.14	2.38015	2.3029	2.30302
8.16	2.37966	2.30314	2.30327
8.18	2.3792	2.30338	2.30349
8.2	2.37869	2.30363	2.30375
8.22	2.37822	2.30386	2.30399
8.24	2.37775	2.30409	2.30423
8.26	2.37728	2.30432	2.30447
8.28	2.37684	2.30455	2.30468
8.3	2.37637	2.3048	2.3049
8.32	2.37593	2.30501	2.30512
8.34	2.37547	2.30524	2.30535
8.36	2.37503	2.30548	2.30555
8.38	2.37461	2.30569	2.30577
8.4	2.37418	2.30592	2.30597
8.42	2.37373	2.30614	2.30619
8.44	2.37334	2.30634	2.30639
8.46	2.37291	2.30653	2.30662
8.48	2.37251	2.30673	2.30683
8.5	2.37206	2.30696	2.30705
8.52	2.37165	2.30716	2.30726
8.54	2.37124	2.30738	2.30745
8.56	2.37087	2.30758	2.30762
8.58	2.37048	2.30778	2.30781
8.6	2.3701	2.30795	2.30802
8.62	2.36973	2.30814	2.3082
8.64	2.36935	2.30832	2.3084
8.66	2.36897	2.30852	2.30857
8.68	2.36861	2.30872	2.30874
8.7	2.36825	2.30889	2.30893
8.72	2.36788	2.30906	2.30912
8.74	2.36748	2.30926	2.30932
8.76	2.3671	2.30943	2.30953
8.78	2.36674	2.30961	2.30972
8.8	2.3664	2.30978	2.30989
8.82	2.36606	2.30995	2.31005
8.84	2.36572	2.31012	2.31023
8.86	2.36539	2.31029	2.31039
8.88	2.36506	2.31047	2.31055
8.9	2.36471	2.31064	2.31072
8.92	2.36437	2.31079	2.31091
8.94	2.36404	2.31096	2.31106
8.96	2.36372	2.31113	2.31122
8.98	2.36338	2.31129	2.31139
9	2.36308	2.31145	2.31154
9.02	2.36275	2.3116	2.31171
9.04	2.36245	2.31175	2.31187
9.06	2.36213	2.3119	2.31204
9.08	2.36181	2.31206	2.31219
9.1	2.36149	2.31221	2.31237
9.12	2.36118	2.31236	2.31253
9.14	2.36088	2.31252	2.31266
9.16	2.36058	2.31267	2.31282
9.18	2.36027	2.31282	2.31298
9.2	2.35997	2.31297	2.31313
9.22	2.35966	2.31312	2.31328
9.24	2.35939	2.31327	2.31341
9.26	2.35909	2.31342	2.31356
9.28	2.35879	2.31358	2.3137
9.3	2.3585	2.31372	2.31385
9.32	2.35822	2.31386	2.31399
9.34	2.35795	2.31399	2.31413
9.36	2.35766	2.31413	2.31427
9.38	2.3574	2.31426	2.3144
9.4	2.35711	2.31441	2.31455
9.42	2.35683	2.31456	2.31468
9.44	2.35657	2.31469	2.31481
9.46	2.3563	2.31484	2.31493
9.48	2.35603	2.31496	2.31507
9.5	2.35579	2.31509	2.31519
9.52	2.35555	2.31522	2.3153
9.54	2.35529	2.31535	2.31543
9.56	2.35503	2.31548	2.31555
9.58	2.35477	2.31561	2.31568
9.6	2.35453	2.31573	2.31581
9.62	2.35428	2.31585	2.31594
9.64	2.35405	2.31596	2.31606
9.66	2.35381	2.31608	2.31618
9.68	2.35358	2.31621	2.31628
9.7	2.35333	2.31633	2.31641
9.72	2.3531	2.31644	2.31652
9.74	2.35287	2.31655	2.31664
9.76	2.35265	2.31667	2.31675
9.78	2.35241	2.3168	2.31686
9.8	2.35218	2.31692	2.31697
9.82	2.35197	2.31702	2.31707
9.84	2.35176	2.31714	2.31717
9.86	2.35153	2.31724	2.31729
9.88	2.35132	2.31734	2.31741
9.9	2.35111	2.31744	2.31751
9.92	2.35091	2.31754	2.31762
9.94	2.3507	2.31764	2.31773
9.96	2.35048	2.31774	2.31784
9.98	2.35028	2.31785	2.31794
10	2.35008	2.31795	2.31804
10.02	2.34989	2.31805	2.31812
10.04	2.34969	2.31816	2.31822
10.06	2.34949	2.31826	2.31831
10.08	2.3493	2.31837	2.31841
10.1	2.3491	2.31847	2.3185
10.12	2.34891	2.31856	2.3186
10.14	2.34872	2.31866	2.3187
10.16	2.34851	2.31876	2.3188
10.18	2.34831	2.31885	2.3189
10.2	2.34812	2.31894	2.319
10.22	2.34794	2.31903	2.3191
10.24	2.34776	2.31912	2.31919
10.26	2.34758	2.31921	2.31928
10.28	2.34739	2.31931	2.31937
10.3	2.34721	2.3194	2.31946
10.32	2.34704	2.31948	2.31955
10.34	2.34687	2.31957	2.31963
10.36	2.3467	2.31965	2.31972
10.38	2.34652	2.31974	2.31981
10.4	2.34636	2.31983	2.31989
10.42	2.34619	2.31992	2.31996
10.44	2.34603	2.31999	2.32005
10.46	2.34588	2.32006	2.32013
10.48	2.34572	2.32014	2.32021
10.5	2.34557	2.32021	2.32029
10.52	2.34542	2.32029	2.32037
10.54	2.34526	2.32037	2.32045
10.56	2.34509	2.32044	2.32053
10.58	2.34492	2.32053	2.32062
10.6	2.34477	2.3206	2.32069
10.62	2.34462	2.32068	2.32077
10.64	2.34448	2.32075	2.32084
10.66	2.34433	2.32082	2.32091
10.68	2.34418	2.3209	2.32099
10.7	2.34402	2.32097	2.32107
10.72	2.34388	2.32105	2.32114
10.74	2.34374	2.32112	2.32121
10.76	2.3436	2.32119	2.32127
10.78	2.34346	2.32126	2.32135
10.8	2.34332	2.32133	2.32141
10.82	2.34318	2.32141	2.32148
10.84	2.34305	2.32148	2.32154
10.86	2.3429	2.32155	2.32162
10.88	2.34276	2.32162	2.32168
10.9	2.34263	2.32169	2.32175
10.92	2.34249	2.32176	2.32183
10.94	2.34235	2.32182	2.3219
10.96	2.34223	2.32188	2.32195
10.98	2.3421	2.32195	2.32202
11	2.34198	2.32201	2.32208
11.02	2.34185	2.32208	2.32214
11.04	2.34172	2.32214	2.3222
11.06	2.3416	2.3222	2.32227
11.08	2.34147	2.32227	2.32233
11.1	2.34135	2.32233	2.32238
11.12	2.34123	2.3224	2.32244
11.14	2.34112	2.32245	2.3225
11.16	2.34099	2.32251	2.32256
11.18	2.34088	2.32258	2.32261
11.2	2.34077	2.32264	2.32266
11.22	2.34066	2.32269	2.32271
11.24	2.34054	2.32275	2.32278
11.26	2.34043	2.32281	2.32283
11.28	2.34032	2.32286	2.32289
11.3	2.34021	2.32292	2.32295
11.32	2.34009	2.32297	2.323
11.34	2.33998	2.32303	2.32306
11.36	2.33988	2.32308	2.32311
11.38	2.33977	2.32313	2.32317
11.4	2.33967	2.32318	2.32322
11.42	2.33957	2.32323	2.32327
11.44	2.33947	2.32328	2.32332
11.46	2.33936	2.32333	2.32338
11.48	2.33926	2.32337	2.32343
11.5	2.33916	2.32343	2.32348
11.52	2.33906	2.32348	2.32353
11.54	2.33896	2.32353	2.32358
11.56	2.33887	2.32358	2.32362
11.58	2.33878	2.32363	2.32366
11.6	2.33868	2.32367	2.32371
11.62	2.33859	2.32372	2.32376
11.64	2.3385	2.32377	2.3238
11.66	2.33841	2.32382	2.32385
11.68	2.33831	2.32386	2.3239
11.7	2.33822	2.32391	2.32395
11.72	2.33813	2.32395	2.32399
11.74	2.33804	2.32399	2.32403
11.76	2.33795	2.32404	2.32408
11.78	2.33786	2.32408	2.32413
11.8	2.33777	2.32413	2.32417
11.82	2.33767	2.32418	2.32422
11.84	2.33759	2.32422	2.32426
11.86	2.33751	2.32426	2.3243
11.88	2.33743	2.3243	2.32434
11.9	2.33735	2.32435	2.32438
11.92	2.33726	2.32439	2.32442
11.94	2.33718	2.32443	2.32446
11.96	2.3371	2.32447	2.3245
11.98	2.33703	2.32451	2.32453
12	2.33695	2.32455	2.32457
12.02	2.33687	2.32458	2.32461
12.04	2.33679	2.32463	2.32465
12.06	2.33672	2.32466	2.32468
12.08	2.33665	2.3247	2.32472
12.1	2.33657	2.32475	2.32475
12.12	2.33649	2.32479	2.32479
12.14	2.33642	2.32483	2.32482
12.16	2.33634	2.32486	2.32487
12.18	2.33626	2.3249	2.32491
12.2	2.3362	2.32493	2.32494
12.22	2.33612	2.32497	2.32497
12.24	2.33605	2.32501	2.32501
12.26	2.33598	2.32504	2.32504
12.28	2.33592	2.32508	2.32507
12.3	2.33585	2.32511	2.32511
12.32	2.33578	2.32515	2.32514
12.34	2.33571	2.32518	2.32517
12.36	2.33565	2.32521	2.32521
12.38	2.33558	2.32525	2.32524
12.4	2.33551	2.32528	2.32527
12.42	2.33545	2.32531	2.32531
12.44	2.33539	2.32534	2.32534
12.46	2.33532	2.32538	2.32537
12.48	2.33526	2.32541	2.3254
12.5	2.3352	2.32544	2.32543
12.52	2.33514	2.32547	2.32546
12.54	2.33508	2.3255	2.32549
12.56	2.33502	2.32553	2.32552
12.58	2.33496	2.32556	2.32554
12.6	2.3349	2.32559	2.32557
12.62	2.33484	2.32562	2.3256
12.64	2.33478	2.32565	2.32563
12.66	2.33473	2.32568	2.32566
12.68	2.33467	2.32571	2.32569
12.7	2.33462	2.32573	2.32572
12.72	2.33456	2.32576	2.32575
12.74	2.33451	2.32578	2.32577
12.76	2.33445	2.32581	2.3258
12.78	2.3344	2.32584	2.32583
12.8	2.33434	2.32587	2.32586
12.82	2.33429	2.3259	2.32588
12.84	2.33424	2.32592	2.32591
12.86	2.33419	2.32595	2.32593
12.88	2.33413	2.32597	2.32596
12.9	2.33408	2.326	2.32598
12.92	2.33403	2.32602	2.32601
12.94	2.33398	2.32605	2.32604
12.96	2.33393	2.32607	2.32606
12.98	2.33388	2.3261	2.32609
13	2.33383	2.32612	2.32611
13.02	2.33378	2.32614	2.32614
13.04	2.33374	2.32617	2.32616
13.06	2.33369	2.32619	2.32619
13.08	2.33364	2.32621	2.32622
13.1	2.33359	2.32623	2.32624
13.12	2.33355	2.32626	2.32626
13.14	2.3335	2.32628	2.32628
13.16	2.33345	2.3263	2.32631
13.18	2.33341	2.32633	2.32633
13.2	2.33337	2.32635	2.32635
13.22	2.33332	2.32637	2.32637
13.24	2.33328	2.32639	2.32639
13.26	2.33324	2.32642	2.32641
13.28	2.33319	2.32644	2.32643
13.3	2.33315	2.32647	2.32645
13.32	2.33311	2.32648	2.32648
13.34	2.33307	2.3265	2.3265
13.36	2.33303	2.32652	2.32652
13.38	2.33298	2.32655	2.32654
13.4	2.33294	2.32657	2.32656
13.42	2.33291	2.32659	2.32658
13.44	2.33286	2.32661	2.3266
13.46	2.33282	2.32663	2.32662
13.48	2.33279	2.32664	2.32664
13.5	2.33275	2.32667	2.32666
13.52	2.33271	2.32668	2.32667
13.54	2.33267	2.3267	2.32669
13.56	2.33264	2.32672	2.32671
13.58	2.3326	2.32674	2.32673
13.6	2.33257	2.32675	2.32675
13.62	2.33253	2.32678	2.32676
13.64	2.33249	2.32679	2.32679
13.66	2.33245	2.32681	2.3268
13.68	2.33242	2.32683	2.32682
13.7	2.33238	2.32685	2.32684
13.72	2.33234	2.32687	2.32686
13.74	2.33231	2.32689	2.32687
13.76	2.33227	2.3269	2.32689
13.78	2.33224	2.32692	2.32691
13.8	2.3322	2.32693	2.32693
13.82	2.33217	2.32695	2.32694
13.84	2.33214	2.32697	2.32696
13.86	2.33211	2.32698	2.32698
13.88	2.33208	2.327	2.32699
13.9	2.33204	2.32702	2.32701
13.92	2.33201	2.32703	2.32702
13.94	2.33198	2.32705	2.32704
13.96	2.33195	2.32706	2.32705
13.98	2.33192	2.32707	2.32707
14	2.33189	2.32709	2.32709
14.02	2.33186	2.3271	2.3271
14.04	2.33183	2.32712	2.32712
14.06	2.3318	2.32713	2.32713
14.08	2.33177	2.32715	2.32715
14.1	2.33174	2.32716	2.32717
14.12	2.33171	2.32717	2.32718
14.14	2.33168	2.32719	2.3272
14.16	2.33166	2.3272	2.32721
14.18	2.33163	2.32722	2.32722
14.2	2.3316	2.32723	2.32723
14.22	2.33158	2.32724	2.32725
14.24	2.33155	2.32726	2.32726
14.26	2.33152	2.32727	2.32727
14.28	2.33149	2.32728	2.32729
14.3	2.33147	2.3273	2.3273
14.32	2.33144	2.32731	2.32732
14.34	2.33141	2.32732	2.32733
14.36	2.33139	2.32733	2.32734
14.38	2.33136	2.32735	2.32736
14.4	2.33134	2.32736	2.32737
14.42	2.33131	2.32737	2.32739
14.44	2.33129	2.32738	2.3274
14.46	2.33126	2.3274	2.32741
14.48	2.33123	2.32741	2.32742
14.5	2.33121	2.32742	2.32743
14.52	2.33119	2.32744	2.32744
14.54	2.33117	2.32745	2.32745
14.56	2.33114	2.32746	2.32747
14.58	2.33112	2.32747	2.32748
14.6	2.3311	2.32748	2.32749
14.62	2.33108	2.32749	2.3275
14.64	2.33106	2.3275	2.32751
14.66	2.33103	2.32751	2.32752
14.68	2.33101	2.32752	2.32753
14.7	2.33099	2.32753	2.32754
14.72	2.33097	2.32755	2.32755
14.74	2.33095	2.32756	2.32756
14.76	2.33093	2.32757	2.32757
14.78	2.3309	2.32758	2.32758
14.8	2.33088	2.32759	2.32759
14.82	2.33086	2.3276	2.3276
14.84	2.33084	2.32761	2.32761
14.86	2.33082	2.32762	2.32762
14.88	2.33081	2.32763	2.32763
14.9	2.33079	2.32764	2.32764
14.92	2.33077	2.32765	2.32765
14.94	2.33075	2.32766	2.32766
14.96	2.33073	2.32767	2.32767
14.98	2.33071	2.32768	2.32768
15	2.33069	2.32769	2.32769
15.02	2.33067	2.3277	2.3277
15.04	2.33065	2.32771	2.32771
15.06	2.33063	2.32772	2.32772
15.08	2.33061	2.32773	2.32773
15.1	2.3306	2.32774	2.32773
15.12	2.33058	2.32774	2.32775
15.14	2.33056	2.32775	2.32775
15.16	2.33054	2.32776	2.32776
15.18	2.33053	2.32777	2.32777
15.2	2.33051	2.32778	2.32778
15.22	2.33049	2.32779	2.32779
15.24	2.33048	2.3278	2.32779
15.26	2.33046	2.3278	2.3278
15.28	2.33044	2.32781	2.32781
15.3	2.33043	2.32782	2.32782
15.32	2.33041	2.32783	2.32783
15.34	2.33039	2.32784	2.32783
15.36	2.33038	2.32785	2.32784
15.38	2.33036	2.32786	2.32785
15.4	2.33035	2.32787	2.32786
15.42	2.33033	2.32787	2.32786
15.44	2.33031	2.32788	2.32787
15.46	2.3303	2.32789	2.32788
15.48	2.33029	2.3279	2.32788
15.5	2.33027	2.3279	2.32789
15.52	2.33026	2.32791	2.3279
15.54	2.33024	2.32792	2.32791
15.56	2.33023	2.32792	2.32791
15.58	2.33022	2.32793	2.32792
15.6	2.3302	2.32794	2.32793
15.62	2.33019	2.32795	2.32794
15.64	2.33017	2.32795	2.32794
15.66	2.33016	2.32796	2.32795
15.68	2.33015	2.32797	2.32796
15.7	2.33013	2.32797	2.32796
15.72	2.33012	2.32798	2.32797
15.74	2.33011	2.32799	2.32797
15.76	2.33009	2.32799	2.32798
15.78	2.33008	2.328	2.32799
15.8	2.33007	2.32801	2.32799
15.82	2.33005	2.32801	2.328
15.84	2.33004	2.32802	2.32801
15.86	2.33003	2.32803	2.32801
15.88	2.33002	2.32803	2.32802
15.9	2.33001	2.32804	2.32802
15.92	2.32999	2.32805	2.32803
15.94	2.32998	2.32805	2.32804
15.96	2.32997	2.32806	2.32804
15.98	2.32996	2.32806	2.32805
16	2.32995	2.32807	2.32805
16.02	2.32993	2.32807	2.32806
16.04	2.32992	2.32808	2.32807
16.06	2.32991	2.32808	2.32807
16.08	2.3299	2.32809	2.32808
16.1	2.32989	2.3281	2.32808
16.12	2.32988	2.3281	2.32809
16.14	2.32987	2.32811	2.32809
16.16	2.32986	2.32811	2.3281
16.18	2.32984	2.32812	2.3281
16.2	2.32983	2.32813	2.32811
16.22	2.32982	2.32813	2.32812
16.24	2.32981	2.32814	2.32812
16.26	2.3298	2.32814	2.32813
16.28	2.32979	2.32815	2.32813
16.3	2.32978	2.32815	2.32814
16.32	2.32977	2.32816	2.32814
16.34	2.32976	2.32816	2.32815
16.36	2.32975	2.32817	2.32815
16.38	2.32974	2.32817	2.32816
16.4	2.32973	2.32818	2.32816
16.42	2.32972	2.32818	2.32817
16.44	2.32971	2.32819	2.32818
16.46	2.3297	2.32819	2.32818
16.48	2.32969	2.3282	2.32819
16.5	2.32968	2.3282	2.32819
16.52	2.32967	2.3282	2.32819
16.54	2.32966	2.32821	2.3282
16.56	2.32965	2.32821	2.3282
16.58	2.32964	2.32822	2.32821
16.6	2.32963	2.32822	2.32821
16.62	2.32962	2.32823	2.32822
16.64	2.32961	2.32823	2.32822
16.66	2.3296	2.32824	2.32823
16.68	2.3296	2.32824	2.32823
16.7	2.32959	2.32824	2.32824
16.72	2.32958	2.32825	2.32824
16.74	2.32957	2.32825	2.32824
16.76	2.32956	2.32826	2.32825
16.78	2.32955	2.32826	2.32825
16.8	2.32955	2.32827	2.32826
16.82	2.32954	2.32827	2.32826
16.84	2.32953	2.32827	2.32826
16.86	2.32952	2.32828	2.32827
16.88	2.32951	2.32828	2.32827
16.9	2.32951	2.32829	2.32828
16.92	2.3295	2.32829	2.32828
16.94	2.32949	2.32829	2.32828
16.96	2.32948	2.3283	2.32829
16.98	2.32948	2.3283	2.32829
17	2.32947	2.3283	2.32829
17.02	2.32946	2.32831	2.3283
17.04	2.32945	2.32831	2.3283
17.06	2.32945	2.32832	2.32831
17.08	2.32944	2.32832	2.32831
17.1	2.32943	2.32832	2.32831
17.12	2.32942	2.32833	2.32832
17.14	2.32942	2.32833	2.32832
17.16	2.32941	2.32833	2.32833
17.18	2.3294	2.32834	2.32833
17.2	2.3294	2.32834	2.32833
17.22	2.32939	2.32834	2.32834
17.24	2.32938	2.32835	2.32834
17.26	2.32937	2.32835	2.32834
17.28	2.32937	2.32835	2.32835
17.3	2.32936	2.32836	2.32835
17.32	2.32936	2.32836	2.32835
17.34	2.32935	2.32836	2.32836
17.36	2.32934	2.32837	2.32836
17.38	2.32934	2.32837	2.32836
17.4	2.32933	2.32837	2.32836
17.42	2.32933	2.32837	2.32837
17.44	2.32932	2.32838	2.32837
17.46	2.32931	2.32838	2.32837
17.48	2.32931	2.32838	2.32838
17.5	2.3293	2.32839	2.32838
17.52	2.3293	2.32839	2.32838
17.54	2.32929	2.32839	2.32838
17.56	2.32928	2.3284	2.32839
17.58	2.32928	2.3284	2.32839
17.6	2.32927	2.3284	2.32839
17.62	2.32927	2.3284	2.3284
17.64	2.32926	2.32841	2.3284
17.66	2.32926	2.32841	2.3284
17.68	2.32925	2.32841	2.3284
17.7	2.32925	2.32841	2.32841
17.72	2.32924	2.32842	2.32841
17.74	2.32924	2.32842	2.32841
17.76	2.32923	2.32842	2.32841
17.78	2.32923	2.32842	2.32842
17.8	2.32922	2.32843	2.32842
17.82	2.32922	2.32843	2.32842
17.84	2.32921	2.32843	2.32842
17.86	2.32921	2.32843	2.32843
17.88	2.32921	2.32844	2.32843
17.9	2.3292	2.32844	2.32843
17.92	2.3292	2.32844	2.32843
17.94	2.32919	2.32844	2.32843
17.96	2.32919	2.32844	2.32844
17.98	2.32918	2.32845	2.32844
18	2.32918	2.32845	2.32844
18.02	2.32917	2.32845	2.32844
18.04	2.32917	2.32845	2.32845
18.06	2.32916	2.32846	2.32845
18.08	2.32916	2.32846	2.32845
18.1	2.32916	2.32846	2.32845
18.12	2.32915	2.32846	2.32845
18.14	2.32915	2.32846	2.32846
18.16	2.32914	2.32847	2.32846
18.18	2.32914	2.32847	2.32846
18.2	2.32913	2.32847	2.32846
18.22	2.32913	2.32847	2.32847
18.24	2.32913	2.32848	2.32847
18.26	2.32912	2.32848	2.32847
18.28	2.32912	2.32848	2.32847
18.3	2.32911	2.32848	2.32847
18.32	2.32911	2.32848	2.32848
18.34	2.32911	2.32849	2.32848
18.36	2.3291	2.32849	2.32848
18.38	2.3291	2.32849	2.32848
18.4	2.32909	2.32849	2.32848
18.42	2.32909	2.32849	2.32848
18.44	2.32909	2.32849	2.32849
18.46	2.32908	2.3285	2.32849
18.48	2.32908	2.3285	2.32849
18.5	2.32908	2.3285	2.32849
18.52	2.32907	2.3285	2.3285
18.54	2.32907	2.3285	2.3285
18.56	2.32907	2.3285	2.3285
18.58	2.32906	2.32851	2.3285
18.6	2.32906	2.32851	2.3285
18.62	2.32905	2.32851	2.3285
18.64	2.32905	2.32851	2.32851
18.66	2.32905	2.32851	2.32851
18.68	2.32904	2.32851	2.32851
18.7	2.32904	2.32852	2.32851
18.72	2.32904	2.32852	2.32851
18.74	2.32904	2.32852	2.32851
18.76	2.32903	2.32852	2.32852
18.78	2.32903	2.32852	2.32852
18.8	2.32903	2.32852	2.32852
18.82	2.32902	2.32852	2.32852
18.84	2.32902	2.32853	2.32852
18.86	2.32902	2.32853	2.32852
18.88	2.32901	2.32853	2.32853
18.9	2.32901	2.32853	2.32853
18.92	2.32901	2.32853	2.32853
18.94	2.329	2.32853	2.32853
18.96	2.329	2.32854	2.32853
18.98	2.329	2.32854	2.32853
19	2.329	2.32854	2.32853
19.02	2.32899	2.32854	2.32854
19.04	2.32899	2.32854	2.32854
19.06	2.32899	2.32854	2.32854
19.08	2.32898	2.32854	2.32854
19.1	2.32898	2.32854	2.32854
19.12	2.32898	2.32855	2.32854
19.14	2.32898	2.32855	2.32854
19.16	2.32897	2.32855	2.32855
19.18	2.32897	2.32855	2.32855
19.2	2.32897	2.32855	2.32855
19.22	2.32896	2.32855	2.32855
19.24	2.32896	2.32855	2.32855
19.26	2.32896	2.32856	2.32855
19.28	2.32896	2.32856	2.32855
19.3	2.32895	2.32856	2.32856
19.32	2.32895	2.32856	2.32856
19.34	2.32895	2.32856	2.32856
19.36	2.32895	2.32856	2.32856
19.38	2.32895	2.32856	2.32856
19.4	2.32894	2.32856	2.32856
19.42	2.32894	2.32857	2.32856
19.44	2.32894	2.32857	2.32856
19.46	2.32894	2.32857	2.32856
19.48	2.32893	2.32857	2.32857
19.5	2.32893	2.32857	2.32857
19.52	2.32893	2.32857	2.32857
19.54	2.32893	2.32857	2.32857
19.56	2.32892	2.32857	2.32857
19.58	2.32892	2.32857	2.32857
19.6	2.32892	2.32857	2.32857
19.62	2.32892	2.32858	2.32857
19.64	2.32892	2.32858	2.32858
19.66	2.32891	2.32858	2.32858
19.68	2.32891	2.32858	2.32858
19.7	2.32891	2.32858	2.32858
19.72	2.32891	2.32858	2.32858
19.74	2.32891	2.32858	2.32858
19.76	2.3289	2.32858	2.32858
19.78	2.3289	2.32858	2.32858
19.8	2.3289	2.32858	2.32858
19.82	2.3289	2.32859	2.32858
19.84	2.3289	2.32859	2.32859
19.86	2.32889	2.32859	2.32859
19.88	2.32889	2.32859	2.32859
19.9	2.32889	2.32859	2.32859
19.92	2.32889	2.32859	2.32859
19.94	2.32889	2.32859	2.32859
19.96	2.32889	2.32859	2.32859
19.98	2.32888	2.32859	2.32859
20	2.32888	2.32859	2.32859
