# f(v_x, v_y, v_z), v_z = const
# nv_x = 30, nv_y = 30, nv_z = 30
# n = 0.993966 , T = 2.29393 , E = 6.84027 , vec_p = {2.57934e-015 -5.73124e-017 7.45759e-018}
-4.64 0.000228467
-4.32 0.000406801
-4 0.000722587
-3.68 0.00123003
-3.36 0.00198272
-3.04 0.00305386
-2.72 0.00450254
-2.4 0.00631574
-2.08 0.00813961
-1.76 0.0102417
-1.44 0.0117904
-1.12 0.0133089
-0.8 0.0141217
-0.48 0.0148201
-0.16 0.0150592
0.16 0.0149871
0.48 0.0147574
0.8 0.0142288
1.12 0.013279
1.44 0.0119833
1.76 0.0100387
2.08 0.0082259
2.4 0.00608132
2.72 0.00450262
3.04 0.00315457
3.36 0.0019668
3.68 0.00122366
4 0.000732982
4.32 0.00040714
4.64 0.000236519
