# f(v_x, v_y, v_z), v_z = const
# nv_x = 30, nv_y = 30, nv_z = 30
# n = 0.993966 , T = 2.29393 , E = 6.84027 , vec_p = {-1.14727e-015 1.78397e-016 3.88733e-017}
-4.64 0.000212335
-4.32 0.000379194
-4 0.000653435
-3.68 0.00108146
-3.36 0.00170957
-3.04 0.00260059
-2.72 0.00378243
-2.4 0.00527386
-2.08 0.0070204
-1.76 0.00900428
-1.44 0.010958
-1.12 0.0128509
-0.8 0.0143938
-0.48 0.0155328
-0.16 0.0161158
0.16 0.0161147
0.48 0.0155132
0.8 0.0143997
1.12 0.0128306
1.44 0.0109907
1.76 0.008982
2.08 0.00705565
2.4 0.00525255
2.72 0.00378442
3.04 0.00260789
3.36 0.00170945
3.68 0.00107746
4 0.000654045
4.32 0.000378582
4.64 0.000212379
