# f(v_x, v_y, v_z), v_z = const
# nv_x = 30, nv_y = 30, nv_z = 30
# n = 0.993966 , T = 2.29393 , E = 6.84027 , vec_p = {1.81625e-015 2.28385e-016 2.58509e-017}
-4.64 0.000373687
-4.32 0.000646552
-4 0.00122311
-3.68 0.00237288
-3.36 0.00375725
-3.04 0.00610812
-2.72 0.00878375
-2.4 0.0109235
-2.08 0.0134724
-1.76 0.0155633
-1.44 0.0158936
-1.12 0.0153973
-0.8 0.013827
-0.48 0.012753
-0.16 0.0122945
0.16 0.011743
0.48 0.0127548
0.8 0.0143487
1.12 0.0152223
1.44 0.015891
1.76 0.014889
2.08 0.0139394
2.4 0.0113842
2.72 0.00877614
3.04 0.00621743
3.36 0.00365499
3.68 0.00223606
4 0.00131285
4.32 0.00063668
4.64 0.000365725
