# f(v_x, v_y, v_z), v_z = const
# nv_x = 30, nv_y = 30, nv_z = 30
# n = 0.993966 , T = 2.29393 , E = 6.84027 , vec_p = {2.81229e-016 8.55955e-017 2.85625e-017}
-4.64 0.000212456
-4.32 0.000379424
-4 0.000654127
-3.68 0.00108325
-3.36 0.00171138
-3.04 0.0026057
-2.72 0.00378938
-2.4 0.00528102
-2.08 0.00703459
-1.76 0.00902083
-1.44 0.0109661
-1.12 0.0128539
-0.8 0.0143864
-0.48 0.0155225
-0.16 0.0160993
0.16 0.0160959
0.48 0.0155031
0.8 0.0143968
1.12 0.0128331
1.44 0.0109979
1.76 0.00899096
2.08 0.00706884
2.4 0.0052608
2.72 0.00379144
3.04 0.00261302
3.36 0.00171173
3.68 0.0010784
4 0.000655072
4.32 0.00037877
4.64 0.00021262
