# f(v_x, v_y, v_z), v_z = const
# nv_x = 30, nv_y = 30, nv_z = 30
# n = 0.993966 , T = 2.29393 , E = 6.84027 , vec_p = {4.97256e-016 -1.36752e-016 3.5882e-017}
-4.64 0.000213754
-4.32 0.000382079
-4 0.000659605
-3.68 0.00109728
-3.36 0.00173561
-3.04 0.00265314
-2.72 0.00386449
-2.4 0.00538454
-2.08 0.00714761
-1.76 0.00916042
-1.44 0.0110573
-1.12 0.0129002
-0.8 0.0143461
-0.48 0.015407
-0.16 0.0159625
0.16 0.0159427
0.48 0.0153967
0.8 0.0143648
1.12 0.0128747
1.44 0.0111102
1.76 0.00910471
2.08 0.00718297
2.4 0.00534162
2.72 0.00386023
3.04 0.00266742
3.36 0.00173336
3.68 0.00109009
4 0.000660921
4.32 0.000380189
4.64 0.000214962
