# f(v_x, v_y, v_z), v_z = const
# nv_x = 30, nv_y = 30, nv_z = 30
# n = 0.993966 , T = 2.29393 , E = 6.84027 , vec_p = {-4.23356e-015 7.56e-017 2.02927e-017}
-4.64 0.000220151
-4.32 0.000391871
-4 0.000686766
-3.68 0.0011587
-3.36 0.00185635
-3.04 0.00284263
-2.72 0.00418396
-2.4 0.00579986
-2.08 0.00758208
-1.76 0.00971082
-1.44 0.0114008
-1.12 0.0130822
-0.8 0.0142463
-0.48 0.0150867
-0.16 0.0154862
0.16 0.0154294
0.48 0.0150684
0.8 0.0142816
1.12 0.0130314
1.44 0.011514
1.76 0.00955313
2.08 0.00767642
2.4 0.00569331
2.72 0.00414998
3.04 0.00287901
3.36 0.00184884
3.68 0.00114972
4 0.000692735
4.32 0.000392491
4.64 0.000224939
