# f(v_x, v_y, v_z), v_z = const
# nv_x = 30, nv_y = 30, nv_z = 30
# n = 0.993966 , T = 2.29393 , E = 6.84027 , vec_p = {5.09412e-015 -5.6219e-017 2.80882e-017}
-4.64 0.000394086
-4.32 0.000701054
-4 0.00134635
-3.68 0.00263826
-3.36 0.00418022
-3.04 0.00665308
-2.72 0.00956764
-2.4 0.0118908
-2.08 0.0146019
-1.76 0.0166741
-1.44 0.0165806
-1.12 0.0156072
-0.8 0.0137673
-0.48 0.0124308
-0.16 0.0118944
0.16 0.0113802
0.48 0.0124215
0.8 0.0143672
1.12 0.0155183
1.44 0.0165473
1.76 0.0157757
2.08 0.0151622
2.4 0.0123329
2.72 0.00969901
3.04 0.00702603
3.36 0.00409429
3.68 0.00242449
4 0.00146894
4.32 0.000707671
4.64 0.00040029
