# f(v_x, v_y, v_z), v_z = const
# nv_x = 30, nv_y = 30, nv_z = 30
# n = 0.993966 , T = 2.29393 , E = 6.84027 , vec_p = {1.8345e-015 -1.68314e-016 4.48082e-017}
-4.64 0.000211221
-4.32 0.000377341
-4 0.000647662
-3.68 0.00106853
-3.36 0.0016868
-3.04 0.00255908
-2.72 0.00371838
-2.4 0.00518132
-2.08 0.00692053
-1.76 0.00887445
-1.44 0.0108788
-1.12 0.0128113
-0.8 0.0144413
-0.48 0.0156542
-0.16 0.0162836
0.16 0.0162862
0.48 0.0156427
0.8 0.0144499
1.12 0.0128003
1.44 0.0108913
1.76 0.00886376
2.08 0.0069327
2.4 0.0051776
2.72 0.00371871
3.04 0.0025604
3.36 0.00168801
3.68 0.00106726
4 0.000648407
4.32 0.000377312
4.64 0.0002111
