# f(v_x, v_y, v_z), v_z = const
# nv_x = 30, nv_y = 30, nv_z = 30
# n = 0.993966 , T = 2.29393 , E = 6.84027 , vec_p = {-1.69827e-015 3.7522e-017 1.93712e-017}
-4.64 0.000591225
-4.32 0.00119541
-4 0.00222097
-3.68 0.0045978
-3.36 0.00726307
-3.04 0.0109783
-2.72 0.0154805
-2.4 0.0182584
-2.08 0.0219831
-1.76 0.0215748
-1.44 0.0199931
-1.12 0.0178915
-0.8 0.0140729
-0.48 0.0113885
-0.16 0.00983845
0.16 0.00957091
0.48 0.0111165
0.8 0.0146782
1.12 0.0183187
1.44 0.0209111
1.76 0.0215731
2.08 0.0223331
2.4 0.0192574
2.72 0.016098
3.04 0.0116215
3.36 0.00692633
3.68 0.00455829
4 0.00256229
4.32 0.00116954
4.64 0.000591429
