# f(v_x, v_y, v_z), v_z = const
# nv_x = 30, nv_y = 30, nv_z = 30
# n = 0.993966 , T = 2.29393 , E = 6.84027 , vec_p = {1.54827e-017 -9.30527e-017 2.24194e-017}
-4.64 0.000215123
-4.32 0.000384351
-4 0.000665098
-3.68 0.0011118
-3.36 0.00176807
-3.04 0.00270726
-2.72 0.00394519
-2.4 0.005491
-2.08 0.00727556
-1.76 0.00931714
-1.44 0.011142
-1.12 0.0129432
-0.8 0.014317
-0.48 0.0153123
-0.16 0.0158058
0.16 0.0157926
0.48 0.0153002
0.8 0.0143387
1.12 0.0129371
1.44 0.0112466
1.76 0.00923433
2.08 0.00731861
2.4 0.0054276
2.72 0.00394679
3.04 0.00271915
3.36 0.00176411
3.68 0.00110663
4 0.000667794
4.32 0.00038286
4.64 0.000217646
