# f(v_x, v_y, v_z), v_z = const
# nv_x = 30, nv_y = 30, nv_z = 30
# n = 0.993966 , T = 2.29393 , E = 6.84027 , vec_p = {1.31759e-016 2.15924e-016 2.33666e-017}
-4.64 0.000246301
-4.32 0.00043536
-4 0.000791506
-3.68 0.00138699
-3.36 0.00223251
-3.04 0.00346649
-2.72 0.00515362
-2.4 0.00716594
-2.08 0.00896906
-1.76 0.0112923
-1.44 0.0123964
-1.12 0.0136655
-0.8 0.0139356
-0.48 0.0143655
-0.16 0.0144868
0.16 0.014304
0.48 0.0143025
0.8 0.0141436
1.12 0.013565
1.44 0.0127431
1.76 0.0108886
2.08 0.00914379
2.4 0.00682198
2.72 0.00515512
3.04 0.00367018
3.36 0.0022235
3.68 0.00137651
4 0.00081238
4.32 0.000438684
4.64 0.000254994
