# f(v_x, v_y, v_z), v_z = const
# nv_x = 30, nv_y = 30, nv_z = 30
# n = 0.993966 , T = 2.29393 , E = 6.84027 , vec_p = {-1.19196e-015 6.97842e-017 6.86078e-017}
-4.64 0.000211518
-4.32 0.000377802
-4 0.000648722
-3.68 0.00107171
-3.36 0.0016923
-3.04 0.0025703
-2.72 0.00373478
-2.4 0.00520826
-2.08 0.00694927
-1.76 0.00890813
-1.44 0.0109018
-1.12 0.0128229
-0.8 0.0144271
-0.48 0.0156164
-0.16 0.0162336
0.16 0.0162368
0.48 0.0156041
0.8 0.0144367
1.12 0.0128113
1.44 0.0109161
1.76 0.00889661
2.08 0.0069669
2.4 0.00519809
2.72 0.00373639
3.04 0.00257216
3.36 0.00169282
3.68 0.00107008
4 0.000649828
4.32 0.000377563
4.64 0.000211317
