# f(v_x, v_y, v_z), v_z = const
# nv_x = 30, nv_y = 30, nv_z = 30
# n = 0.993966 , T = 2.29393 , E = 6.84027 , vec_p = {-1.83959e-015 5.67377e-017 2.19926e-017}
-4.64 0.00021254
-4.32 0.000379806
-4 0.000654617
-3.68 0.00108468
-3.36 0.00171406
-3.04 0.00261095
-2.72 0.00379744
-2.4 0.00529036
-2.08 0.00704698
-1.76 0.0090411
-1.44 0.0109787
-1.12 0.0128592
-0.8 0.0143826
-0.48 0.0155099
-0.16 0.0160813
0.16 0.016076
0.48 0.0154906
0.8 0.0143922
1.12 0.0128367
1.44 0.0110128
1.76 0.00900738
2.08 0.0070786
2.4 0.00526714
2.72 0.00379808
3.04 0.00261895
3.36 0.00171318
3.68 0.00108005
4 0.000655583
4.32 0.000378968
4.64 0.000212886
