# f(v_x, v_y, v_z), v_z = const
# nv_x = 30, nv_y = 30, nv_z = 30
# n = 0.993966 , T = 2.29393 , E = 6.84027 , vec_p = {-2.84014e-015 1.50684e-016 1.74984e-017}
-4.64 0.000215673
-4.32 0.000385304
-4 0.000667278
-3.68 0.00111726
-3.36 0.00177863
-3.04 0.00271817
-2.72 0.00397341
-2.4 0.00553247
-2.08 0.0073179
-1.76 0.00936568
-1.44 0.0111779
-1.12 0.0129638
-0.8 0.0143055
-0.48 0.0152817
-0.16 0.0157669
0.16 0.0157465
0.48 0.015273
0.8 0.0143263
1.12 0.0129456
1.44 0.0112758
1.76 0.00927687
2.08 0.00736412
2.4 0.0054656
2.72 0.00396887
3.04 0.00273903
3.36 0.00177465
3.68 0.00111204
4 0.000671163
4.32 0.000384421
4.64 0.000218432
