# f(v_x, v_y, v_z), v_z = const
# nv_x = 30, nv_y = 30, nv_z = 30
# n = 0.993966 , T = 2.29393 , E = 6.84027 , vec_p = {3.26033e-016 -1.1517e-017 1.49027e-017}
-4.64 0.000215497
-4.32 0.000385183
-4 0.000666547
-3.68 0.00111656
-3.36 0.00177753
-3.04 0.00271682
-2.72 0.00396462
-2.4 0.00552173
-2.08 0.00730518
-1.76 0.00935355
-1.44 0.0111641
-1.12 0.0129508
-0.8 0.0143096
-0.48 0.0152881
-0.16 0.0157779
0.16 0.0157556
0.48 0.0152789
0.8 0.0143281
1.12 0.0129438
1.44 0.0112686
1.76 0.00926696
2.08 0.0073505
2.4 0.00545418
2.72 0.00396329
3.04 0.00273343
3.36 0.00177294
3.68 0.00111052
4 0.000670262
4.32 0.000384015
4.64 0.000218347
