# f(v_x, v_y, v_z), v_z = const
# nv_x = 30, nv_y = 30, nv_z = 30
# n = 0.993966 , T = 2.29393 , E = 6.84027 , vec_p = {1.1138e-015 -9.92317e-017 4.48055e-017}
-4.64 0.000242151
-4.32 0.000429304
-4 0.000782712
-3.68 0.00135711
-3.36 0.00218693
-3.04 0.00337744
-2.72 0.00499121
-2.4 0.00697282
-2.08 0.00880183
-1.76 0.0110615
-1.44 0.0122354
-1.12 0.0135809
-0.8 0.0139395
-0.48 0.0144565
-0.16 0.0145869
0.16 0.0144293
0.48 0.0143813
0.8 0.0141612
1.12 0.0135007
1.44 0.0125812
1.76 0.0106949
2.08 0.00895582
2.4 0.00666657
2.72 0.00503974
3.04 0.00354113
3.36 0.0021671
3.68 0.00134538
4 0.000793587
4.32 0.000433276
4.64 0.000250219
