# f(v_x, v_y, v_z), v_z = const
# nv_x = 30, nv_y = 30, nv_z = 30
# n = 0.993966 , T = 2.29393 , E = 6.84027 , vec_p = {-5.46653e-016 -7.48734e-019 4.91212e-017}
-4.64 0.000212043
-4.32 0.000378916
-4 0.000652226
-3.68 0.001079
-3.36 0.00170443
-3.04 0.00259269
-2.72 0.00376907
-2.4 0.00525296
-2.08 0.00699957
-1.76 0.0089776
-1.44 0.0109428
-1.12 0.0128421
-0.8 0.0144012
-0.48 0.015557
-0.16 0.0161517
0.16 0.0161502
0.48 0.0155371
0.8 0.014408
1.12 0.0128246
1.44 0.0109681
1.76 0.00895343
2.08 0.00702857
2.4 0.00523693
2.72 0.00376885
3.04 0.00259638
3.36 0.00170443
3.68 0.00107542
4 0.000652399
4.32 0.000378436
4.64 0.000212016
