# f(v_x, v_y, v_z), v_z = const
# nv_x = 30, nv_y = 30, nv_z = 30
# n = 0.993966 , T = 2.29393 , E = 6.84027 , vec_p = {-2.36305e-015 -9.23173e-017 4.72831e-017}
-4.64 0.000211814
-4.32 0.000378317
-4 0.000650281
-3.68 0.00107453
-3.36 0.00169772
-3.04 0.00257981
-2.72 0.00374951
-2.4 0.00522747
-2.08 0.00696826
-1.76 0.00893587
-1.44 0.0109192
-1.12 0.0128318
-0.8 0.0144159
-0.48 0.0155921
-0.16 0.0161982
0.16 0.0161993
0.48 0.015576
0.8 0.0144223
1.12 0.0128152
1.44 0.0109357
1.76 0.00891804
2.08 0.00699506
2.4 0.00521541
2.72 0.00374948
3.04 0.00258118
3.36 0.00169853
3.68 0.00107237
4 0.000650935
4.32 0.000377933
4.64 0.000211562
