# f(v_x, v_y, v_z), v_z = const
# nv_x = 30, nv_y = 30, nv_z = 30
# n = 0.993966 , T = 2.29393 , E = 6.84027 , vec_p = {-1.82527e-015 1.41593e-016 1.61076e-017}
-4.64 0.00023196
-4.32 0.000412838
-4 0.000736782
-3.68 0.0012625
-3.36 0.00203567
-3.04 0.00314106
-2.72 0.00461976
-2.4 0.00650985
-2.08 0.00836302
-1.76 0.0105111
-1.44 0.0118998
-1.12 0.0133604
-0.8 0.0140754
-0.48 0.0146978
-0.16 0.01492
0.16 0.014837
0.48 0.0146389
0.8 0.0141897
1.12 0.0133135
1.44 0.0121636
1.76 0.0102154
2.08 0.00843849
2.4 0.00625257
2.72 0.00465124
3.04 0.00327097
3.36 0.00201888
3.68 0.00125128
4 0.00075174
4.32 0.000415658
4.64 0.000240364
