# f(v_x, v_y, v_z), v_z = const
# nv_x = 30, nv_y = 30, nv_z = 30
# n = 0.993966 , T = 2.29393 , E = 6.84027 , vec_p = {-1.65706e-015 6.97611e-017 -1.10578e-017}
-4.64 0.000922722
-4.32 0.00204287
-4 0.00402954
-3.68 0.00735769
-3.36 0.0119543
-3.04 0.0174616
-2.72 0.0232772
-2.4 0.0280241
-2.08 0.0303014
-1.76 0.0292436
-1.44 0.0263963
-1.12 0.0210101
-0.8 0.0154786
-0.48 0.0111667
-0.16 0.00874466
0.16 0.00869812
0.48 0.0111556
0.8 0.0156419
1.12 0.0212475
1.44 0.0263128
1.76 0.0298706
2.08 0.0307755
2.4 0.0281231
2.72 0.0233918
3.04 0.017409
3.36 0.0118089
3.68 0.00725963
4 0.00413211
4.32 0.00205019
4.64 0.000928195
