# f(v_x, v_y, v_z), v_z = const
# nv_x = 30, nv_y = 30, nv_z = 30
# n = 0.993966 , T = 2.29393 , E = 6.84027 , vec_p = {-2.43e-015 1.84479e-016 3.56346e-017}
-4.64 0.00030498
-4.32 0.000533221
-4 0.000982088
-3.68 0.00181606
-3.36 0.00298154
-3.04 0.00465389
-2.72 0.00690103
-2.4 0.00900638
-2.08 0.0111773
-1.76 0.0134084
-1.44 0.0139983
-1.12 0.0143175
-0.8 0.0137703
-0.48 0.0135414
-0.16 0.0133006
0.16 0.0129213
0.48 0.0134934
0.8 0.0141554
1.12 0.0144095
1.44 0.014236
1.76 0.0129736
2.08 0.0112813
2.4 0.00883897
2.72 0.00699193
3.04 0.00476935
3.36 0.00286284
3.68 0.0017724
4 0.00103361
4.32 0.000530485
4.64 0.000302751
