# f(v_x, v_y, v_z), v_z = const
# nv_x = 30, nv_y = 30, nv_z = 30
# n = 0.993966 , T = 2.29393 , E = 6.84027 , vec_p = {5.75397e-015 -2.06946e-019 3.6696e-017}
-4.64 0.000239028
-4.32 0.000422177
-4 0.00076699
-3.68 0.00132826
-3.36 0.00214142
-3.04 0.00331403
-2.72 0.00486197
-2.4 0.00684544
-2.08 0.00868427
-1.76 0.0108799
-1.44 0.0121174
-1.12 0.0134774
-0.8 0.0139838
-0.48 0.0145359
-0.16 0.0146965
0.16 0.0145853
0.48 0.0144481
0.8 0.0141734
1.12 0.0134423
1.44 0.0124664
1.76 0.0105312
2.08 0.00878698
2.4 0.00652047
2.72 0.00493775
3.04 0.00346299
3.36 0.00210971
3.68 0.00131556
4 0.000783019
4.32 0.000428923
4.64 0.000247159
