# f(v_x, v_y, v_z), v_z = const
# nv_x = 30, nv_y = 30, nv_z = 30
# n = 0.993966 , T = 2.29393 , E = 6.84027 , vec_p = {2.14285e-015 1.01147e-016 4.48299e-017}
-4.64 0.000222648
-4.32 0.000396272
-4 0.000699311
-3.68 0.00117853
-3.36 0.00189451
-3.04 0.00290703
-2.72 0.00429104
-2.4 0.00596535
-2.08 0.00774736
-1.76 0.00986233
-1.44 0.0115431
-1.12 0.0131446
-0.8 0.0142091
-0.48 0.0149988
-0.16 0.0153528
0.16 0.015302
0.48 0.0149562
0.8 0.0142632
1.12 0.0130961
1.44 0.0116541
1.76 0.00973287
2.08 0.00785799
2.4 0.0058076
2.72 0.00426163
3.04 0.00297456
3.36 0.00188586
3.68 0.00117462
4 0.000706856
4.32 0.000396526
4.64 0.000228142
