# f(v_x, v_y, v_z), v_z = const
# nv_x = 30, nv_y = 30, nv_z = 30
# n = 0.993966 , T = 2.29393 , E = 6.84027 , vec_p = {4.14413e-015 -1.46514e-016 3.20393e-017}
-4.64 0.000261234
-4.32 0.000460068
-4 0.000842703
-3.68 0.00150601
-3.36 0.00244118
-3.04 0.00379226
-2.72 0.00563166
-2.4 0.00773035
-2.08 0.00962503
-1.76 0.0119337
-1.44 0.0128652
-1.12 0.0138595
-0.8 0.0139264
-0.48 0.0141095
-0.16 0.0140931
0.16 0.0138864
0.48 0.0141012
0.8 0.0141773
1.12 0.0138789
1.44 0.0132361
1.76 0.0114792
2.08 0.00979781
2.4 0.00738394
2.72 0.00564305
3.04 0.00397504
3.36 0.00238976
3.68 0.00146267
4 0.000872557
4.32 0.000471092
4.64 0.000266563
