# f(v_x, v_y, v_z), v_z = const
# nv_x = 30, nv_y = 30, nv_z = 30
# n = 0.993966 , T = 2.29393 , E = 6.84027 , vec_p = {1.35798e-015 -2.23199e-018 2.04237e-018}
-4.64 0.000228899
-4.32 0.000407868
-4 0.000725384
-3.68 0.00123676
-3.36 0.00199121
-3.04 0.00306857
-2.72 0.00452903
-2.4 0.00634127
-2.08 0.00818046
-1.76 0.0102871
-1.44 0.0118079
-1.12 0.0133207
-0.8 0.0141194
-0.48 0.0148003
-0.16 0.0150305
0.16 0.0149589
0.48 0.0147401
0.8 0.014223
1.12 0.0132856
1.44 0.0120072
1.76 0.0100659
2.08 0.00825653
2.4 0.00610203
2.72 0.00452842
3.04 0.00318166
3.36 0.00197943
3.68 0.0012295
4 0.000737665
4.32 0.000408892
4.64 0.000237066
