# f(v_x, v_y, v_z), v_z = const
# nv_x = 30, nv_y = 30, nv_z = 30
# n = 0.993966 , T = 2.29393 , E = 6.84027 , vec_p = {1.10547e-015 1.33821e-016 5.59996e-017}
-4.64 0.000211015
-4.32 0.000377077
-4 0.000646876
-3.68 0.00106572
-3.36 0.0016819
-3.04 0.00255035
-2.72 0.00370421
-2.4 0.00516165
-2.08 0.00689693
-1.76 0.00884379
-1.44 0.0108599
-1.12 0.0128025
-0.8 0.0144593
-0.48 0.0156864
-0.16 0.0163313
0.16 0.0163332
0.48 0.01568
0.8 0.0144634
1.12 0.0127938
1.44 0.0108652
1.76 0.00883848
2.08 0.00690318
2.4 0.00515981
2.72 0.0037039
3.04 0.00255059
3.36 0.00168306
3.68 0.00106523
4 0.000647399
4.32 0.000377081
4.64 0.000210991
