# f(v_x, v_y, v_z), v_z = const
# nv_x = 30, nv_y = 30, nv_z = 30
# n = 0.993966 , T = 2.29393 , E = 6.84027 , vec_p = {2.53721e-016 9.66542e-017 1.64735e-017}
-4.64 0.000234692
-4.32 0.000416142
-4 0.000745874
-3.68 0.00128094
-3.36 0.00207419
-3.04 0.00319689
-2.72 0.00468945
-2.4 0.00660404
-2.08 0.00843698
-1.76 0.0106021
-1.44 0.0119534
-1.12 0.0134026
-0.8 0.0140386
-0.48 0.0146481
-0.16 0.0148329
0.16 0.0147673
0.48 0.0145832
0.8 0.0141813
1.12 0.0133781
1.44 0.0122976
1.76 0.0103248
2.08 0.00854921
2.4 0.00635389
2.72 0.00474809
3.04 0.00333147
3.36 0.00205191
3.68 0.00127292
4 0.000757608
4.32 0.000419012
4.64 0.000243293
