# f(v_x, v_y, v_z), v_z = const
# nv_x = 30, nv_y = 30, nv_z = 30
# n = 0.993966 , T = 2.29393 , E = 6.84027 , vec_p = {2.41726e-015 -3.41407e-017 6.46505e-018}
-4.64 0.000228096
-4.32 0.000405877
-4 0.000720218
-3.68 0.00122554
-3.36 0.00197669
-3.04 0.00304596
-2.72 0.0044856
-2.4 0.00626429
-2.08 0.00810712
-1.76 0.0102036
-1.44 0.0117725
-1.12 0.0132927
-0.8 0.0141317
-0.48 0.0148428
-0.16 0.0150811
0.16 0.0150114
0.48 0.0147663
0.8 0.0142343
1.12 0.0132505
1.44 0.0119593
1.76 0.0100115
2.08 0.00819735
2.4 0.00606135
2.72 0.00447651
3.04 0.00314339
3.36 0.00196133
3.68 0.0012213
4 0.000731407
4.32 0.000405733
4.64 0.000235075
