# f(v_x, v_y, v_z), v_z = const
# nv_x = 30, nv_y = 30, nv_z = 30
# n = 0.993966 , T = 2.29393 , E = 6.84027 , vec_p = {6.10878e-016 3.28182e-017 2.26299e-017}
-4.64 0.000267263
-4.32 0.000472533
-4 0.00086108
-3.68 0.00155467
-3.36 0.00253094
-3.04 0.00394558
-2.72 0.00585374
-2.4 0.00792905
-2.08 0.00986879
-1.76 0.0121751
-1.44 0.013041
-1.12 0.0139571
-0.8 0.0139245
-0.48 0.014031
-0.16 0.0139328
0.16 0.0137262
0.48 0.0139875
0.8 0.0141765
1.12 0.0139919
1.44 0.0133747
1.76 0.0117349
2.08 0.010078
2.4 0.0076705
2.72 0.00582051
3.04 0.00409119
3.36 0.00245433
3.68 0.00151979
4 0.000902233
4.32 0.000482829
4.64 0.000273207
