# f(v_x, v_y, v_z), v_z = const
# nv_x = 30, nv_y = 30, nv_z = 30
# n = 0.993966 , T = 2.29393 , E = 6.84027 , vec_p = {3.0328e-015 1.57427e-016 3.34626e-017}
-4.64 0.000212931
-4.32 0.000380404
-4 0.000655932
-3.68 0.00108778
-3.36 0.00171928
-3.04 0.00262187
-2.72 0.00381511
-2.4 0.0053119
-2.08 0.00706995
-1.76 0.00907401
-1.44 0.0109989
-1.12 0.0128694
-0.8 0.0143693
-0.48 0.0154822
-0.16 0.0160496
0.16 0.01604
0.48 0.0154632
0.8 0.0143822
1.12 0.0128493
1.44 0.0110343
1.76 0.00903279
2.08 0.0071096
2.4 0.00528701
2.72 0.00381379
3.04 0.00263265
3.36 0.00171835
3.68 0.00108304
4 0.000657222
4.32 0.000379465
4.64 0.000213311
