# f(v_x, v_y, v_z), v_z = const
# nv_x = 30, nv_y = 30, nv_z = 30
# n = 0.993966 , T = 2.29393 , E = 6.84027 , vec_p = {3.81095e-015 -1.04473e-016 4.81162e-017}
-4.64 0.000302064
-4.32 0.000526244
-4 0.000974415
-3.68 0.00179423
-3.36 0.00295306
-3.04 0.00459963
-2.72 0.00682125
-2.4 0.00885423
-2.08 0.0111095
-1.76 0.0133396
-1.44 0.0139276
-1.12 0.014302
-0.8 0.0137875
-0.48 0.0135643
-0.16 0.0133378
0.16 0.0129824
0.48 0.0135295
0.8 0.0141577
1.12 0.0143836
1.44 0.0141759
1.76 0.0128896
2.08 0.0111878
2.4 0.00869278
2.72 0.00687124
3.04 0.00472158
3.36 0.00282742
3.68 0.00174312
4 0.00102749
4.32 0.000525785
4.64 0.00029987
