# f(v_x, v_y, v_z), v_z = const
# nv_x = 30, nv_y = 30, nv_z = 30
# n = 0.993966 , T = 2.29393 , E = 6.84027 , vec_p = {3.19107e-015 1.3241e-016 3.93783e-017}
-4.64 0.000221133
-4.32 0.000393142
-4 0.000694054
-3.68 0.00117061
-3.36 0.00187672
-3.04 0.00287887
-2.72 0.00424659
-2.4 0.00590198
-2.08 0.00768668
-1.76 0.00980905
-1.44 0.0114939
-1.12 0.0131285
-0.8 0.0142262
-0.48 0.0150311
-0.16 0.0154068
0.16 0.0153651
0.48 0.0150041
0.8 0.0142661
1.12 0.0130719
1.44 0.0115956
1.76 0.00965719
2.08 0.00777872
2.4 0.00576451
2.72 0.00421593
3.04 0.00293298
3.36 0.00186972
3.68 0.00116313
4 0.00070307
4.32 0.000395455
4.64 0.000226613
