# f(v_x, v_y, v_z), v_z = const
# nv_x = 30, nv_y = 30, nv_z = 30
# n = 0.993966 , T = 2.29393 , E = 6.84027 , vec_p = {5.95239e-015 5.79341e-017 2.05125e-017}
-4.64 0.000530434
-4.32 0.00104961
-4 0.00192365
-3.68 0.00408681
-3.36 0.006294
-3.04 0.00943913
-2.72 0.0133136
-2.4 0.0162609
-2.08 0.0195671
-1.76 0.0203987
-1.44 0.0190093
-1.12 0.017468
-0.8 0.0139
-0.48 0.0116848
-0.16 0.0103235
0.16 0.0100301
0.48 0.011397
0.8 0.0146058
1.12 0.0173688
1.44 0.0194098
1.76 0.0198254
2.08 0.0202717
2.4 0.0172692
2.72 0.0144753
3.04 0.0103186
3.36 0.00610629
3.68 0.00388907
4 0.00217887
4.32 0.000974202
4.64 0.000521822
