# f(v_x, v_y, v_z), v_z = const
# nv_x = 30, nv_y = 30, nv_z = 30
# n = 0.993966 , T = 2.29393 , E = 6.84027 , vec_p = {5.35767e-016 -4.72475e-017 2.43112e-017}
-4.64 0.00022778
-4.32 0.000402948
-4 0.000714492
-3.68 0.00121289
-3.36 0.00196159
-3.04 0.00301459
-2.72 0.00444938
-2.4 0.00620143
-2.08 0.00801315
-1.76 0.010128
-1.44 0.0117203
-1.12 0.0132509
-0.8 0.0141536
-0.48 0.0148921
-0.16 0.0151613
0.16 0.015084
0.48 0.0148094
0.8 0.0142412
1.12 0.0131973
1.44 0.0118789
1.76 0.00993455
2.08 0.00811342
2.4 0.00601093
2.72 0.00442502
3.04 0.00309891
3.36 0.00194014
3.68 0.00121213
4 0.000725059
4.32 0.000405057
4.64 0.000233589
