# f(v_x, v_y, v_z), v_z = const
# nv_x = 30, nv_y = 30, nv_z = 30
# n = 0.993966 , T = 2.29393 , E = 6.84027 , vec_p = {1.32194e-015 1.66628e-016 1.03917e-017}
-4.64 0.000216033
-4.32 0.000386091
-4 0.00066844
-3.68 0.00112097
-3.36 0.00178913
-3.04 0.00273817
-2.72 0.0040028
-2.4 0.00557511
-2.08 0.00736202
-1.76 0.009414
-1.44 0.0112071
-1.12 0.0129826
-0.8 0.0142979
-0.48 0.0152517
-0.16 0.015718
0.16 0.0156943
0.48 0.015247
0.8 0.0143149
1.12 0.0129648
1.44 0.011305
1.76 0.00931346
2.08 0.00741304
2.4 0.00549046
2.72 0.00399177
3.04 0.00275573
3.36 0.00178495
3.68 0.00111834
4 0.000674249
4.32 0.000385408
4.64 0.000219379
