# f(v_x, v_y, v_z), v_z = const
# nv_x = 30, nv_y = 30, nv_z = 30
# n = 0.993966 , T = 2.29393 , E = 6.84027 , vec_p = {-1.19257e-015 -1.62323e-017 4.67257e-017}
-4.64 0.000445157
-4.32 0.000824009
-4 0.00155138
-3.68 0.00312086
-3.36 0.00484151
-3.04 0.00781542
-2.72 0.0112898
-2.4 0.0138119
-2.08 0.0168298
-1.76 0.0184033
-1.44 0.0177917
-1.12 0.0163187
-0.8 0.0137956
-0.48 0.0121295
-0.16 0.0110212
0.16 0.0107751
0.48 0.0119972
0.8 0.0144607
1.12 0.0163085
1.44 0.0178359
1.76 0.0175883
2.08 0.0172426
2.4 0.0139961
2.72 0.011399
3.04 0.00819747
3.36 0.00491539
3.68 0.00304239
4 0.00175753
4.32 0.000824443
4.64 0.000462922
