# f(v_x, v_y, v_z), v_z = const
# nv_x = 30, nv_y = 30, nv_z = 30
# n = 0.993966 , T = 2.29393 , E = 6.84027 , vec_p = {-2.4423e-015 1.92164e-016 6.41007e-017}
-4.64 0.00021143
-4.32 0.00037771
-4 0.000648434
-3.68 0.00107133
-3.36 0.00169159
-3.04 0.00256841
-2.72 0.00373276
-2.4 0.00520493
-2.08 0.00694548
-1.76 0.00890567
-1.44 0.0108993
-1.12 0.0128229
-0.8 0.0144291
-0.48 0.0156211
-0.16 0.01624
0.16 0.0162418
0.48 0.0156086
0.8 0.0144384
1.12 0.0128102
1.44 0.0109137
1.76 0.00889379
2.08 0.006962
2.4 0.00519465
2.72 0.0037337
3.04 0.00257058
3.36 0.0016922
3.68 0.00106987
4 0.000649617
4.32 0.000377497
4.64 0.000211303
