# f(v_x, v_y, v_z), v_z = const
# nv_x = 30, nv_y = 30, nv_z = 30
# n = 0.993966 , T = 2.29393 , E = 6.84027 , vec_p = {-1.97653e-015 1.27009e-016 -8.39728e-018}
-4.64 0.000217373
-4.32 0.000387711
-4 0.000674064
-3.68 0.00113326
-3.36 0.00181151
-3.04 0.00277455
-2.72 0.00406378
-2.4 0.00563738
-2.08 0.00743366
-1.76 0.00953548
-1.44 0.0112758
-1.12 0.0130201
-0.8 0.0142793
-0.48 0.0151927
-0.16 0.0156362
0.16 0.0156095
0.48 0.015183
0.8 0.0143029
1.12 0.0129853
1.44 0.0113839
1.76 0.00940924
2.08 0.00749608
2.4 0.00556165
2.72 0.00403777
3.04 0.00279433
3.36 0.00180603
3.68 0.00112972
4 0.000679594
4.32 0.000387425
4.64 0.000221542
