# f(v_x, v_y, v_z), v_z = const
# nv_x = 30, nv_y = 30, nv_z = 30
# n = 0.993966 , T = 2.29393 , E = 6.84027 , vec_p = {1.29532e-017 5.9539e-017 6.05955e-017}
-4.64 0.000211039
-4.32 0.000377083
-4 0.000646933
-3.68 0.00106592
-3.36 0.00168218
-3.04 0.00255092
-2.72 0.00370476
-2.4 0.00516259
-2.08 0.00689794
-1.76 0.00884562
-1.44 0.010861
-1.12 0.0128025
-0.8 0.0144581
-0.48 0.0156843
-0.16 0.0163286
0.16 0.0163307
0.48 0.015678
0.8 0.0144626
1.12 0.0127943
1.44 0.0108672
1.76 0.00883983
2.08 0.0069047
2.4 0.00516086
2.72 0.003705
3.04 0.00255111
3.36 0.00168328
3.68 0.00106538
4 0.000647452
4.32 0.000377078
4.64 0.000210997
