# f(v_x, v_y, v_z), v_z = const
# nv_x = 30, nv_y = 30, nv_z = 30
# n = 0.993966 , T = 2.29393 , E = 6.84027 , vec_p = {1.50017e-015 7.60618e-017 1.2192e-017}
-4.64 0.000536594
-4.32 0.00107235
-4 0.00199698
-3.68 0.00422797
-3.36 0.00671219
-3.04 0.0098117
-2.72 0.0138967
-2.4 0.0169064
-2.08 0.0200983
-1.76 0.0208703
-1.44 0.0193511
-1.12 0.0176135
-0.8 0.0139276
-0.48 0.0115661
-0.16 0.0102001
0.16 0.00993606
0.48 0.0113213
0.8 0.0145977
1.12 0.0176122
1.44 0.019739
1.76 0.0203481
2.08 0.0208171
2.4 0.0177277
2.72 0.0150128
3.04 0.0107138
3.36 0.00627196
3.68 0.00409312
4 0.00226398
4.32 0.00102994
4.64 0.000542338
