# f(v_x, v_y, v_z), v_z = const
# nv_x = 30, nv_y = 30, nv_z = 30
# n = 0.993966 , T = 2.29393 , E = 6.84027 , vec_p = {1.0354e-016 -9.30989e-018 2.50253e-017}
-4.64 0.000635018
-4.32 0.00125813
-4 0.00233405
-3.68 0.00478802
-3.36 0.00771157
-3.04 0.0115415
-2.72 0.016654
-2.4 0.01919
-2.08 0.0228038
-1.76 0.022717
-1.44 0.0205933
-1.12 0.0183857
-0.8 0.0141645
-0.48 0.0113969
-0.16 0.00969245
0.16 0.00934919
0.48 0.0110836
0.8 0.0147761
1.12 0.0185878
1.44 0.02145
1.76 0.0222622
2.08 0.0232625
2.4 0.019951
2.72 0.0169529
3.04 0.0122118
3.36 0.00747826
3.68 0.00476625
4 0.0026777
4.32 0.00129476
4.64 0.000628544
