# f(v_x, v_y, v_z), v_z = const
# nv_x = 30, nv_y = 30, nv_z = 30
# n = 0.993966 , T = 2.29393 , E = 6.84027 , vec_p = {2.09205e-015 4.68452e-017 2.69962e-018}
-4.64 0.000218398
-4.32 0.000388828
-4 0.000677278
-3.68 0.00114077
-3.36 0.00182831
-3.04 0.00279744
-2.72 0.00409785
-2.4 0.00569294
-2.08 0.00748067
-1.76 0.00959671
-1.44 0.011311
-1.12 0.0130417
-0.8 0.0142703
-0.48 0.0151478
-0.16 0.0155873
0.16 0.0155424
0.48 0.0151447
0.8 0.0143038
1.12 0.0130042
1.44 0.0114351
1.76 0.00946149
2.08 0.00754481
2.4 0.00560037
2.72 0.00407665
3.04 0.00281751
3.36 0.00181804
3.68 0.00113551
4 0.000684221
4.32 0.000388782
4.64 0.00022273
