# f(v_x, v_y, v_z), v_z = const
# nv_x = 30, nv_y = 30, nv_z = 30
# n = 0.993966 , T = 2.29393 , E = 6.84027 , vec_p = {-4.35361e-015 1.13053e-016 4.00222e-017}
-4.64 0.000308452
-4.32 0.000544237
-4 0.00100546
-3.68 0.00185108
-3.36 0.00305249
-3.04 0.00478334
-2.72 0.00699811
-2.4 0.00920112
-2.08 0.0113374
-1.76 0.0135209
-1.44 0.0141777
-1.12 0.0143921
-0.8 0.0137774
-0.48 0.0134737
-0.16 0.0132159
0.16 0.012838
0.48 0.0134132
0.8 0.0142044
1.12 0.0145159
1.44 0.0143457
1.76 0.013104
2.08 0.0115197
2.4 0.0090325
2.72 0.00716143
3.04 0.00488577
3.36 0.0029273
3.68 0.00182074
4 0.00106122
4.32 0.000537167
4.64 0.000309156
