# f(v_x, v_y, v_z), v_z = const
# nv_x = 30, nv_y = 30, nv_z = 30
# n = 0.993966 , T = 2.29393 , E = 6.84027 , vec_p = {1.15989e-015 -2.85158e-016 2.54818e-017}
-4.64 0.000212469
-4.32 0.000379484
-4 0.000654304
-3.68 0.00108385
-3.36 0.00171218
-3.04 0.00260771
-2.72 0.00379174
-2.4 0.00528501
-2.08 0.00703785
-1.76 0.00902911
-1.44 0.0109695
-1.12 0.0128568
-0.8 0.0143854
-0.48 0.0155193
-0.16 0.0160935
0.16 0.0160905
0.48 0.015499
0.8 0.0143954
1.12 0.0128338
1.44 0.0110026
1.76 0.00899727
2.08 0.00707238
2.4 0.00526354
2.72 0.00379317
3.04 0.00261446
3.36 0.00171198
3.68 0.0010789
4 0.000655312
4.32 0.000378783
4.64 0.00021266
