# f(v_x, v_y, v_z), v_z = const
# nv_x = 30, nv_y = 30, nv_z = 30
# n = 0.993966 , T = 2.29393 , E = 6.84027 , vec_p = {-2.36469e-017 7.28155e-017 4.6096e-017}
-4.64 0.000341299
-4.32 0.000603449
-4 0.00111368
-3.68 0.00210272
-3.36 0.00341033
-3.04 0.0054241
-2.72 0.00796394
-2.4 0.0102019
-2.08 0.0125601
-1.76 0.0146366
-1.44 0.0151262
-1.12 0.0149523
-0.8 0.0137356
-0.48 0.0130674
-0.16 0.0126788
0.16 0.0122352
0.48 0.0130309
0.8 0.0142704
1.12 0.0149017
1.44 0.0152295
1.76 0.0139022
2.08 0.0129117
2.4 0.0104186
2.72 0.00798417
3.04 0.00553814
3.36 0.00324613
3.68 0.00205793
4 0.00119203
4.32 0.0005829
4.64 0.000340513
