# f(v_x, v_y, v_z), v_z = const
# nv_x = 30, nv_y = 30, nv_z = 30
# n = 0.993966 , T = 2.29393 , E = 6.84027 , vec_p = {4.63737e-015 -1.33156e-017 3.12088e-017}
-4.64 0.000214492
-4.32 0.000383014
-4 0.000662384
-3.68 0.0011034
-3.36 0.00175156
-3.04 0.00268114
-2.72 0.00390175
-2.4 0.00542652
-2.08 0.00720307
-1.76 0.00923168
-1.44 0.0110973
-1.12 0.0129203
-0.8 0.0143335
-0.48 0.015364
-0.16 0.0158909
0.16 0.0158689
0.48 0.0153469
0.8 0.0143405
1.12 0.0128966
1.44 0.0111741
1.76 0.009157
2.08 0.00724459
2.4 0.00538449
2.72 0.00390292
3.04 0.00269339
3.36 0.00174603
3.68 0.0010979
4 0.000663696
4.32 0.000381345
4.64 0.00021608
