# f(v_x, v_y, v_z), v_z = const
# nv_x = 30, nv_y = 30, nv_z = 30
# n = 0.993966 , T = 2.29393 , E = 6.84027 , vec_p = {1.60173e-015 -3.45732e-017 3.55835e-017}
-4.64 0.000211173
-4.32 0.000377248
-4 0.000647469
-3.68 0.00106782
-3.36 0.00168543
-3.04 0.00255664
-2.72 0.00371467
-2.4 0.00517583
-2.08 0.00691433
-1.76 0.00886673
-1.44 0.0108719
-1.12 0.0128071
-0.8 0.014446
-0.48 0.0156616
-0.16 0.0162952
0.16 0.0162982
0.48 0.0156527
0.8 0.0144524
1.12 0.0127985
1.44 0.0108847
1.76 0.00885679
2.08 0.00692453
2.4 0.00517286
2.72 0.00371454
3.04 0.00255794
3.36 0.00168664
3.68 0.00106682
4 0.000648075
4.32 0.000377277
4.64 0.00021107
