# f(v_x, v_y, v_z), v_z = const
# nv_x = 30, nv_y = 30, nv_z = 30
# n = 0.993966 , T = 2.29393 , E = 6.84027 , vec_p = {-1.88512e-015 1.80629e-017 5.12306e-017}
-4.64 0.000211965
-4.32 0.000378693
-4 0.000651294
-3.68 0.0010774
-3.36 0.0017023
-3.04 0.00258826
-2.72 0.00376144
-2.4 0.00524286
-2.08 0.00698763
-1.76 0.00896171
-1.44 0.0109337
-1.12 0.0128374
-0.8 0.0144059
-0.48 0.0155692
-0.16 0.0161677
0.16 0.0161665
0.48 0.0155517
0.8 0.0144136
1.12 0.0128196
1.44 0.0109535
1.76 0.00894122
2.08 0.00701664
2.4 0.00523075
2.72 0.00376172
3.04 0.00259086
3.36 0.00170235
3.68 0.00107461
4 0.000651754
4.32 0.000378131
4.64 0.000211871
