# f(v_x, v_y, v_z), v_z = const
# nv_x = 30, nv_y = 30, nv_z = 30
# n = 0.993966 , T = 2.29393 , E = 6.84027 , vec_p = {2.88118e-016 -1.19764e-016 4.65463e-017}
-4.64 0.000211307
-4.32 0.000377421
-4 0.000648141
-3.68 0.00106983
-3.36 0.00168894
-3.04 0.0025633
-2.72 0.00372378
-2.4 0.00519036
-2.08 0.00693055
-1.76 0.00888643
-1.44 0.0108864
-1.12 0.0128151
-0.8 0.0144359
-0.48 0.0156408
-0.16 0.0162678
0.16 0.0162684
0.48 0.0156283
0.8 0.0144449
1.12 0.0128023
1.44 0.0108993
1.76 0.00887529
2.08 0.00694481
2.4 0.00518501
2.72 0.0037252
3.04 0.00256471
3.36 0.00168958
3.68 0.00106836
4 0.000649091
4.32 0.000377422
4.64 0.000211172
