# f(v_x, v_y, v_z), v_z = const
# nv_x = 30, nv_y = 30, nv_z = 30
# n = 0.993966 , T = 2.29393 , E = 6.84027 , vec_p = {1.31407e-015 8.67946e-017 3.96869e-017}
-4.64 0.000353143
-4.32 0.000618371
-4 0.0011689
-3.68 0.00222041
-3.36 0.00353891
-3.04 0.00559493
-2.72 0.00827119
-2.4 0.0104678
-2.08 0.0129029
-1.76 0.0150485
-1.44 0.015428
-1.12 0.015114
-0.8 0.0138009
-0.48 0.0129435
-0.16 0.0125568
0.16 0.0120258
0.48 0.0129167
0.8 0.0143064
1.12 0.0150326
1.44 0.0155142
1.76 0.0142549
2.08 0.0132717
2.4 0.0109196
2.72 0.00836743
3.04 0.00580726
3.36 0.00338258
3.68 0.00212501
4 0.00124695
4.32 0.000603489
4.64 0.00034876
