# f(v_x, v_y, v_z), v_z = const
# nv_x = 30, nv_y = 30, nv_z = 30
# n = 0.993966 , T = 2.29393 , E = 6.84027 , vec_p = {2.33236e-016 3.64171e-017 1.58069e-017}
-4.64 0.000232921
-4.32 0.000413987
-4 0.00073984
-3.68 0.00126703
-3.36 0.00205361
-3.04 0.00316812
-2.72 0.00464353
-2.4 0.00655157
-2.08 0.00839127
-1.76 0.0105392
-1.44 0.0119155
-1.12 0.0133694
-0.8 0.0140608
-0.48 0.0146785
-0.16 0.0148969
0.16 0.0148184
0.48 0.0146216
0.8 0.0141811
1.12 0.0133178
1.44 0.0121831
1.76 0.0102465
2.08 0.00847979
2.4 0.00628496
2.72 0.00469046
3.04 0.00328591
3.36 0.00203405
3.68 0.00126216
4 0.00075383
4.32 0.000417182
4.64 0.000241144
