# f(v_x, v_y, v_z), v_z = const
# nv_x = 30, nv_y = 30, nv_z = 30
# n = 0.993966 , T = 2.29393 , E = 6.84027 , vec_p = {3.915e-015 1.75194e-016 6.07487e-017}
-4.64 0.000211479
-4.32 0.000377764
-4 0.000648634
-3.68 0.00107154
-3.36 0.00169186
-3.04 0.00256937
-2.72 0.00373375
-2.4 0.00520677
-2.08 0.00694695
-1.76 0.00890697
-1.44 0.0109009
-1.12 0.0128227
-0.8 0.0144287
-0.48 0.0156189
-0.16 0.0162375
0.16 0.0162392
0.48 0.0156067
0.8 0.0144372
1.12 0.0128109
1.44 0.0109144
1.76 0.00889523
2.08 0.00696479
2.4 0.00519589
2.72 0.00373512
3.04 0.00257117
3.36 0.00169255
3.68 0.00106991
4 0.000649628
4.32 0.000377527
4.64 0.000211316
