# f(v_x, v_y, v_z), v_z = const
# nv_x = 30, nv_y = 30, nv_z = 30
# n = 0.993966 , T = 2.29393 , E = 6.84027 , vec_p = {-1.66937e-015 -1.50742e-017 4.11493e-018}
-4.64 0.000230301
-4.32 0.000410719
-4 0.000732637
-3.68 0.00125431
-3.36 0.00202136
-3.04 0.00311979
-2.72 0.00457536
-2.4 0.00644255
-2.08 0.00829447
-1.76 0.0104169
-1.44 0.0118499
-1.12 0.013356
-0.8 0.0140841
-0.48 0.014739
-0.16 0.0149665
0.16 0.0148916
0.48 0.0146873
0.8 0.0142094
1.12 0.0133044
1.44 0.0120818
1.76 0.0101559
2.08 0.00834474
2.4 0.00619826
2.72 0.00460921
3.04 0.00323529
3.36 0.00200113
3.68 0.00123931
4 0.000746439
4.32 0.000413323
4.64 0.00023909
