# f(v_x, v_y, v_z), v_z = const
# nv_x = 30, nv_y = 30, nv_z = 30
# n = 0.993966 , T = 2.29393 , E = 6.84027 , vec_p = {8.98108e-016 2.25171e-017 4.29594e-017}
-4.64 0.000240131
-4.32 0.000424587
-4 0.000771732
-3.68 0.0013395
-3.36 0.00215689
-3.04 0.00333892
-2.72 0.00490892
-2.4 0.00686653
-2.08 0.00872039
-1.76 0.0109222
-1.44 0.0121351
-1.12 0.0134936
-0.8 0.0139717
-0.48 0.0145155
-0.16 0.0146738
0.16 0.0145411
0.48 0.0144289
0.8 0.01417
1.12 0.0134377
1.44 0.0124823
1.76 0.0105766
2.08 0.00883548
2.4 0.00656954
2.72 0.00496055
3.04 0.00348412
3.36 0.00213297
3.68 0.00132477
4 0.000786578
4.32 0.00043041
4.64 0.000247828
