# f(v_x, v_y, v_z), v_z = const
# nv_x = 30, nv_y = 30, nv_z = 30
# n = 0.993966 , T = 2.29393 , E = 6.84027 , vec_p = {1.41867e-015 4.45777e-017 5.3753e-017}
-4.64 0.000211928
-4.32 0.000378625
-4 0.000651294
-3.68 0.00107687
-3.36 0.00170206
-3.04 0.0025868
-2.72 0.0037603
-2.4 0.0052419
-2.08 0.0069853
-1.76 0.00895839
-1.44 0.010931
-1.12 0.0128377
-0.8 0.0144071
-0.48 0.0155728
-0.16 0.0161727
0.16 0.0161711
0.48 0.0155548
0.8 0.0144143
1.12 0.0128184
1.44 0.0109489
1.76 0.00893727
2.08 0.00701391
2.4 0.0052283
2.72 0.00376002
3.04 0.00258914
3.36 0.00170178
3.68 0.00107431
4 0.000651649
4.32 0.00037816
4.64 0.000211831
