# f(v_x, v_y, v_z), v_z = const
# nv_x = 30, nv_y = 30, nv_z = 30
# n = 0.993966 , T = 2.29393 , E = 6.84027 , vec_p = {-4.18865e-017 8.02967e-017 4.70175e-017}
-4.64 0.000211063
-4.32 0.000377156
-4 0.000647089
-3.68 0.0010666
-3.36 0.00168361
-3.04 0.00255328
-2.72 0.00370868
-2.4 0.00516834
-2.08 0.00690532
-1.76 0.00885421
-1.44 0.0108657
-1.12 0.0128048
-0.8 0.0144526
-0.48 0.0156753
-0.16 0.0163149
0.16 0.0163181
0.48 0.0156676
0.8 0.0144593
1.12 0.0127964
1.44 0.0108727
1.76 0.00884605
2.08 0.00691266
2.4 0.00516562
2.72 0.00370893
3.04 0.00255377
3.36 0.00168445
3.68 0.00106584
4 0.000647677
4.32 0.000377102
4.64 0.00021102
