# f(v_x, v_y, v_z), v_z = const
# nv_x = 30, nv_y = 30, nv_z = 30
# n = 0.993966 , T = 2.29393 , E = 6.84027 , vec_p = {3.03109e-015 2.39892e-016 8.73879e-018}
-4.64 0.000218941
-4.32 0.000390269
-4 0.000680862
-3.68 0.00114903
-3.36 0.00184135
-3.04 0.00281533
-2.72 0.0041291
-2.4 0.00573865
-2.08 0.00752692
-1.76 0.0096513
-1.44 0.0113465
-1.12 0.0130521
-0.8 0.014259
-0.48 0.01512
-0.16 0.0155429
0.16 0.0154972
0.48 0.0151136
0.8 0.0142947
1.12 0.0130123
1.44 0.0114718
1.76 0.00950466
2.08 0.0075979
2.4 0.0056373
2.72 0.00410524
3.04 0.00284508
3.36 0.00182975
3.68 0.00114165
4 0.000688414
4.32 0.000390557
4.64 0.000223901
