# f(v_x, v_y, v_z), v_z = const
# nv_x = 30, nv_y = 30, nv_z = 30
# n = 0.993966 , T = 2.29393 , E = 6.84027 , vec_p = {-2.00977e-017 1.97192e-016 6.47651e-017}
-4.64 0.000211938
-4.32 0.000378488
-4 0.000650874
-3.68 0.00107578
-3.36 0.00170069
-3.04 0.00258427
-2.72 0.00375619
-2.4 0.00523514
-2.08 0.00697846
-1.76 0.0089477
-1.44 0.0109255
-1.12 0.0128341
-0.8 0.014409
-0.48 0.0155811
-0.16 0.016184
0.16 0.0161847
0.48 0.0155633
0.8 0.0144161
1.12 0.0128168
1.44 0.0109441
1.76 0.00892934
2.08 0.00700535
2.4 0.0052223
2.72 0.00375564
3.04 0.00258642
3.36 0.00170012
3.68 0.00107362
4 0.000651515
4.32 0.00037809
4.64 0.000211676
