# f(v_x, v_y, v_z), v_z = const
# nv_x = 30, nv_y = 30, nv_z = 30
# n = 0.993966 , T = 2.29393 , E = 6.84027 , vec_p = {1.1249e-016 -2.19558e-017 3.66112e-017}
-4.64 0.000291658
-4.32 0.000513925
-4 0.000941632
-3.68 0.00173963
-3.36 0.00287965
-3.04 0.00446248
-2.72 0.00657415
-2.4 0.00862805
-2.08 0.0107436
-1.76 0.0130411
-1.44 0.013686
-1.12 0.0142175
-0.8 0.0138446
-0.48 0.0136651
-0.16 0.0134737
0.16 0.0131608
0.48 0.0136202
0.8 0.0141069
1.12 0.0142574
1.44 0.0140133
1.76 0.0125187
2.08 0.0109215
2.4 0.00846758
2.72 0.0066242
3.04 0.00457622
3.36 0.00273709
3.68 0.00168061
4 0.00100403
4.32 0.000514494
4.64 0.000292479
