# f(v_x, v_y, v_z), v_z = const
# nv_x = 30, nv_y = 30, nv_z = 30
# n = 0.993966 , T = 2.29393 , E = 6.84027 , vec_p = {-5.09253e-016 -3.41398e-017 3.28568e-017}
-4.64 0.000371262
-4.32 0.000641751
-4 0.0012046
-3.68 0.00231513
-3.36 0.00368158
-3.04 0.00596594
-2.72 0.00858332
-2.4 0.0108078
-2.08 0.0133354
-1.76 0.0153761
-1.44 0.0157506
-1.12 0.0153064
-0.8 0.0137942
-0.48 0.0127997
-0.16 0.012363
0.16 0.0118133
0.48 0.0127722
0.8 0.0143347
1.12 0.0151737
1.44 0.0157963
1.76 0.0147675
2.08 0.0137897
2.4 0.0112592
2.72 0.00866679
3.04 0.00614732
3.36 0.0035462
3.68 0.00222244
4 0.00129773
4.32 0.000624024
4.64 0.000359991
