# f(v_x, v_y, v_z), v_z = const
# nv_x = 30, nv_y = 30, nv_z = 30
# n = 0.993966 , T = 2.29393 , E = 6.84027 , vec_p = {-1.72445e-016 1.32046e-016 5.79519e-017}
-4.64 0.000211007
-4.32 0.000377088
-4 0.00064688
-3.68 0.00106565
-3.36 0.00168181
-3.04 0.0025501
-2.72 0.00370395
-2.4 0.00516111
-2.08 0.00689645
-1.76 0.00884346
-1.44 0.0108594
-1.12 0.0128021
-0.8 0.0144594
-0.48 0.0156876
-0.16 0.0163324
0.16 0.0163343
0.48 0.0156812
0.8 0.0144635
1.12 0.0127938
1.44 0.010865
1.76 0.00883791
2.08 0.00690261
2.4 0.00515954
2.72 0.00370366
3.04 0.00255034
3.36 0.00168294
3.68 0.00106517
4 0.000647366
4.32 0.000377076
4.64 0.000211014
