# f(v_x, v_y, v_z), v_z = const
# nv_x = 30, nv_y = 30, nv_z = 30
# n = 0.993966 , T = 2.29393 , E = 6.84027 , vec_p = {-1.15371e-015 1.54617e-016 7.04916e-017}
-4.64 0.000211575
-4.32 0.000378009
-4 0.000649318
-3.68 0.00107261
-3.36 0.00169433
-3.04 0.00257341
-2.72 0.00373941
-2.4 0.00521456
-2.08 0.00695556
-1.76 0.00891743
-1.44 0.0109069
-1.12 0.0128257
-0.8 0.0144234
-0.48 0.0156067
-0.16 0.0162228
0.16 0.0162243
0.48 0.0155957
0.8 0.0144312
1.12 0.0128134
1.44 0.0109226
1.76 0.00890246
2.08 0.00697572
2.4 0.00520355
2.72 0.00374143
3.04 0.00257509
3.36 0.00169452
3.68 0.00107055
4 0.000650044
4.32 0.000377684
4.64 0.000211391
