# f(v_x, v_y, v_z), v_z = const
# nv_x = 30, nv_y = 30, nv_z = 30
# n = 0.993966 , T = 2.29393 , E = 6.84027 , vec_p = {-1.63751e-015 4.07763e-017 1.77112e-017}
-4.64 0.000215029
-4.32 0.00038412
-4 0.000664812
-3.68 0.00111074
-3.36 0.00176643
-3.04 0.00270331
-2.72 0.00393932
-2.4 0.00548679
-2.08 0.00726736
-1.76 0.00930067
-1.44 0.0111368
-1.12 0.0129415
-0.8 0.0143178
-0.48 0.0153164
-0.16 0.0158164
0.16 0.0158034
0.48 0.0153005
0.8 0.0143373
1.12 0.0129276
1.44 0.0112334
1.76 0.00922207
2.08 0.00730903
2.4 0.00542062
2.72 0.00393886
3.04 0.00271621
3.36 0.00176152
3.68 0.00110509
4 0.000667258
4.32 0.000382522
4.64 0.000217476
