# f(v_x, v_y, v_z), v_z = const
# nv_x = 30, nv_y = 30, nv_z = 30
# n = 0.993966 , T = 2.29393 , E = 6.84027 , vec_p = {4.27798e-015 -8.72138e-017 -9.63674e-019}
-4.64 0.000875781
-4.32 0.00190721
-4 0.00356624
-3.68 0.00694577
-3.36 0.0106629
-3.04 0.0162876
-2.72 0.0224055
-2.4 0.0263973
-2.08 0.0288586
-1.76 0.0280707
-1.44 0.0251492
-1.12 0.0207895
-0.8 0.0152677
-0.48 0.0111915
-0.16 0.00881904
0.16 0.0087268
0.48 0.0110525
0.8 0.0154136
1.12 0.0206263
1.44 0.025808
1.76 0.0285864
2.08 0.029074
2.4 0.0269406
2.72 0.0221434
3.04 0.0160238
3.36 0.0110316
3.68 0.00683445
4 0.00381054
4.32 0.00187538
4.64 0.000869103
