# f(v_x, v_y, v_z), v_z = const
# nv_x = 30, nv_y = 30, nv_z = 30
# n = 0.993966 , T = 2.29393 , E = 6.84027 , vec_p = {3.38403e-016 4.82547e-017 2.42961e-018}
-4.64 0.000216479
-4.32 0.000386617
-4 0.000669113
-3.68 0.00112488
-3.36 0.00179494
-3.04 0.00274642
-2.72 0.00402322
-2.4 0.00558933
-2.08 0.00737912
-1.76 0.00944229
-1.44 0.0112247
-1.12 0.0129928
-0.8 0.014297
-0.48 0.0152408
-0.16 0.0156947
0.16 0.0156704
0.48 0.0152301
0.8 0.0143115
1.12 0.012973
1.44 0.0113335
1.76 0.0093446
2.08 0.00743759
2.4 0.00550911
2.72 0.00400568
3.04 0.00276438
3.36 0.00179122
3.68 0.00112032
4 0.000675779
4.32 0.000386252
4.64 0.000219955
