# f(v_x, v_y, v_z), v_z = const
# nv_x = 30, nv_y = 30, nv_z = 30
# n = 0.993966 , T = 2.29393 , E = 6.84027 , vec_p = {-2.86957e-015 1.03233e-016 3.85691e-017}
-4.64 0.000211204
-4.32 0.000377303
-4 0.000647592
-3.68 0.00106828
-3.36 0.00168641
-3.04 0.00255848
-2.72 0.00371691
-2.4 0.00517962
-2.08 0.00691781
-1.76 0.00887175
-1.44 0.0108768
-1.12 0.01281
-0.8 0.0144428
-0.48 0.0156566
-0.16 0.0162885
0.16 0.01629
0.48 0.0156465
0.8 0.0144508
1.12 0.0127993
1.44 0.0108886
1.76 0.00886146
2.08 0.00692999
2.4 0.00517636
2.72 0.00371776
3.04 0.00255981
3.36 0.00168769
3.68 0.0010673
4 0.000648318
4.32 0.000377295
4.64 0.000211116
