# f(v_x, v_y, v_z), v_z = const
# nv_x = 30, nv_y = 30, nv_z = 30
# n = 0.993966 , T = 2.29393 , E = 6.84027 , vec_p = {-9.0381e-018 -6.49578e-017 3.41731e-017}
-4.64 0.000462411
-4.32 0.000869925
-4 0.00162466
-3.68 0.00327094
-3.36 0.00509993
-3.04 0.00805216
-2.72 0.0115938
-2.4 0.014236
-2.08 0.0172053
-1.76 0.0186977
-1.44 0.0179348
-1.12 0.0165324
-0.8 0.0137237
-0.48 0.0120332
-0.16 0.0109045
0.16 0.0106699
0.48 0.0118618
0.8 0.0144253
1.12 0.0164753
1.44 0.0180732
1.76 0.0180356
2.08 0.0177258
2.4 0.0145806
2.72 0.0120276
3.04 0.00851891
3.36 0.00511116
3.68 0.00318054
4 0.00182057
4.32 0.0008575
4.64 0.000470584
