# f(v_x, v_y, v_z), v_z = const
# nv_x = 30, nv_y = 30, nv_z = 30
# n = 0.993966 , T = 2.29393 , E = 6.84027 , vec_p = {-3.42719e-015 9.76517e-017 4.63714e-017}
-4.64 0.000211277
-4.32 0.000377387
-4 0.000647952
-3.68 0.00106918
-3.36 0.00168802
-3.04 0.00256183
-2.72 0.00372191
-2.4 0.00518642
-2.08 0.00692596
-1.76 0.00888018
-1.44 0.010883
-1.12 0.0128141
-0.8 0.0144386
-0.48 0.015646
-0.16 0.0162738
0.16 0.0162755
0.48 0.0156336
0.8 0.0144472
1.12 0.0128021
1.44 0.0108959
1.76 0.00887032
2.08 0.00694034
2.4 0.00518178
2.72 0.00372187
3.04 0.00256321
3.36 0.00168899
3.68 0.00106797
4 0.000648862
4.32 0.000377333
4.64 0.000211112
