# f(v_x, v_y, v_z), v_z = const
# nv_x = 30, nv_y = 30, nv_z = 30
# n = 0.993966 , T = 2.29393 , E = 6.84027 , vec_p = {1.46878e-015 5.2621e-017 2.92433e-017}
-4.64 0.000509075
-4.32 0.00100992
-4 0.00185061
-3.68 0.00385043
-3.36 0.00600706
-3.04 0.00913289
-2.72 0.0128415
-2.4 0.0156117
-2.08 0.0191476
-1.76 0.0200833
-1.44 0.0187383
-1.12 0.0171744
-0.8 0.0137866
-0.48 0.0117224
-0.16 0.0104767
0.16 0.0101364
0.48 0.0113853
0.8 0.014672
1.12 0.0171375
1.44 0.0190312
1.76 0.0194886
2.08 0.0197908
2.4 0.0165524
2.72 0.0138197
3.04 0.00984989
3.36 0.00590877
3.68 0.00376693
4 0.00210334
4.32 0.000952033
4.64 0.000507886
