# f(v_x, v_y, v_z), v_z = const
# nv_x = 30, nv_y = 30, nv_z = 30
# n = 0.993966 , T = 2.29393 , E = 6.84027 , vec_p = {-1.54662e-015 1.71809e-017 6.67644e-018}
-4.64 0.000730916
-4.32 0.00157201
-4 0.00283504
-3.68 0.00582563
-3.36 0.00920126
-3.04 0.013563
-2.72 0.0187931
-2.4 0.0220328
-2.08 0.026216
-1.76 0.0249244
-1.44 0.0220392
-1.12 0.0192673
-0.8 0.0144236
-0.48 0.011193
-0.16 0.00929054
0.16 0.008902
0.48 0.0108835
0.8 0.0150007
1.12 0.0193374
1.44 0.0231797
1.76 0.0245517
2.08 0.0254662
2.4 0.0231119
2.72 0.0195184
3.04 0.0141571
3.36 0.00886991
3.68 0.00580139
4 0.00321551
4.32 0.00157684
4.64 0.000719351
