# f(v_x, v_y, v_z), v_z = const
# nv_x = 30, nv_y = 30, nv_z = 30
# n = 0.993966 , T = 2.29393 , E = 6.84027 , vec_p = {-2.87372e-016 -3.37232e-017 3.82361e-019}
-4.64 0.000216658
-4.32 0.000386869
-4 0.000671225
-3.68 0.00112738
-3.36 0.00179947
-3.04 0.00275574
-2.72 0.00403517
-2.4 0.00561536
-2.08 0.00740138
-1.76 0.00947484
-1.44 0.0112489
-1.12 0.0130105
-0.8 0.0142921
-0.48 0.0152232
-0.16 0.0156713
0.16 0.015646
0.48 0.0152143
0.8 0.0143077
1.12 0.0129778
1.44 0.0113503
1.76 0.00936794
2.08 0.00746137
2.4 0.00552721
2.72 0.00401674
3.04 0.00277676
3.36 0.00179651
3.68 0.00112459
4 0.000678361
4.32 0.000386605
4.64 0.000220654
