# f(v_x, v_y, v_z), v_z = const
# nv_x = 30, nv_y = 30, nv_z = 30
# n = 0.993966 , T = 2.29393 , E = 6.84027 , vec_p = {-6.89629e-015 4.85301e-017 1.22471e-017}
-4.64 0.000827212
-4.32 0.0018449
-4 0.00333028
-3.68 0.00666818
-3.36 0.0101759
-3.04 0.0155164
-2.72 0.0218247
-2.4 0.0255067
-2.08 0.0283586
-1.76 0.0270507
-1.44 0.023893
-1.12 0.0202
-0.8 0.0150357
-0.48 0.0112076
-0.16 0.00884535
0.16 0.00871739
0.48 0.010941
0.8 0.0153054
1.12 0.0203872
1.44 0.0253824
1.76 0.0267969
2.08 0.027928
2.4 0.026131
2.72 0.021701
3.04 0.0158353
3.36 0.0106991
3.68 0.00663955
4 0.00363809
4.32 0.00182149
4.64 0.000811728
