# f(v_x, v_y, v_z), v_z = const
# nv_x = 30, nv_y = 30, nv_z = 30
# n = 0.993966 , T = 2.29393 , E = 6.84027 , vec_p = {4.07681e-015 -8.85763e-017 4.76685e-017}
-4.64 0.000404192
-4.32 0.000724061
-4 0.00140363
-3.68 0.00280934
-3.36 0.00439062
-3.04 0.00703769
-2.72 0.0101467
-2.4 0.0126091
-2.08 0.0151716
-1.76 0.017018
-1.44 0.016836
-1.12 0.0156854
-0.8 0.0138335
-0.48 0.0122888
-0.16 0.0116939
0.16 0.0112208
0.48 0.0122724
0.8 0.0143394
1.12 0.0157698
1.44 0.0168477
1.76 0.0161321
2.08 0.0155695
2.4 0.0126783
2.72 0.0102076
3.04 0.00742679
3.36 0.00439485
3.68 0.00261979
4 0.00156478
4.32 0.000743819
4.64 0.000415469
