# f(v_x, v_y, v_z), v_z = const
# nv_x = 30, nv_y = 30, nv_z = 30
# n = 0.993966 , T = 2.29393 , E = 6.84027 , vec_p = {-5.37389e-015 6.19806e-017 -5.63638e-018}
-4.64 0.000892292
-4.32 0.00194636
-4 0.00362994
-3.68 0.00705704
-3.36 0.0110025
-3.04 0.0169167
-2.72 0.022796
-2.4 0.0269801
-2.08 0.0292685
-1.76 0.0285941
-1.44 0.0255525
-1.12 0.0208794
-0.8 0.0154253
-0.48 0.0111263
-0.16 0.00873899
0.16 0.00878188
0.48 0.0111142
0.8 0.0154313
1.12 0.0208376
1.44 0.0258738
1.76 0.0289477
2.08 0.0295126
2.4 0.0270656
2.72 0.0222872
3.04 0.0162861
3.36 0.0113272
3.68 0.0070135
4 0.00395648
4.32 0.00196476
4.64 0.000881437
