# f(v_x, v_y, v_z), v_z = const
# nv_x = 30, nv_y = 30, nv_z = 30
# n = 0.993966 , T = 2.29393 , E = 6.84027 , vec_p = {4.63729e-015 1.19571e-016 2.68376e-017}
-4.64 0.000214294
-4.32 0.000383151
-4 0.000662001
-3.68 0.00110258
-3.36 0.00174991
-3.04 0.00267751
-2.72 0.00389846
-2.4 0.00542125
-2.08 0.00719453
-1.76 0.00922003
-1.44 0.0110924
-1.12 0.0129128
-0.8 0.0143347
-0.48 0.0153693
-0.16 0.0158986
0.16 0.0158839
0.48 0.0153517
0.8 0.0143449
1.12 0.0128897
1.44 0.0111625
1.76 0.00914896
2.08 0.00723561
2.4 0.00537772
2.72 0.00389678
3.04 0.00269051
3.36 0.00174419
3.68 0.00109713
4 0.00066352
4.32 0.00038132
4.64 0.000215942
