# f(v_x, v_y, v_z), v_z = const
# nv_x = 30, nv_y = 30, nv_z = 30
# n = 0.993966 , T = 2.29393 , E = 6.84027 , vec_p = {4.11361e-015 1.87688e-016 -3.60068e-018}
-4.64 0.000218696
-4.32 0.000389307
-4 0.000678877
-3.68 0.00114384
-3.36 0.00183188
-3.04 0.00280287
-2.72 0.00410646
-2.4 0.0057088
-2.08 0.00750066
-1.76 0.00960803
-1.44 0.0113264
-1.12 0.0130431
-0.8 0.0142657
-0.48 0.0151376
-0.16 0.0155711
0.16 0.015532
0.48 0.0151305
0.8 0.0142997
1.12 0.0130059
1.44 0.0114465
1.76 0.00947301
2.08 0.0075671
2.4 0.00561266
2.72 0.00408586
3.04 0.00282856
3.36 0.00182127
3.68 0.00113797
4 0.000685864
4.32 0.000389141
4.64 0.000223267
