# f(v_x, v_y, v_z), v_z = const
# nv_x = 30, nv_y = 30, nv_z = 30
# n = 0.993966 , T = 2.29393 , E = 6.84027 , vec_p = {-3.11381e-015 -8.74234e-018 4.77463e-017}
-4.64 0.000212057
-4.32 0.000378934
-4 0.000652422
-3.68 0.00107916
-3.36 0.00170531
-3.04 0.00259371
-2.72 0.00377079
-2.4 0.00525502
-2.08 0.0070029
-1.76 0.00898212
-1.44 0.0109442
-1.12 0.0128439
-0.8 0.0144007
-0.48 0.0155531
-0.16 0.0161467
0.16 0.0161454
0.48 0.0155339
0.8 0.0144075
1.12 0.0128273
1.44 0.0109725
1.76 0.00895581
2.08 0.00703206
2.4 0.00523924
2.72 0.00377111
3.04 0.00259747
3.36 0.00170516
3.68 0.00107587
4 0.00065251
4.32 0.000378422
4.64 0.00021206
