# f(v_x, v_y, v_z), v_z = const
# nv_x = 30, nv_y = 30, nv_z = 30
# n = 0.993966 , T = 2.29393 , E = 6.84027 , vec_p = {-3.74736e-015 8.62066e-018 3.40608e-017}
-4.64 0.000244841
-4.32 0.000435422
-4 0.000789296
-3.68 0.00137605
-3.36 0.00222649
-3.04 0.00344004
-2.72 0.00510862
-2.4 0.00711578
-2.08 0.00892133
-1.76 0.0112155
-1.44 0.0123315
-1.12 0.013638
-0.8 0.0139359
-0.48 0.0143908
-0.16 0.0145149
0.16 0.0143412
0.48 0.0143178
0.8 0.0141476
1.12 0.0135525
1.44 0.0126856
1.76 0.0108446
2.08 0.0090727
2.4 0.00679431
2.72 0.00513808
3.04 0.00364896
3.36 0.00221152
3.68 0.00137007
4 0.000808032
4.32 0.000436387
4.64 0.000254014
