# f(v_x, v_y, v_z), v_z = const
# nv_x = 30, nv_y = 30, nv_z = 30
# n = 0.993966 , T = 2.29393 , E = 6.84027 , vec_p = {1.99868e-015 2.39562e-016 2.79226e-017}
-4.64 0.000213509
-4.32 0.000381338
-4 0.000657595
-3.68 0.00109261
-3.36 0.00172845
-3.04 0.00263766
-2.72 0.00384141
-2.4 0.00534657
-2.08 0.00710375
-1.76 0.00911893
-1.44 0.0110201
-1.12 0.0128866
-0.8 0.0143554
-0.48 0.0154437
-0.16 0.0160034
0.16 0.0159894
0.48 0.01543
0.8 0.0143709
1.12 0.0128613
1.44 0.01107
1.76 0.00906388
2.08 0.00714662
2.4 0.00532301
2.72 0.00383724
3.04 0.00265085
3.36 0.001726
3.68 0.00108671
4 0.00065881
4.32 0.000379819
4.64 0.00021401
