# f(v_x, v_y, v_z), v_z = const
# nv_x = 30, nv_y = 30, nv_z = 30
# n = 0.993966 , T = 2.29393 , E = 6.84027 , vec_p = {-2.83504e-015 -3.37916e-017 2.62474e-017}
-4.64 0.00028183
-4.32 0.000493269
-4 0.000903651
-3.68 0.00166436
-3.36 0.0027255
-3.04 0.00425212
-2.72 0.00628008
-2.4 0.00839113
-2.08 0.0103893
-1.76 0.0126586
-1.44 0.0134081
-1.12 0.0140644
-0.8 0.0138676
-0.48 0.013804
-0.16 0.0136894
0.16 0.0133968
0.48 0.013749
0.8 0.0140992
1.12 0.0141607
1.44 0.0137238
1.76 0.0121949
2.08 0.0106603
2.4 0.00814994
2.72 0.00631538
3.04 0.00435448
3.36 0.00262215
3.68 0.00160859
4 0.00096158
4.32 0.00049897
4.64 0.000284075
