# f(v_x, v_y, v_z), v_z = const
# nv_x = 32, nv_y = 32, nv_z = 32
# n = 0.988996 , T = 2.26827 , E = 6.72994 , vec_p = {1.05763e-015 -3.84988e-017 -4.11783e-018}
-4.45625 0.000347145
-4.16875 0.000578907
-3.88125 0.000884472
-3.59375 0.00138644
-3.30625 0.00210854
-3.01875 0.00298968
-2.73125 0.00433865
-2.44375 0.00572455
-2.15625 0.00721023
-1.86875 0.0091682
-1.58125 0.0107479
-1.29375 0.0121759
-1.00625 0.0134454
-0.71875 0.0141
-0.43125 0.0148093
-0.14375 0.0150213
0.14375 0.0150404
0.43125 0.0147857
0.71875 0.0140801
1.00625 0.0132908
1.29375 0.0120583
1.58125 0.0107346
1.86875 0.00899083
2.15625 0.00737989
2.44375 0.00585938
2.73125 0.00426959
3.01875 0.0030256
3.30625 0.00212554
3.59375 0.00141231
3.88125 0.000885295
4.16875 0.000557695
4.45625 0.000349169
