# f(v_x, v_y, v_z), v_z = const
# nv_x = 32, nv_y = 32, nv_z = 32
# n = 0.988996 , T = 2.26827 , E = 6.72994 , vec_p = {1.78217e-015 -2.01745e-016 -7.28044e-018}
-4.45625 0.00043628
-4.16875 0.000777441
-3.88125 0.00107792
-3.59375 0.00175194
-3.30625 0.00288407
-3.01875 0.00394985
-2.73125 0.00597387
-2.44375 0.0077303
-2.15625 0.0092443
-1.86875 0.0115972
-1.58125 0.0127416
-1.29375 0.0135478
-1.00625 0.0140703
-0.71875 0.013557
-0.43125 0.013699
-0.14375 0.0135909
0.14375 0.0134526
0.43125 0.0136168
0.71875 0.0134025
1.00625 0.013491
1.29375 0.0131756
1.58125 0.0126058
1.86875 0.0106538
2.15625 0.00963142
2.44375 0.00788819
2.73125 0.00589845
3.01875 0.00412035
3.30625 0.00281444
3.59375 0.00186258
3.88125 0.00117472
4.16875 0.000687479
4.45625 0.00043466
