# f(v_x, v_y, v_z), v_z = const
# nv_x = 32, nv_y = 32, nv_z = 32
# n = 0.988996 , T = 2.26827 , E = 6.72994 , vec_p = {-1.13374e-015 -1.01069e-016 -2.6287e-017}
-4.45625 0.000507934
-4.16875 0.000901564
-3.88125 0.00125754
-3.59375 0.00217839
-3.30625 0.0035504
-3.01875 0.00489778
-2.73125 0.00737223
-2.44375 0.00955973
-2.15625 0.0110952
-1.86875 0.0135113
-1.58125 0.0142195
-1.29375 0.0146058
-1.00625 0.0148406
-0.71875 0.0132338
-0.43125 0.0130184
-0.14375 0.0127327
0.14375 0.0124145
0.43125 0.0128324
0.71875 0.0130512
1.00625 0.0136545
1.29375 0.0139892
1.58125 0.0141972
1.86875 0.0120817
2.15625 0.0111676
2.44375 0.00972168
2.73125 0.00730515
3.01875 0.00502464
3.30625 0.00349187
3.59375 0.0023483
3.88125 0.00145613
4.16875 0.000787009
4.45625 0.000518574
