# f(v_x, v_y, v_z), v_z = const
# nv_x = 32, nv_y = 32, nv_z = 32
# n = 0.988996 , T = 2.26827 , E = 6.72994 , vec_p = {-2.31171e-015 -1.62351e-016 -2.76799e-017}
-4.45625 0.000314869
-4.16875 0.000514976
-3.88125 0.000815085
-3.59375 0.0012488
-3.30625 0.00185097
-3.01875 0.00265541
-2.73125 0.00368668
-2.44375 0.00495276
-2.15625 0.00643773
-1.86875 0.00809944
-1.58125 0.00985689
-1.29375 0.0116098
-1.00625 0.0132331
-0.71875 0.0145931
-0.43125 0.0155804
-0.14375 0.0160951
0.14375 0.0160954
0.43125 0.0155787
0.71875 0.014594
1.00625 0.0132324
1.29375 0.0116092
1.58125 0.00985749
1.86875 0.00809862
2.15625 0.00643703
2.44375 0.00495282
2.73125 0.00368623
3.01875 0.00265556
3.30625 0.00185114
3.59375 0.0012486
3.88125 0.00081514
4.16875 0.000514882
4.45625 0.000314912
