# f(v_x, v_y, v_z), v_z = const
# nv_x = 32, nv_y = 32, nv_z = 32
# n = 0.988996 , T = 2.26827 , E = 6.72994 , vec_p = {-1.60771e-016 -9.23159e-017 -2.06449e-017}
-4.45625 0.000315198
-4.16875 0.000515473
-3.88125 0.000815877
-3.59375 0.00125061
-3.30625 0.00185348
-3.01875 0.00266018
-2.73125 0.00369513
-2.44375 0.00496361
-2.15625 0.00645048
-1.86875 0.00811639
-1.58125 0.00986693
-1.29375 0.0116159
-1.00625 0.0132314
-0.71875 0.0145754
-0.43125 0.0155587
-0.14375 0.0160632
0.14375 0.0160659
0.43125 0.0155545
0.71875 0.0145771
1.00625 0.0132303
1.29375 0.0116144
1.58125 0.00987207
1.86875 0.00811464
2.15625 0.00644876
2.44375 0.00496504
2.73125 0.00369213
3.01875 0.00266022
3.30625 0.00185393
3.59375 0.0012501
3.88125 0.000815795
4.16875 0.000515184
4.45625 0.0003153
