# f(v_x, v_y, v_z), v_z = const
# nv_x = 32, nv_y = 32, nv_z = 32
# n = 0.988996 , T = 2.26827 , E = 6.72994 , vec_p = {-8.59884e-016 -1.35476e-016 2.84409e-018}
-4.45625 0.000327865
-4.16875 0.000539253
-3.88125 0.000845073
-3.59375 0.00130166
-3.30625 0.00193334
-3.01875 0.00279073
-2.73125 0.00395399
-2.44375 0.0052707
-2.15625 0.00676514
-1.86875 0.0085414
-1.58125 0.0102005
-1.29375 0.0118437
-1.00625 0.0133193
-0.71875 0.0143345
-0.43125 0.0151873
-0.14375 0.0155546
0.14375 0.0155777
0.43125 0.015147
0.71875 0.0143128
1.00625 0.0132419
1.29375 0.0117933
1.58125 0.0102323
1.86875 0.00847162
2.15625 0.00681692
2.44375 0.00531718
2.73125 0.00390032
3.01875 0.00279893
3.30625 0.00195584
3.59375 0.00130513
3.88125 0.000842731
4.16875 0.000531119
4.45625 0.000327817
