# f(v_x, v_y, v_z), v_z = const
# nv_x = 32, nv_y = 32, nv_z = 32
# n = 0.988996 , T = 2.26827 , E = 6.72994 , vec_p = {4.63617e-015 7.20134e-017 -1.52391e-017}
-4.45625 0.000457142
-4.16875 0.00081608
-3.88125 0.00111906
-3.59375 0.00183558
-3.30625 0.00303655
-3.01875 0.00425805
-2.73125 0.00641566
-2.44375 0.00828526
-2.15625 0.00982958
-1.86875 0.0120813
-1.58125 0.0132606
-1.29375 0.0138357
-1.00625 0.0141703
-0.71875 0.0134057
-0.43125 0.013543
-0.14375 0.0133316
0.14375 0.0131106
0.43125 0.0134628
0.71875 0.0132471
1.00625 0.0135826
1.29375 0.0133943
1.58125 0.0129496
1.86875 0.0111482
2.15625 0.0100658
2.44375 0.00850372
2.73125 0.00635436
3.01875 0.00435391
3.30625 0.00298562
3.59375 0.00198484
3.88125 0.00123754
4.16875 0.000709818
4.45625 0.000456282
