# f(v_x, v_y, v_z), v_z = const
# nv_x = 32, nv_y = 32, nv_z = 32
# n = 0.988996 , T = 2.26827 , E = 6.72994 , vec_p = {-2.06793e-015 -7.31612e-017 -3.33803e-017}
-4.45625 0.000315786
-4.16875 0.000516446
-3.88125 0.00081675
-3.59375 0.001253
-3.30625 0.00185781
-3.01875 0.0026669
-2.73125 0.00370744
-2.44375 0.00497754
-2.15625 0.00646686
-1.86875 0.00814116
-1.58125 0.00988163
-1.29375 0.0116255
-1.00625 0.0132311
-0.71875 0.0145573
-0.43125 0.0155308
-0.14375 0.0160271
0.14375 0.0160282
0.43125 0.0155255
0.71875 0.0145549
1.00625 0.0132307
1.29375 0.0116205
1.58125 0.00989292
1.86875 0.008136
2.15625 0.00646729
2.44375 0.00498139
2.73125 0.00370131
3.01875 0.00266732
3.30625 0.00185713
3.59375 0.00125183
3.88125 0.000816668
4.16875 0.000515783
4.45625 0.000316003
