# f(v_x, v_y, v_z), v_z = const
# nv_x = 32, nv_y = 32, nv_z = 32
# n = 0.988996 , T = 2.26827 , E = 6.72994 , vec_p = {2.36242e-015 -2.16021e-016 -3.07398e-017}
-4.45625 0.000314965
-4.16875 0.000515141
-3.88125 0.000815337
-3.59375 0.00124935
-3.30625 0.00185167
-3.01875 0.00265706
-2.73125 0.00368971
-2.44375 0.00495683
-2.15625 0.00644231
-1.86875 0.00810502
-1.58125 0.00986035
-1.29375 0.0116113
-1.00625 0.0132327
-0.71875 0.0145867
-0.43125 0.0155725
-0.14375 0.0160829
0.14375 0.0160839
0.43125 0.0155696
0.71875 0.0145875
1.00625 0.013231
1.29375 0.0116109
1.58125 0.00986223
1.86875 0.00810414
2.15625 0.00644134
2.44375 0.00495664
2.73125 0.00368821
3.01875 0.00265715
3.30625 0.00185204
3.59375 0.00124902
3.88125 0.000815315
4.16875 0.000514979
4.45625 0.000315029
