# f(v_x, v_y, v_z), v_z = const
# nv_x = 32, nv_y = 32, nv_z = 32
# n = 0.988996 , T = 2.26827 , E = 6.72994 , vec_p = {6.94078e-016 1.05207e-016 3.25729e-018}
-4.45625 0.000422571
-4.16875 0.000750685
-3.88125 0.00104304
-3.59375 0.00169979
-3.30625 0.002732
-3.01875 0.00376992
-2.73125 0.00569297
-2.44375 0.0074205
-2.15625 0.00894943
-1.86875 0.0112588
-1.58125 0.0124494
-1.29375 0.0133629
-1.00625 0.014021
-0.71875 0.0136204
-0.43125 0.0138294
-0.14375 0.0137486
0.14375 0.0136422
0.43125 0.0137764
0.71875 0.013547
1.00625 0.0134465
1.29375 0.0130027
1.58125 0.0123428
1.86875 0.0104403
2.15625 0.00928912
2.44375 0.0075675
2.73125 0.0056456
3.01875 0.00396691
3.30625 0.00272541
3.59375 0.00179871
3.88125 0.00112025
4.16875 0.000669661
4.45625 0.000421188
