# f(v_x, v_y, v_z), v_z = const
# nv_x = 32, nv_y = 32, nv_z = 32
# n = 0.988996 , T = 2.26827 , E = 6.72994 , vec_p = {5.05888e-016 -1.57551e-018 -1.7327e-017}
-4.45625 0.000315645
-4.16875 0.000516204
-3.88125 0.000816603
-3.59375 0.00125232
-3.30625 0.00185671
-3.01875 0.00266507
-2.73125 0.00370334
-2.44375 0.00497365
-2.15625 0.00646296
-1.86875 0.00813308
-1.58125 0.00987758
-1.29375 0.0116227
-1.00625 0.0132314
-0.71875 0.0145614
-0.43125 0.0155377
-0.14375 0.016036
0.14375 0.0160378
0.43125 0.0155333
0.71875 0.0145609
1.00625 0.0132307
1.29375 0.0116191
1.58125 0.00988845
1.86875 0.00813022
2.15625 0.0064627
2.44375 0.00497738
2.73125 0.00369887
3.01875 0.00266549
3.30625 0.00185612
3.59375 0.00125135
3.88125 0.000816481
4.16875 0.000515541
4.45625 0.000315826
