# f(v_x, v_y, v_z), v_z = const
# nv_x = 32, nv_y = 32, nv_z = 32
# n = 0.988996 , T = 2.26827 , E = 6.72994 , vec_p = {2.06576e-016 -1.40425e-016 1.88275e-018}
-4.45625 0.000360681
-4.16875 0.000605514
-3.88125 0.000919421
-3.59375 0.00145399
-3.30625 0.00222732
-3.01875 0.00311721
-2.73125 0.00453936
-2.44375 0.00603023
-2.15625 0.00754694
-1.86875 0.00958543
-1.58125 0.011163
-1.29375 0.0124169
-1.00625 0.0135885
-0.71875 0.0139623
-0.43125 0.0146154
-0.14375 0.0146932
0.14375 0.0147228
0.43125 0.0145543
0.71875 0.0139634
1.00625 0.013322
1.29375 0.0122164
1.58125 0.0110505
1.86875 0.00929312
2.15625 0.00782007
2.44375 0.00625675
2.73125 0.0045623
3.01875 0.00321804
3.30625 0.00222756
3.59375 0.00148212
3.88125 0.000933182
4.16875 0.000578292
4.45625 0.000366553
