# f(v_x, v_y, v_z), v_z = const
# nv_x = 32, nv_y = 32, nv_z = 32
# n = 0.988996 , T = 2.26827 , E = 6.72994 , vec_p = {4.3593e-015 -2.1261e-017 -2.37936e-017}
-4.45625 0.000498991
-4.16875 0.000891419
-3.88125 0.00124742
-3.59375 0.00211284
-3.30625 0.00348214
-3.01875 0.00481572
-2.73125 0.00724567
-2.44375 0.00940359
-2.15625 0.0109285
-1.86875 0.0133879
-1.58125 0.0141536
-1.29375 0.014556
-1.00625 0.0147609
-0.71875 0.0132708
-0.43125 0.0130856
-0.14375 0.0128049
0.14375 0.0125323
0.43125 0.0129117
0.71875 0.0130675
1.00625 0.0136652
1.29375 0.0139787
1.58125 0.0140814
1.86875 0.0119489
2.15625 0.0110078
2.44375 0.00954261
2.73125 0.00716217
3.01875 0.00495861
3.30625 0.00342478
3.59375 0.00229197
3.88125 0.00141763
4.16875 0.000767233
4.45625 0.000503049
