# f(v_x, v_y, v_z), v_z = const
# nv_x = 32, nv_y = 32, nv_z = 32
# n = 0.988996 , T = 2.26827 , E = 6.72994 , vec_p = {-8.13229e-016 5.00761e-017 -2.54806e-017}
-4.45625 0.000515902
-4.16875 0.000924513
-3.88125 0.00127769
-3.59375 0.00223684
-3.30625 0.00362868
-3.01875 0.00502836
-2.73125 0.0077363
-2.44375 0.00988642
-2.15625 0.0114153
-1.86875 0.0137803
-1.58125 0.0144685
-1.29375 0.0146867
-1.00625 0.0148953
-0.71875 0.0132403
-0.43125 0.012805
-0.14375 0.0126207
0.14375 0.0122522
0.43125 0.0127345
0.71875 0.0129688
1.00625 0.0136348
1.29375 0.0140862
1.58125 0.014516
1.86875 0.0122698
2.15625 0.011494
2.44375 0.0099631
2.73125 0.00754286
3.01875 0.00516865
3.30625 0.00367005
3.59375 0.00246359
3.88125 0.00150018
4.16875 0.000830335
4.45625 0.000544821
