# f(v_x, v_y, v_z), v_z = const
# nv_x = 32, nv_y = 32, nv_z = 32
# n = 0.988996 , T = 2.26827 , E = 6.72994 , vec_p = {1.69612e-015 -8.26503e-017 -3.86824e-018}
-4.45625 0.000315228
-4.16875 0.000515499
-3.88125 0.000815944
-3.59375 0.00125077
-3.30625 0.00185364
-3.01875 0.00266034
-2.73125 0.00369564
-2.44375 0.00496434
-2.15625 0.00645152
-1.86875 0.00811789
-1.58125 0.00986723
-1.29375 0.0116161
-1.00625 0.0132313
-0.71875 0.0145747
-0.43125 0.0155577
-0.14375 0.0160617
0.14375 0.0160642
0.43125 0.0155531
0.71875 0.0145764
1.00625 0.0132304
1.29375 0.0116147
1.58125 0.00987297
1.86875 0.00811571
2.15625 0.00644964
2.44375 0.00496564
2.73125 0.00369246
3.01875 0.00266035
3.30625 0.00185403
3.59375 0.00125025
3.88125 0.000815828
4.16875 0.000515214
4.45625 0.00031534
