# f(v_x, v_y, v_z), v_z = const
# nv_x = 32, nv_y = 32, nv_z = 32
# n = 0.988996 , T = 2.26827 , E = 6.72994 , vec_p = {-1.44294e-015 4.76388e-018 -2.63083e-017}
-4.45625 0.000314869
-4.16875 0.000514971
-3.88125 0.000815077
-3.59375 0.00124879
-3.30625 0.00185096
-3.01875 0.00265539
-2.73125 0.00368661
-2.44375 0.00495271
-2.15625 0.00643761
-1.86875 0.0080993
-1.58125 0.00985676
-1.29375 0.0116097
-1.00625 0.0132331
-0.71875 0.0145933
-0.43125 0.0155806
-0.14375 0.0160953
0.14375 0.0160958
0.43125 0.0155789
0.71875 0.0145941
1.00625 0.0132324
1.29375 0.0116093
1.58125 0.00985744
1.86875 0.00809854
2.15625 0.00643696
2.44375 0.00495272
2.73125 0.00368621
3.01875 0.00265553
3.30625 0.00185111
3.59375 0.00124859
3.88125 0.00081512
4.16875 0.000514881
4.45625 0.000314909
