# f(v_x, v_y, v_z), v_z = const
# nv_x = 32, nv_y = 32, nv_z = 32
# n = 0.988996 , T = 2.26827 , E = 6.72994 , vec_p = {-1.63294e-015 -4.43358e-017 -3.03791e-017}
-4.45625 0.00120403
-4.16875 0.0022345
-3.88125 0.00355816
-3.59375 0.00646613
-3.30625 0.00975764
-3.01875 0.0121035
-2.73125 0.0177028
-2.44375 0.0225349
-2.15625 0.0230891
-1.86875 0.0256471
-1.58125 0.0231412
-1.29375 0.0216509
-1.00625 0.0182459
-0.71875 0.0136555
-0.43125 0.0107154
-0.14375 0.00910024
0.14375 0.0090533
0.43125 0.010857
0.71875 0.0135712
1.00625 0.0165157
1.29375 0.0208499
1.58125 0.0243298
1.86875 0.0235309
2.15625 0.0248132
2.44375 0.0219386
2.73125 0.0179886
3.01875 0.0142179
3.30625 0.0096019
3.59375 0.00569344
3.88125 0.00349634
4.16875 0.0019244
4.45625 0.00117586
