# f(v_x, v_y, v_z), v_z = const
# nv_x = 32, nv_y = 32, nv_z = 32
# n = 0.988996 , T = 2.26827 , E = 6.72994 , vec_p = {-1.04355e-015 -2.38708e-016 -3.94756e-017}
-4.45625 0.00031485
-4.16875 0.000514925
-3.88125 0.000815025
-3.59375 0.00124858
-3.30625 0.00185065
-3.01875 0.00265489
-2.73125 0.0036858
-2.44375 0.00495111
-2.15625 0.00643603
-1.86875 0.00809749
-1.58125 0.00985539
-1.29375 0.0116092
-1.00625 0.0132336
-0.71875 0.0145958
-0.43125 0.0155838
-0.14375 0.0160998
0.14375 0.0161004
0.43125 0.0155825
0.71875 0.0145963
1.00625 0.013233
1.29375 0.0116088
1.58125 0.00985597
1.86875 0.00809652
2.15625 0.00643574
2.44375 0.00495153
2.73125 0.00368547
3.01875 0.00265495
3.30625 0.00185082
3.59375 0.00124848
3.88125 0.000815013
4.16875 0.000514879
4.45625 0.000314867
