# f(v_x, v_y, v_z), v_z = const
# nv_x = 32, nv_y = 32, nv_z = 32
# n = 0.988996 , T = 2.26827 , E = 6.72994 , vec_p = {-2.30514e-015 -1.63091e-016 -6.68914e-018}
-4.45625 0.000390687
-4.16875 0.000678653
-3.88125 0.000989311
-3.59375 0.00158525
-3.30625 0.00249877
-3.01875 0.00351235
-2.73125 0.0052387
-2.44375 0.00684849
-2.15625 0.00821978
-1.86875 0.0106475
-1.58125 0.0119194
-1.29375 0.0129956
-1.00625 0.0139405
-0.71875 0.0137217
-0.43125 0.0141485
-0.14375 0.0141034
0.14375 0.014068
0.43125 0.0140324
0.71875 0.0137018
1.00625 0.0133885
1.29375 0.012607
1.58125 0.0117179
1.86875 0.00996061
2.15625 0.00867101
2.44375 0.00703202
2.73125 0.00518918
3.01875 0.00364703
3.30625 0.00248944
3.59375 0.00167305
3.88125 0.00103746
4.16875 0.000635489
4.45625 0.000404004
