# f(v_x, v_y, v_z), v_z = const
# nv_x = 32, nv_y = 32, nv_z = 32
# n = 0.988996 , T = 2.26827 , E = 6.72994 , vec_p = {-1.07499e-015 1.31403e-016 1.29599e-017}
-4.45625 0.000364225
-4.16875 0.000614295
-3.88125 0.000928582
-3.59375 0.00147278
-3.30625 0.00227157
-3.01875 0.00316984
-2.73125 0.00464235
-2.44375 0.00617429
-2.15625 0.00767089
-1.86875 0.0097466
-1.58125 0.0112555
-1.29375 0.0125137
-1.00625 0.0136599
-0.71875 0.0139137
-0.43125 0.0145352
-0.14375 0.0145829
0.14375 0.0145933
0.43125 0.014465
0.71875 0.0139248
1.00625 0.0133336
1.29375 0.0122918
1.58125 0.0111512
1.86875 0.00939233
2.15625 0.00795367
2.44375 0.00638392
2.73125 0.00466129
3.01875 0.00329391
3.30625 0.00226642
3.59375 0.00150671
3.88125 0.000947063
4.16875 0.000588286
4.45625 0.000372879
