# f(v_x, v_y, v_z), v_z = const
# nv_x = 32, nv_y = 32, nv_z = 32
# n = 0.988996 , T = 2.26827 , E = 6.72994 , vec_p = {-2.32133e-015 -1.30932e-016 -2.8535e-017}
-4.45625 0.000314853
-4.16875 0.000514943
-3.88125 0.000815047
-3.59375 0.00124862
-3.30625 0.00185075
-3.01875 0.002655
-2.73125 0.00368596
-2.44375 0.00495148
-2.15625 0.00643645
-1.86875 0.00809784
-1.58125 0.00985585
-1.29375 0.0116093
-1.00625 0.0132335
-0.71875 0.0145952
-0.43125 0.015583
-0.14375 0.0160987
0.14375 0.0160991
0.43125 0.0155817
0.71875 0.0145959
1.00625 0.0132328
1.29375 0.0116088
1.58125 0.00985631
1.86875 0.0080971
2.15625 0.00643603
2.44375 0.00495181
2.73125 0.00368559
3.01875 0.0026551
3.30625 0.00185088
3.59375 0.00124849
3.88125 0.000815056
4.16875 0.000514873
4.45625 0.000314873
