# f(v_x, v_y, v_z), v_z = const
# nv_x = 32, nv_y = 32, nv_z = 32
# n = 0.988996 , T = 2.26827 , E = 6.72994 , vec_p = {1.3846e-015 -4.81373e-017 -9.30618e-018}
-4.45625 0.000315566
-4.16875 0.000516136
-3.88125 0.000816499
-3.59375 0.00125216
-3.30625 0.00185597
-3.01875 0.00266431
-2.73125 0.00370216
-2.44375 0.00497254
-2.15625 0.00646107
-1.86875 0.00813062
-1.58125 0.00987631
-1.29375 0.0116217
-1.00625 0.0132309
-0.71875 0.0145634
-0.43125 0.0155407
-0.14375 0.01604
0.14375 0.0160421
0.43125 0.0155367
0.71875 0.014563
1.00625 0.0132309
1.29375 0.0116181
1.58125 0.00988614
1.86875 0.00812858
2.15625 0.00646087
2.44375 0.00497516
2.73125 0.00369812
3.01875 0.0026644
3.30625 0.00185569
3.59375 0.0012512
3.88125 0.000816411
4.16875 0.000515476
4.45625 0.00031574
