# f(v_x, v_y, v_z), v_z = const
# nv_x = 32, nv_y = 32, nv_z = 32
# n = 0.988996 , T = 2.26827 , E = 6.72994 , vec_p = {-3.21657e-015 -1.3776e-016 -3.19781e-017}
-4.45625 0.00031486
-4.16875 0.000514956
-3.88125 0.00081506
-3.59375 0.00124871
-3.30625 0.0018509
-3.01875 0.00265514
-2.73125 0.00368628
-2.44375 0.00495216
-2.15625 0.00643698
-1.86875 0.00809847
-1.58125 0.00985627
-1.29375 0.0116095
-1.00625 0.0132333
-0.71875 0.0145941
-0.43125 0.0155818
-0.14375 0.0160969
0.14375 0.0160975
0.43125 0.0155803
0.71875 0.014595
1.00625 0.0132326
1.29375 0.011609
1.58125 0.00985684
1.86875 0.00809779
2.15625 0.00643643
2.44375 0.0049522
2.73125 0.00368591
3.01875 0.00265529
3.30625 0.00185102
3.59375 0.00124855
3.88125 0.000815084
4.16875 0.000514874
4.45625 0.00031489
