# f(v_x, v_y, v_z), v_z = const
# nv_x = 32, nv_y = 32, nv_z = 32
# n = 0.988996 , T = 2.26827 , E = 6.72994 , vec_p = {-5.05353e-016 -8.61917e-017 -2.51398e-018}
-4.45625 0.000325363
-4.16875 0.000534284
-3.88125 0.000839331
-3.59375 0.00129137
-3.30625 0.00191821
-3.01875 0.00276346
-2.73125 0.00391088
-2.44375 0.00522101
-2.15625 0.00670823
-1.86875 0.0084646
-1.58125 0.0101372
-1.29375 0.0117979
-1.00625 0.0132983
-0.71875 0.0143624
-0.43125 0.0152535
-0.14375 0.0156305
0.14375 0.0156445
0.43125 0.0152099
0.71875 0.0143481
1.00625 0.0132407
1.29375 0.0117653
1.58125 0.0101822
1.86875 0.00840242
2.15625 0.00673808
2.44375 0.00525199
2.73125 0.00385133
3.01875 0.00277269
3.30625 0.00193553
3.59375 0.0012947
3.88125 0.00083752
4.16875 0.000528462
4.45625 0.000325208
