# f(v_x, v_y, v_z), v_z = const
# nv_x = 32, nv_y = 32, nv_z = 32
# n = 0.988996 , T = 2.26827 , E = 6.72994 , vec_p = {1.98696e-015 4.09632e-017 -1.11458e-017}
-4.45625 0.00137726
-4.16875 0.00269363
-3.88125 0.00440956
-3.59375 0.00753269
-3.30625 0.0117205
-3.01875 0.0143753
-2.73125 0.0213369
-2.44375 0.0248896
-2.15625 0.0266862
-1.86875 0.0278714
-1.58125 0.0253121
-1.29375 0.0240223
-1.00625 0.0189358
-0.71875 0.0138423
-0.43125 0.01068
-0.14375 0.00875732
0.14375 0.00885282
0.43125 0.010461
0.71875 0.0140483
1.00625 0.0178206
1.29375 0.0223246
1.58125 0.0266536
1.86875 0.0264725
2.15625 0.0276148
2.44375 0.0253281
2.73125 0.0213065
3.01875 0.0158041
3.30625 0.0115304
3.59375 0.00698445
3.88125 0.00437573
4.16875 0.00229972
4.45625 0.00142165
