# f(v_x, v_y, v_z), v_z = const
# nv_x = 32, nv_y = 32, nv_z = 32
# n = 0.988996 , T = 2.26827 , E = 6.72994 , vec_p = {-1.74179e-016 -4.73335e-017 -2.30516e-017}
-4.45625 0.000500519
-4.16875 0.000891547
-3.88125 0.00124984
-3.59375 0.00213088
-3.30625 0.00348648
-3.01875 0.00484331
-2.73125 0.00729141
-2.44375 0.00943356
-2.15625 0.0109344
-1.86875 0.0134475
-1.58125 0.0141737
-1.29375 0.0145431
-1.00625 0.0147764
-0.71875 0.0132776
-0.43125 0.013067
-0.14375 0.0127963
0.14375 0.0124988
0.43125 0.0128965
0.71875 0.013064
1.00625 0.0136757
1.29375 0.0139915
1.58125 0.0141209
1.86875 0.0120392
2.15625 0.0110265
2.44375 0.00960129
2.73125 0.00718025
3.01875 0.00496162
3.30625 0.00344151
3.59375 0.00229813
3.88125 0.00142117
4.16875 0.000770162
4.45625 0.000508344
