# f(v_x, v_y, v_z), v_z = const
# nv_x = 32, nv_y = 32, nv_z = 32
# n = 0.988996 , T = 2.26827 , E = 6.72994 , vec_p = {-8.87622e-016 5.40877e-017 -3.04055e-018}
-4.45625 0.000323553
-4.16875 0.000530873
-3.88125 0.000834821
-3.59375 0.00128308
-3.30625 0.00191092
-3.01875 0.00274626
-2.73125 0.00386663
-2.44375 0.0051728
-2.15625 0.00666739
-1.86875 0.00841624
-1.58125 0.0100998
-1.29375 0.011769
-1.00625 0.0132814
-0.71875 0.0143898
-0.43125 0.0152937
-0.14375 0.0156871
0.14375 0.015708
0.43125 0.0152538
0.71875 0.0143766
1.00625 0.0132359
1.29375 0.0117452
1.58125 0.0101268
1.86875 0.00836317
2.15625 0.00668415
2.44375 0.00521237
2.73125 0.00382246
3.01875 0.00275355
3.30625 0.00192052
3.59375 0.00128621
3.88125 0.00083373
4.16875 0.000525991
4.45625 0.00032291
