# f(v_x, v_y, v_z), v_z = const
# nv_x = 32, nv_y = 32, nv_z = 32
# n = 0.988996 , T = 2.26827 , E = 6.72994 , vec_p = {1.90779e-015 -2.62619e-017 -3.17217e-017}
-4.45625 0.000314875
-4.16875 0.000515005
-3.88125 0.000815133
-3.59375 0.00124894
-3.30625 0.00185108
-3.01875 0.00265569
-2.73125 0.00368752
-2.44375 0.00495397
-2.15625 0.006439
-1.86875 0.0081009
-1.58125 0.0098578
-1.29375 0.0116102
-1.00625 0.0132328
-0.71875 0.0145915
-0.43125 0.0155783
-0.14375 0.0160916
0.14375 0.0160926
0.43125 0.0155762
0.71875 0.0145922
1.00625 0.013232
1.29375 0.0116097
1.58125 0.0098587
1.86875 0.00809987
2.15625 0.00643798
2.44375 0.00495371
2.73125 0.00368668
3.01875 0.00265584
3.30625 0.00185135
3.59375 0.00124872
3.88125 0.000815187
4.16875 0.000514915
4.45625 0.000314943
