# f(v_x, v_y, v_z), v_z = const
# nv_x = 32, nv_y = 32, nv_z = 32
# n = 0.988996 , T = 2.26827 , E = 6.72994 , vec_p = {1.34606e-015 -1.8845e-016 1.0749e-017}
-4.45625 0.000372311
-4.16875 0.00063454
-3.88125 0.000948945
-3.59375 0.00151125
-3.30625 0.00233442
-3.01875 0.00327285
-2.73125 0.00479879
-2.44375 0.00640863
-2.15625 0.00780464
-1.86875 0.0100389
-1.58125 0.0114557
-1.29375 0.0126299
-1.00625 0.0137342
-0.71875 0.0138696
-0.43125 0.014439
-0.14375 0.014455
0.14375 0.0144224
0.43125 0.014343
0.71875 0.0138472
1.00625 0.0133425
1.29375 0.0123546
1.58125 0.0113246
1.86875 0.00954002
2.15625 0.0081967
2.44375 0.00659343
2.73125 0.00480345
3.01875 0.00339105
3.30625 0.00232737
3.59375 0.00155677
3.88125 0.000972623
4.16875 0.000603183
4.45625 0.00038194
