# f(v_x, v_y, v_z), v_z = const
# nv_x = 32, nv_y = 32, nv_z = 32
# n = 0.988996 , T = 2.26827 , E = 6.72994 , vec_p = {3.78983e-015 -2.1607e-016 -3.7655e-018}
-4.45625 0.00032086
-4.16875 0.000526365
-3.88125 0.000828408
-3.59375 0.00127364
-3.30625 0.00189194
-3.01875 0.00271801
-2.73125 0.0038126
-2.44375 0.00510466
-2.15625 0.00660733
-1.86875 0.00832212
-1.58125 0.0100347
-1.29375 0.0117326
-1.00625 0.013262
-0.71875 0.0144259
-0.43125 0.0153573
-0.14375 0.0157819
0.14375 0.0157975
0.43125 0.0153331
0.71875 0.014423
1.00625 0.0132211
1.29375 0.0116982
1.58125 0.010064
1.86875 0.00829317
2.15625 0.00661784
2.44375 0.00513933
2.73125 0.00378398
3.01875 0.0027214
3.30625 0.00190264
3.59375 0.00127547
3.88125 0.000827355
4.16875 0.000523155
4.45625 0.000321075
