# f(v_x, v_y, v_z), v_z = const
# nv_x = 32, nv_y = 32, nv_z = 32
# n = 0.988996 , T = 2.26827 , E = 6.72994 , vec_p = {-2.67019e-016 2.86631e-017 -3.07816e-017}
-4.45625 0.000315083
-4.16875 0.000515337
-3.88125 0.000815655
-3.59375 0.0012503
-3.30625 0.001853
-3.01875 0.00265905
-2.73125 0.00369334
-2.44375 0.00496209
-2.15625 0.00644803
-1.86875 0.0081127
-1.58125 0.00986579
-1.29375 0.0116145
-1.00625 0.0132315
-0.71875 0.0145786
-0.43125 0.0155631
-0.14375 0.0160696
0.14375 0.0160705
0.43125 0.0155588
0.71875 0.0145804
1.00625 0.0132297
1.29375 0.0116136
1.58125 0.00986841
1.86875 0.008111
2.15625 0.00644648
2.44375 0.00496236
2.73125 0.00369116
3.01875 0.00265933
3.30625 0.00185351
3.59375 0.00124986
3.88125 0.000815571
4.16875 0.000515137
4.45625 0.00031522
