# f(v_x, v_y, v_z), v_z = const
# nv_x = 32, nv_y = 32, nv_z = 32
# n = 0.988996 , T = 2.26827 , E = 6.72994 , vec_p = {3.68527e-016 -6.6742e-017 -3.12444e-017}
-4.45625 0.000318403
-4.16875 0.000521085
-3.88125 0.000822845
-3.59375 0.00126528
-3.30625 0.00187744
-3.01875 0.00269671
-2.73125 0.00376564
-2.44375 0.00504375
-2.15625 0.00653969
-1.86875 0.00824481
-1.58125 0.00996167
-1.29375 0.0116838
-1.00625 0.013239
-0.71875 0.0144777
-0.43125 0.0154278
-0.14375 0.0158785
0.14375 0.0158878
0.43125 0.0154121
0.71875 0.0144782
1.00625 0.0132249
1.29375 0.0116619
1.58125 0.00999339
1.86875 0.00821949
2.15625 0.00654292
2.44375 0.00507347
2.73125 0.00374666
3.01875 0.00269854
3.30625 0.00188166
3.59375 0.0012656
3.88125 0.000822111
4.16875 0.000519865
4.45625 0.000319066
