# f(v_x, v_y, v_z), v_z = const
# nv_x = 32, nv_y = 32, nv_z = 32
# n = 0.988996 , T = 2.26827 , E = 6.72994 , vec_p = {1.59157e-015 -2.90818e-017 -1.88649e-017}
-4.45625 0.000319404
-4.16875 0.000523332
-3.88125 0.000825583
-3.59375 0.00126896
-3.30625 0.00188451
-3.01875 0.00270863
-2.73125 0.00379086
-2.44375 0.00507945
-2.15625 0.00657435
-1.86875 0.00828245
-1.58125 0.00999377
-1.29375 0.0117043
-1.00625 0.0132528
-0.71875 0.0144498
-0.43125 0.0153897
-0.14375 0.0158268
0.14375 0.0158433
0.43125 0.0153688
0.71875 0.0144496
1.00625 0.0132247
1.29375 0.0116764
1.58125 0.0100268
1.86875 0.00825988
2.15625 0.00658191
2.44375 0.00510532
2.73125 0.00376631
3.01875 0.00271024
3.30625 0.00189341
3.59375 0.00127094
3.88125 0.000824738
4.16875 0.000521308
4.45625 0.000320424
