# f(v_x, v_y, v_z), v_z = const
# nv_x = 32, nv_y = 32, nv_z = 32
# n = 0.988996 , T = 2.26827 , E = 6.72994 , vec_p = {-8.91337e-016 -9.50431e-017 3.9188e-018}
-4.45625 0.00032647
-4.16875 0.000536805
-3.88125 0.000842051
-3.59375 0.00129644
-3.30625 0.0019267
-3.01875 0.00277509
-2.73125 0.00393084
-2.44375 0.00524218
-2.15625 0.00673582
-1.86875 0.00850403
-1.58125 0.0101758
-1.29375 0.0118141
-1.00625 0.0133158
-0.71875 0.0143507
-0.43125 0.0152244
-0.14375 0.0155997
0.14375 0.0156113
0.43125 0.0151771
0.71875 0.0143386
1.00625 0.0132364
1.29375 0.0117811
1.58125 0.0102039
1.86875 0.00843668
2.15625 0.00677564
2.44375 0.00528266
2.73125 0.00387941
3.01875 0.00278715
3.30625 0.00194823
3.59375 0.00130017
3.88125 0.000839697
4.16875 0.000529596
4.45625 0.000326761
