# f(v_x, v_y, v_z), v_z = const
# nv_x = 32, nv_y = 32, nv_z = 32
# n = 0.988996 , T = 2.26827 , E = 6.72994 , vec_p = {4.16115e-015 -1.69697e-016 -3.61607e-018}
-4.45625 0.000440139
-4.16875 0.000798774
-3.88125 0.00109613
-3.59375 0.0017801
-3.30625 0.00294621
-3.01875 0.00410742
-2.73125 0.00614364
-2.44375 0.00795198
-2.15625 0.0093755
-1.86875 0.0117876
-1.58125 0.0130095
-1.29375 0.0136195
-1.00625 0.0141286
-0.71875 0.0134813
-0.43125 0.0136381
-0.14375 0.0134777
0.14375 0.0133196
0.43125 0.0135574
0.71875 0.0133607
1.00625 0.0134957
1.29375 0.0132623
1.58125 0.0127466
1.86875 0.0108679
2.15625 0.00979918
2.44375 0.00809212
2.73125 0.0060299
3.01875 0.00420746
3.30625 0.00288243
3.59375 0.0018982
3.88125 0.00120088
4.16875 0.000700014
4.45625 0.000448952
