# f(v_x, v_y, v_z), v_z = const
# nv_x = 32, nv_y = 32, nv_z = 32
# n = 0.988996 , T = 2.26827 , E = 6.72994 , vec_p = {-7.4013e-016 -1.39098e-016 -4.03712e-017}
-4.45625 0.000314865
-4.16875 0.000514958
-3.88125 0.000815044
-3.59375 0.00124868
-3.30625 0.00185082
-3.01875 0.00265507
-2.73125 0.00368615
-2.44375 0.00495182
-2.15625 0.00643671
-1.86875 0.00809817
-1.58125 0.00985612
-1.29375 0.0116095
-1.00625 0.0132334
-0.71875 0.0145946
-0.43125 0.0155823
-0.14375 0.0160976
0.14375 0.0160982
0.43125 0.0155811
0.71875 0.0145954
1.00625 0.0132327
1.29375 0.0116089
1.58125 0.00985666
1.86875 0.00809747
2.15625 0.00643634
2.44375 0.00495199
2.73125 0.00368578
3.01875 0.00265521
3.30625 0.00185095
3.59375 0.00124853
3.88125 0.00081508
4.16875 0.000514869
4.45625 0.000314883
