# f(v_x, v_y, v_z), v_z = const
# nv_x = 32, nv_y = 32, nv_z = 32
# n = 0.988996 , T = 2.26827 , E = 6.72994 , vec_p = {-4.37833e-015 -2.62728e-016 -2.66374e-017}
-4.45625 0.000314944
-4.16875 0.000515148
-3.88125 0.000815334
-3.59375 0.0012493
-3.30625 0.00185156
-3.01875 0.00265685
-2.73125 0.00368952
-2.44375 0.00495639
-2.15625 0.00644183
-1.86875 0.00810427
-1.58125 0.00985983
-1.29375 0.011611
-1.00625 0.0132326
-0.71875 0.0145877
-0.43125 0.0155733
-0.14375 0.0160843
0.14375 0.0160854
0.43125 0.0155704
0.71875 0.0145883
1.00625 0.0132313
1.29375 0.0116108
1.58125 0.00986177
1.86875 0.00810347
2.15625 0.00644073
2.44375 0.00495613
2.73125 0.00368805
3.01875 0.00265699
3.30625 0.00185193
3.59375 0.00124898
3.88125 0.000815313
4.16875 0.000514969
4.45625 0.00031502
