# f(v_x, v_y, v_z), v_z = const
# nv_x = 32, nv_y = 32, nv_z = 32
# n = 0.988996 , T = 2.26827 , E = 6.72994 , vec_p = {1.48399e-015 -2.24564e-017 -1.40288e-017}
-4.45625 0.00076304
-4.16875 0.00148677
-3.88125 0.00210164
-3.59375 0.00410803
-3.30625 0.00651244
-3.01875 0.00827292
-2.73125 0.0122102
-2.44375 0.0153206
-2.15625 0.0175506
-1.86875 0.0192301
-1.58125 0.0188193
-1.29375 0.018767
-1.00625 0.0161771
-0.71875 0.0132891
-0.43125 0.0111466
-0.14375 0.0103734
0.14375 0.0103454
0.43125 0.0111709
0.71875 0.0129394
1.00625 0.0150087
1.29375 0.0171866
1.58125 0.0194261
1.86875 0.0175979
2.15625 0.0184013
2.44375 0.0158643
2.73125 0.0117082
3.01875 0.00856792
3.30625 0.00604713
3.59375 0.00403902
3.88125 0.00241903
4.16875 0.00128459
4.45625 0.000863728
