# f(v_x, v_y, v_z), v_z = const
# nv_x = 32, nv_y = 32, nv_z = 32
# n = 0.988996 , T = 2.26827 , E = 6.72994 , vec_p = {-3.29144e-015 2.28473e-016 -1.61003e-017}
-4.45625 0.00051292
-4.16875 0.000907687
-3.88125 0.00126322
-3.59375 0.00222264
-3.30625 0.00359446
-3.01875 0.00496789
-2.73125 0.00762144
-2.44375 0.00974678
-2.15625 0.0112783
-1.86875 0.0136595
-1.58125 0.0143856
-1.29375 0.0146718
-1.00625 0.0148523
-0.71875 0.0132
-0.43125 0.012902
-0.14375 0.0126454
0.14375 0.0123
0.43125 0.0127717
0.71875 0.0130126
1.00625 0.0136586
1.29375 0.0140465
1.58125 0.0143463
1.86875 0.0121516
2.15625 0.0113585
2.44375 0.00983366
2.73125 0.00743357
3.01875 0.00514561
3.30625 0.00363308
3.59375 0.00242218
3.88125 0.00148294
4.16875 0.000804386
4.45625 0.000532118
