# f(v_x, v_y, v_z), v_z = const
# nv_x = 32, nv_y = 32, nv_z = 32
# n = 0.988996 , T = 2.26827 , E = 6.72994 , vec_p = {3.57798e-015 -1.52256e-017 -7.97351e-018}
-4.45625 0.000483231
-4.16875 0.000857749
-3.88125 0.00119088
-3.59375 0.00196763
-3.30625 0.00327784
-3.01875 0.00455263
-2.73125 0.00683679
-2.44375 0.00888267
-2.15625 0.0104217
-1.86875 0.0127811
-1.58125 0.0136908
-1.29375 0.0141584
-1.00625 0.014448
-0.71875 0.0132938
-0.43125 0.0132499
-0.14375 0.0130271
0.14375 0.0127584
0.43125 0.0131442
0.71875 0.0132244
1.00625 0.0136337
1.29375 0.0137029
1.58125 0.0134982
1.86875 0.011555
2.15625 0.010584
2.44375 0.00898219
2.73125 0.00684372
3.01875 0.00463807
3.30625 0.00323241
3.59375 0.00214448
3.88125 0.00133271
4.16875 0.000732346
4.45625 0.000477238
