# f(v_x, v_y, v_z), v_z = const
# nv_x = 32, nv_y = 32, nv_z = 32
# n = 0.988996 , T = 2.26827 , E = 6.72994 , vec_p = {-2.72455e-015 -1.02252e-016 -2.2813e-017}
-4.45625 0.000314965
-4.16875 0.000515154
-3.88125 0.000815355
-3.59375 0.00124944
-3.30625 0.00185187
-3.01875 0.00265731
-2.73125 0.00369005
-2.44375 0.00495749
-2.15625 0.00644263
-1.86875 0.00810556
-1.58125 0.00986079
-1.29375 0.0116116
-1.00625 0.0132329
-0.71875 0.0145858
-0.43125 0.0155717
-0.14375 0.0160818
0.14375 0.0160827
0.43125 0.0155685
0.71875 0.0145869
1.00625 0.0132311
1.29375 0.0116112
1.58125 0.00986256
1.86875 0.00810473
2.15625 0.00644181
2.44375 0.00495704
2.73125 0.00368843
3.01875 0.00265733
3.30625 0.00185218
3.59375 0.00124908
3.88125 0.000815358
4.16875 0.000514993
4.45625 0.00031505
