# f(v_x, v_y, v_z), v_z = const
# nv_x = 32, nv_y = 32, nv_z = 32
# n = 0.988996 , T = 2.26827 , E = 6.72994 , vec_p = {-4.26703e-015 1.15219e-017 1.21899e-017}
-4.45625 0.000329421
-4.16875 0.000541364
-3.88125 0.000848547
-3.59375 0.00130652
-3.30625 0.00194673
-3.01875 0.00281304
-2.73125 0.00398689
-2.44375 0.0053037
-2.15625 0.00681737
-1.86875 0.00859045
-1.58125 0.0102523
-1.29375 0.0118793
-1.00625 0.0133242
-0.71875 0.0143096
-0.43125 0.0151516
-0.14375 0.0155051
0.14375 0.0155291
0.43125 0.0151138
0.71875 0.0142976
1.00625 0.0132467
1.29375 0.0118223
1.58125 0.0102749
1.86875 0.00851545
2.15625 0.00686597
2.44375 0.00537728
2.73125 0.00393391
3.01875 0.00282158
3.30625 0.00196825
3.59375 0.00131378
3.88125 0.000846044
4.16875 0.000534209
4.45625 0.00032953
