# f(v_x, v_y, v_z), v_z = const
# nv_x = 32, nv_y = 32, nv_z = 32
# n = 0.988996 , T = 2.26827 , E = 6.72994 , vec_p = {6.70746e-016 -2.50162e-017 9.5284e-018}
-4.45625 0.00037289
-4.16875 0.000636116
-3.88125 0.000951055
-3.59375 0.00151373
-3.30625 0.00233752
-3.01875 0.0032805
-2.73125 0.00482945
-2.44375 0.00642253
-2.15625 0.00781248
-1.86875 0.0100667
-1.58125 0.0114596
-1.29375 0.0126435
-1.00625 0.0137421
-0.71875 0.0138706
-0.43125 0.014428
-0.14375 0.0144354
0.14375 0.0144085
0.43125 0.0143309
0.71875 0.0138342
1.00625 0.01334
1.29375 0.0123715
1.58125 0.0113447
1.86875 0.00955608
2.15625 0.00821934
2.44375 0.00660168
2.73125 0.00481151
3.01875 0.00339518
3.30625 0.00233802
3.59375 0.00155699
3.88125 0.000977286
4.16875 0.00060406
4.45625 0.000382115
