# f(v_x, v_y, v_z), v_z = const
# nv_x = 32, nv_y = 32, nv_z = 32
# n = 0.988996 , T = 2.26827 , E = 6.72994 , vec_p = {-1.0083e-015 1.63826e-016 -5.90332e-018}
-4.45625 0.000320543
-4.16875 0.000525737
-3.88125 0.000827963
-3.59375 0.00127302
-3.30625 0.00189172
-3.01875 0.00271659
-2.73125 0.00380776
-2.44375 0.00510023
-2.15625 0.00660151
-1.86875 0.0083119
-1.58125 0.0100262
-1.29375 0.0117248
-1.00625 0.0132579
-0.71875 0.0144288
-0.43125 0.0153642
-0.14375 0.0157887
0.14375 0.0158073
0.43125 0.0153423
0.71875 0.0144289
1.00625 0.0132234
1.29375 0.0116958
1.58125 0.0100543
1.86875 0.00828777
2.15625 0.00661362
2.44375 0.00513438
2.73125 0.00378025
3.01875 0.00271719
3.30625 0.00190082
3.59375 0.00127456
3.88125 0.000826776
4.16875 0.00052257
4.45625 0.000320925
