# f(v_x, v_y, v_z), v_z = const
# nv_x = 32, nv_y = 32, nv_z = 32
# n = 0.988996 , T = 2.26827 , E = 6.72994 , vec_p = {-4.80819e-016 -2.31172e-016 -9.25079e-018}
-4.45625 0.000315287
-4.16875 0.0005156
-3.88125 0.000816039
-3.59375 0.00125108
-3.30625 0.00185382
-3.01875 0.00266068
-2.73125 0.00369663
-2.44375 0.00496529
-2.15625 0.00645287
-1.86875 0.00811962
-1.58125 0.00986836
-1.29375 0.0116173
-1.00625 0.0132318
-0.71875 0.0145729
-0.43125 0.0155556
-0.14375 0.0160586
0.14375 0.0160612
0.43125 0.015551
0.71875 0.0145751
1.00625 0.0132303
1.29375 0.0116153
1.58125 0.00987399
1.86875 0.00811856
2.15625 0.00645139
2.44375 0.00496728
2.73125 0.00369318
3.01875 0.00266087
3.30625 0.00185441
3.59375 0.00125029
3.88125 0.00081591
4.16875 0.000515305
4.45625 0.000315412
