# f(v_x, v_y, v_z), v_z = const
# nv_x = 32, nv_y = 32, nv_z = 32
# n = 0.988996 , T = 2.26827 , E = 6.72994 , vec_p = {-4.81948e-016 -1.08387e-016 -1.50833e-017}
-4.45625 0.000510242
-4.16875 0.00090614
-3.88125 0.00126338
-3.59375 0.00220895
-3.30625 0.00357561
-3.01875 0.00492707
-2.73125 0.00759047
-2.44375 0.00969586
-2.15625 0.0112334
-1.86875 0.0136105
-1.58125 0.0142761
-1.29375 0.0146693
-1.00625 0.0148581
-0.71875 0.0131976
-0.43125 0.0129158
-0.14375 0.0126528
0.14375 0.0123613
0.43125 0.012801
0.71875 0.0130353
1.00625 0.0136742
1.29375 0.0140438
1.58125 0.0143292
1.86875 0.0121468
2.15625 0.0112514
2.44375 0.00980617
2.73125 0.00741678
3.01875 0.00508529
3.30625 0.00360211
3.59375 0.00240628
3.88125 0.00146477
4.16875 0.000798399
4.45625 0.000525833
