# f(v_x, v_y, v_z), v_z = const
# nv_x = 32, nv_y = 32, nv_z = 32
# n = 0.988996 , T = 2.26827 , E = 6.72994 , vec_p = {2.10601e-015 6.25836e-017 -2.2801e-017}
-4.45625 0.000524107
-4.16875 0.000928098
-3.88125 0.00128088
-3.59375 0.00225184
-3.30625 0.00370472
-3.01875 0.00512839
-2.73125 0.00786099
-2.44375 0.00998205
-2.15625 0.0115584
-1.86875 0.0138893
-1.58125 0.014627
-1.29375 0.0147027
-1.00625 0.0149721
-0.71875 0.0132523
-0.43125 0.0127448
-0.14375 0.0125538
0.14375 0.0121771
0.43125 0.0126585
0.71875 0.012944
1.00625 0.0136734
1.29375 0.0142223
1.58125 0.01461
1.86875 0.0123872
2.15625 0.0116679
2.44375 0.0100638
2.73125 0.00771198
3.01875 0.00531681
3.30625 0.0036898
3.59375 0.00249721
3.88125 0.00151959
4.16875 0.000833219
4.45625 0.000552191
