# f(v_x, v_y, v_z), v_z = const
# nv_x = 32, nv_y = 32, nv_z = 32
# n = 0.988996 , T = 2.26827 , E = 6.72994 , vec_p = {2.02493e-015 5.21837e-017 -3.65793e-018}
-4.45625 0.000447641
-4.16875 0.000807767
-3.88125 0.00110424
-3.59375 0.00179415
-3.30625 0.00297964
-3.01875 0.00415978
-2.73125 0.00624275
-2.44375 0.00804859
-2.15625 0.00947918
-1.86875 0.0119101
-1.58125 0.0130978
-1.29375 0.0137384
-1.00625 0.0141526
-0.71875 0.013451
-0.43125 0.0135875
-0.14375 0.0134275
0.14375 0.0132257
0.43125 0.0135172
0.71875 0.0133054
1.00625 0.0135551
1.29375 0.0133721
1.58125 0.0128309
1.86875 0.0110189
2.15625 0.00990273
2.44375 0.0082899
2.73125 0.00617536
3.01875 0.00425481
3.30625 0.00291347
3.59375 0.00193107
3.88125 0.00121046
4.16875 0.000700726
4.45625 0.000451232
