# f(v_x, v_y, v_z), v_z = const
# nv_x = 32, nv_y = 32, nv_z = 32
# n = 0.988996 , T = 2.26827 , E = 6.72994 , vec_p = {-2.37699e-016 -1.19492e-016 -3.37433e-017}
-4.45625 0.00031883
-4.16875 0.000522225
-3.88125 0.000823984
-3.59375 0.00126609
-3.30625 0.0018802
-3.01875 0.00270217
-2.73125 0.00377544
-2.44375 0.00505993
-2.15625 0.0065533
-1.86875 0.0082604
-1.58125 0.00997571
-1.29375 0.0116873
-1.00625 0.013243
-0.71875 0.0144644
-0.43125 0.0154122
-0.14375 0.015857
0.14375 0.015868
0.43125 0.015397
0.71875 0.0144666
1.00625 0.0132252
1.29375 0.0116666
1.58125 0.0100068
1.86875 0.0082435
2.15625 0.00656247
2.44375 0.0050881
2.73125 0.00375474
3.01875 0.00270173
3.30625 0.00188658
3.59375 0.00126775
3.88125 0.000823067
4.16875 0.000520351
4.45625 0.000319578
