# f(v_x, v_y, v_z), v_z = const
# nv_x = 32, nv_y = 32, nv_z = 32
# n = 0.988996 , T = 2.26827 , E = 6.72994 , vec_p = {4.15805e-016 5.85978e-017 1.70594e-018}
-4.45625 0.000356094
-4.16875 0.000592797
-3.88125 0.000904723
-3.59375 0.0014195
-3.30625 0.00216681
-3.01875 0.00305969
-2.73125 0.00443403
-2.44375 0.00586594
-2.15625 0.00739783
-1.86875 0.00940848
-1.58125 0.0109802
-1.29375 0.012301
-1.00625 0.0135082
-0.71875 0.0140393
-0.43125 0.01471
-0.14375 0.0148578
0.14375 0.0148766
0.43125 0.0146351
0.71875 0.0140176
1.00625 0.0133272
1.29375 0.0121416
1.58125 0.0109086
1.86875 0.0091555
2.15625 0.00762207
2.44375 0.00606567
2.73125 0.00441674
3.01875 0.00313149
3.30625 0.00218563
3.59375 0.0014492
3.88125 0.000908604
4.16875 0.00056883
4.45625 0.000358018
