# f(v_x, v_y, v_z), v_z = const
# nv_x = 32, nv_y = 32, nv_z = 32
# n = 0.988996 , T = 2.26827 , E = 6.72994 , vec_p = {-2.41956e-016 -3.62895e-018 -2.88702e-017}
-4.45625 0.000314853
-4.16875 0.00051494
-3.88125 0.000815046
-3.59375 0.0012486
-3.30625 0.00185071
-3.01875 0.00265496
-2.73125 0.00368593
-2.44375 0.00495139
-2.15625 0.00643636
-1.86875 0.00809774
-1.58125 0.00985576
-1.29375 0.0116092
-1.00625 0.0132335
-0.71875 0.0145952
-0.43125 0.0155832
-0.14375 0.016099
0.14375 0.0160994
0.43125 0.015582
0.71875 0.014596
1.00625 0.0132329
1.29375 0.0116088
1.58125 0.00985615
1.86875 0.00809695
2.15625 0.00643601
2.44375 0.00495173
2.73125 0.00368557
3.01875 0.00265505
3.30625 0.00185086
3.59375 0.00124848
3.88125 0.000815035
4.16875 0.000514871
4.45625 0.00031487
