# f(v_x, v_y, v_z), v_z = const
# nv_x = 32, nv_y = 32, nv_z = 32
# n = 0.988996 , T = 2.26827 , E = 6.72994 , vec_p = {-5.27699e-015 -1.1767e-016 -1.94272e-017}
-4.45625 0.000315375
-4.16875 0.000515828
-3.88125 0.000816225
-3.59375 0.00125163
-3.30625 0.00185478
-3.01875 0.00266208
-2.73125 0.00369892
-2.44375 0.00496779
-2.15625 0.00645629
-1.86875 0.00812362
-1.58125 0.00987076
-1.29375 0.0116181
-1.00625 0.013231
-0.71875 0.0145689
-0.43125 0.0155498
-0.14375 0.0160509
0.14375 0.0160538
0.43125 0.0155448
0.71875 0.0145699
1.00625 0.0132303
1.29375 0.011617
1.58125 0.00987875
1.86875 0.0081222
2.15625 0.00645539
2.44375 0.00497047
2.73125 0.00369489
3.01875 0.00266198
3.30625 0.00185488
3.59375 0.00125068
3.88125 0.000816071
4.16875 0.000515316
4.45625 0.000315566
