# f(v_x, v_y, v_z), v_z = const
# nv_x = 32, nv_y = 32, nv_z = 32
# n = 0.988996 , T = 2.26827 , E = 6.72994 , vec_p = {-4.55787e-015 -9.23507e-017 -3.29919e-017}
-4.45625 0.000315679
-4.16875 0.000516222
-3.88125 0.000816622
-3.59375 0.00125243
-3.30625 0.0018568
-3.01875 0.00266536
-2.73125 0.003704
-2.44375 0.00497432
-2.15625 0.00646388
-1.86875 0.00813411
-1.58125 0.00987804
-1.29375 0.0116231
-1.00625 0.0132317
-0.71875 0.0145609
-0.43125 0.0155366
-0.14375 0.0160348
0.14375 0.0160361
0.43125 0.0155322
0.71875 0.0145596
1.00625 0.0132304
1.29375 0.0116193
1.58125 0.00988938
1.86875 0.00813127
2.15625 0.00646314
2.44375 0.00497779
2.73125 0.00369915
3.01875 0.00266585
3.30625 0.00185632
3.59375 0.00125148
3.88125 0.000816544
4.16875 0.000515647
4.45625 0.000315861
