# f(v_x, v_y, v_z), v_z = const
# nv_x = 32, nv_y = 32, nv_z = 32
# n = 0.988996 , T = 2.26827 , E = 6.72994 , vec_p = {-2.96377e-015 -1.38858e-016 5.68883e-018}
-4.45625 0.000333819
-4.16875 0.000547368
-3.88125 0.000857326
-3.59375 0.00132733
-3.30625 0.00198335
-3.01875 0.00284486
-2.73125 0.00407693
-2.44375 0.0053887
-2.15625 0.00690508
-1.86875 0.00871043
-1.58125 0.0103856
-1.29375 0.0119523
-1.00625 0.0133593
-0.71875 0.014257
-0.43125 0.0150567
-0.14375 0.0153755
0.14375 0.0154094
0.43125 0.015031
0.71875 0.0142259
1.00625 0.0132508
1.29375 0.0118757
1.58125 0.010398
1.86875 0.008632
2.15625 0.00698727
2.44375 0.00548396
2.73125 0.00400659
3.01875 0.0028723
3.30625 0.00199669
3.59375 0.00133167
3.88125 0.000854646
4.16875 0.000541044
4.45625 0.00033338
