# f(v_x, v_y, v_z), v_z = const
# nv_x = 32, nv_y = 32, nv_z = 32
# n = 0.988996 , T = 2.26827 , E = 6.72994 , vec_p = {2.70163e-015 -2.11863e-017 4.34778e-018}
-4.45625 0.00145619
-4.16875 0.00289837
-3.88125 0.00497762
-3.59375 0.00835762
-3.30625 0.0129863
-3.01875 0.0177186
-2.73125 0.0234295
-2.44375 0.0280185
-2.15625 0.0301042
-1.86875 0.0300577
-1.58125 0.0278649
-1.29375 0.0244988
-1.00625 0.0192208
-0.71875 0.0141216
-0.43125 0.0107264
-0.14375 0.00858455
0.14375 0.00868629
0.43125 0.0106139
0.71875 0.0143054
1.00625 0.0191631
1.29375 0.024058
1.58125 0.0277309
1.86875 0.029578
2.15625 0.030143
2.44375 0.026959
2.73125 0.0229946
3.01875 0.0183565
3.30625 0.012801
3.59375 0.00862059
3.88125 0.00523329
4.16875 0.00285557
4.45625 0.00149571
