# f(v_x, v_y, v_z), v_z = const
# nv_x = 32, nv_y = 32, nv_z = 32
# n = 0.988996 , T = 2.26827 , E = 6.72994 , vec_p = {-3.92739e-015 -7.95496e-017 -3.60167e-017}
-4.45625 0.000315813
-4.16875 0.000516546
-3.88125 0.000816925
-3.59375 0.00125338
-3.30625 0.00185826
-3.01875 0.00266727
-2.73125 0.0037082
-2.44375 0.00497795
-2.15625 0.00646742
-1.86875 0.0081424
-1.58125 0.00988251
-1.29375 0.0116259
-1.00625 0.0132312
-0.71875 0.0145566
-0.43125 0.0155295
-0.14375 0.0160253
0.14375 0.0160272
0.43125 0.0155242
0.71875 0.0145536
1.00625 0.0132309
1.29375 0.0116211
1.58125 0.00989416
1.86875 0.00813708
2.15625 0.00646817
2.44375 0.00498252
2.73125 0.00370162
3.01875 0.00266781
3.30625 0.00185729
3.59375 0.001252
3.88125 0.000816763
4.16875 0.000515851
4.45625 0.000316025
