# f(v_x, v_y, v_z), v_z = const
# nv_x = 32, nv_y = 32, nv_z = 32
# n = 0.988996 , T = 2.26827 , E = 6.72994 , vec_p = {1.31184e-015 -1.69888e-016 -4.64198e-017}
-4.45625 0.000317787
-4.16875 0.000520102
-3.88125 0.000821237
-3.59375 0.00126232
-3.30625 0.00187296
-3.01875 0.00268991
-2.73125 0.00374926
-2.44375 0.00503026
-2.15625 0.0065197
-1.86875 0.00821636
-1.58125 0.00993834
-1.29375 0.0116635
-1.00625 0.0132357
-0.71875 0.0144946
-0.43125 0.015454
-0.14375 0.0159164
0.14375 0.0159224
0.43125 0.0154409
0.71875 0.0144971
1.00625 0.0132268
1.29375 0.0116535
1.58125 0.00996513
1.86875 0.00819953
2.15625 0.00652774
2.44375 0.00504987
2.73125 0.00373374
3.01875 0.00268976
3.30625 0.00187456
3.59375 0.00126153
3.88125 0.000821227
4.16875 0.000518726
4.45625 0.000318222
