# f(v_x, v_y, v_z), v_z = const
# nv_x = 32, nv_y = 32, nv_z = 32
# n = 0.988996 , T = 2.26827 , E = 6.72994 , vec_p = {-7.01622e-016 -8.1004e-018 -2.69807e-017}
-4.45625 0.000314985
-4.16875 0.000515194
-3.88125 0.00081541
-3.59375 0.00124967
-3.30625 0.00185213
-3.01875 0.00265765
-2.73125 0.00369081
-2.44375 0.00495845
-2.15625 0.00644358
-1.86875 0.00810701
-1.58125 0.00986169
-1.29375 0.0116121
-1.00625 0.0132328
-0.71875 0.0145842
-0.43125 0.0155696
-0.14375 0.0160789
0.14375 0.0160794
0.43125 0.0155659
0.71875 0.0145855
1.00625 0.0132311
1.29375 0.0116118
1.58125 0.00986351
1.86875 0.00810587
2.15625 0.00644295
2.44375 0.00495827
2.73125 0.00368897
3.01875 0.00265796
3.30625 0.00185254
3.59375 0.00124932
3.88125 0.000815419
4.16875 0.000515009
4.45625 0.000315084
