# f(v_x, v_y, v_z), v_z = const
# nv_x = 32, nv_y = 32, nv_z = 32
# n = 0.988996 , T = 2.26827 , E = 6.72994 , vec_p = {-5.51521e-015 -1.46825e-016 2.19386e-018}
-4.45625 0.00033401
-4.16875 0.0005485
-3.88125 0.000857754
-3.59375 0.00132793
-3.30625 0.00198734
-3.01875 0.00284821
-2.73125 0.00408243
-2.44375 0.0053997
-2.15625 0.00691957
-1.86875 0.00871364
-1.58125 0.0103958
-1.29375 0.0119519
-1.00625 0.0133592
-0.71875 0.0142497
-0.43125 0.0150496
-0.14375 0.0153683
0.14375 0.0153921
0.43125 0.0150246
0.71875 0.0142186
1.00625 0.0132509
1.29375 0.0118799
1.58125 0.010404
1.86875 0.00863916
2.15625 0.0069998
2.44375 0.00549472
2.73125 0.00401201
3.01875 0.00287669
3.30625 0.00200231
3.59375 0.00133544
3.88125 0.000855296
4.16875 0.000541968
4.45625 0.000333595
