# f(v_x, v_y, v_z), v_z = const
# nv_x = 32, nv_y = 32, nv_z = 32
# n = 0.988996 , T = 2.26827 , E = 6.72994 , vec_p = {-4.13192e-016 -2.49661e-016 2.17164e-018}
-4.45625 0.000351459
-4.16875 0.000585076
-3.88125 0.000894776
-3.59375 0.00139995
-3.30625 0.00213312
-3.01875 0.00301966
-2.73125 0.00439193
-2.44375 0.00579473
-2.15625 0.00729538
-1.86875 0.00928039
-1.58125 0.0108486
-1.29375 0.0122247
-1.00625 0.013474
-0.71875 0.0140687
-0.43125 0.0147597
-0.14375 0.014935
0.14375 0.0149717
0.43125 0.014711
0.71875 0.0140612
1.00625 0.0133089
1.29375 0.0120891
1.58125 0.0108265
1.86875 0.00905713
2.15625 0.0075331
2.44375 0.00597481
2.73125 0.00435148
3.01875 0.00307525
3.30625 0.00216226
3.59375 0.00143098
3.88125 0.00089145
4.16875 0.000562555
4.45625 0.000351869
