# f(v_x, v_y, v_z), v_z = const
# nv_x = 32, nv_y = 32, nv_z = 32
# n = 0.988996 , T = 2.26827 , E = 6.72994 , vec_p = {2.12543e-015 -5.64065e-017 -2.59453e-017}
-4.45625 0.000315027
-4.16875 0.000515251
-3.88125 0.000815471
-3.59375 0.00124987
-3.30625 0.0018525
-3.01875 0.00265824
-2.73125 0.00369163
-2.44375 0.00495988
-2.15625 0.00644533
-1.86875 0.00810927
-1.58125 0.00986264
-1.29375 0.0116127
-1.00625 0.0132322
-0.71875 0.0145826
-0.43125 0.0155672
-0.14375 0.0160757
0.14375 0.0160763
0.43125 0.015564
0.71875 0.0145838
1.00625 0.0132305
1.29375 0.0116124
1.58125 0.00986491
1.86875 0.0081072
2.15625 0.00644418
2.44375 0.0049597
2.73125 0.00368968
3.01875 0.00265848
3.30625 0.00185289
3.59375 0.00124946
3.88125 0.000815444
4.16875 0.000515032
4.45625 0.000315133
