# f(v_x, v_y, v_z), v_z = const
# nv_x = 32, nv_y = 32, nv_z = 32
# n = 0.988996 , T = 2.26827 , E = 6.72994 , vec_p = {6.35356e-018 -5.28664e-017 -5.12523e-018}
-4.45625 0.000385647
-4.16875 0.000661312
-3.88125 0.000981777
-3.59375 0.00157109
-3.30625 0.00247351
-3.01875 0.00347103
-2.73125 0.00512093
-2.44375 0.00670713
-2.15625 0.00813396
-1.86875 0.0104787
-1.58125 0.0118147
-1.29375 0.012932
-1.00625 0.0138864
-0.71875 0.013735
-0.43125 0.0142302
-0.14375 0.014204
0.14375 0.0141559
0.43125 0.0141168
0.71875 0.0137241
1.00625 0.0133853
1.29375 0.0125926
1.58125 0.0116264
1.86875 0.00983238
2.15625 0.00856599
2.44375 0.00692353
2.73125 0.00510072
3.01875 0.00357372
3.30625 0.00244775
3.59375 0.00164681
3.88125 0.00101443
4.16875 0.000627327
4.45625 0.000398711
