# f(v_x, v_y, v_z), v_z = const
# nv_x = 32, nv_y = 32, nv_z = 32
# n = 0.988996 , T = 2.26827 , E = 6.72994 , vec_p = {-8.72792e-016 -2.76197e-018 9.06915e-019}
-4.45625 0.00138769
-4.16875 0.00282426
-3.88125 0.00473063
-3.59375 0.00785281
-3.30625 0.0126115
-3.01875 0.0165306
-2.73125 0.0227349
-2.44375 0.0263809
-2.15625 0.0282113
-1.86875 0.0293163
-1.58125 0.0261299
-1.29375 0.0242674
-1.00625 0.0188769
-0.71875 0.0139553
-0.43125 0.0107415
-0.14375 0.00862503
0.14375 0.00880447
0.43125 0.0105374
0.71875 0.0144313
1.00625 0.018502
1.29375 0.0232536
1.58125 0.0273286
1.86875 0.0273214
2.15625 0.0287048
2.44375 0.0261089
2.73125 0.0224286
3.01875 0.0172641
3.30625 0.0124388
3.59375 0.00828176
3.88125 0.00483209
4.16875 0.00271309
4.45625 0.00147169
