# f(v_x, v_y, v_z), v_z = const
# nv_x = 32, nv_y = 32, nv_z = 32
# n = 0.988996 , T = 2.26827 , E = 6.72994 , vec_p = {-1.13828e-017 -1.34399e-016 2.30915e-018}
-4.45625 0.00061756
-4.16875 0.00114808
-3.88125 0.00158696
-3.59375 0.00281568
-3.30625 0.00478728
-3.01875 0.00648023
-2.73125 0.00941305
-2.44375 0.0119712
-2.15625 0.0138597
-1.86875 0.0158749
-1.58125 0.0163649
-1.29375 0.0161917
-1.00625 0.0154522
-0.71875 0.0130894
-0.43125 0.0120578
-0.14375 0.0116085
0.14375 0.0112555
0.43125 0.0120401
0.71875 0.012944
1.00625 0.0144956
1.29375 0.0153537
1.58125 0.0164856
1.86875 0.0141531
2.15625 0.0144183
2.44375 0.0125331
2.73125 0.00918807
3.01875 0.00654641
3.30625 0.00448498
3.59375 0.00311553
3.88125 0.00186995
4.16875 0.00099969
4.45625 0.00066444
