# f(v_x, v_y, v_z), v_z = const
# nv_x = 32, nv_y = 32, nv_z = 32
# n = 0.988996 , T = 2.26827 , E = 6.72994 , vec_p = {6.12152e-016 1.14121e-016 -2.76438e-017}
-4.45625 0.000315772
-4.16875 0.000516413
-3.88125 0.000816683
-3.59375 0.0012529
-3.30625 0.00185761
-3.01875 0.00266641
-2.73125 0.00370702
-2.44375 0.00497652
-2.15625 0.00646574
-1.86875 0.00813954
-1.58125 0.00988079
-1.29375 0.0116254
-1.00625 0.0132311
-0.71875 0.0145585
-0.43125 0.0155324
-0.14375 0.016029
0.14375 0.0160299
0.43125 0.0155266
0.71875 0.0145558
1.00625 0.0132304
1.29375 0.01162
1.58125 0.00989209
1.86875 0.0081347
2.15625 0.00646594
2.44375 0.00498038
2.73125 0.00370079
3.01875 0.00266702
3.30625 0.00185696
3.59375 0.00125174
3.88125 0.000816692
4.16875 0.000515747
4.45625 0.000315962
