# f(v_x, v_y, v_z), v_z = const
# nv_x = 32, nv_y = 32, nv_z = 32
# n = 0.988996 , T = 2.26827 , E = 6.72994 , vec_p = {-2.72601e-015 -2.33626e-016 -3.35153e-017}
-4.45625 0.000316301
-4.16875 0.000517402
-3.88125 0.000817943
-3.59375 0.00125588
-3.30625 0.00186267
-3.01875 0.0026741
-2.73125 0.00372258
-2.44375 0.00499597
-2.15625 0.00648342
-1.86875 0.00816563
-1.58125 0.00990248
-1.29375 0.0116392
-1.00625 0.0132316
-0.71875 0.0145383
-0.43125 0.0155085
-0.14375 0.0159899
0.14375 0.0159902
0.43125 0.0154981
0.71875 0.0145358
1.00625 0.0132313
1.29375 0.0116338
1.58125 0.00992014
1.86875 0.00815905
2.15625 0.00648728
2.44375 0.00500317
2.73125 0.00371093
3.01875 0.00267382
3.30625 0.00186245
3.59375 0.0012553
3.88125 0.00081817
4.16875 0.000516739
4.45625 0.000316881
