# f(v_x, v_y, v_z), v_z = const
# nv_x = 32, nv_y = 32, nv_z = 32
# n = 0.988996 , T = 2.26827 , E = 6.72994 , vec_p = {1.76125e-015 -3.29207e-017 -1.80996e-019}
-4.45625 0.000352472
-4.16875 0.000585236
-3.88125 0.000895312
-3.59375 0.00139986
-3.30625 0.0021352
-3.01875 0.00302045
-2.73125 0.00439318
-2.44375 0.00579958
-2.15625 0.00729877
-1.86875 0.0092888
-1.58125 0.0108586
-1.29375 0.0122279
-1.00625 0.0134809
-0.71875 0.0140656
-0.43125 0.0147507
-0.14375 0.0149272
0.14375 0.0149652
0.43125 0.0147035
0.71875 0.0140608
1.00625 0.0133075
1.29375 0.012095
1.58125 0.0108294
1.86875 0.00906889
2.15625 0.00753935
2.44375 0.00598864
2.73125 0.00435426
3.01875 0.00307719
3.30625 0.00216284
3.59375 0.00143425
3.88125 0.000893173
4.16875 0.000563279
4.45625 0.000352601
