# f(v_x, v_y, v_z), v_z = const
# nv_x = 32, nv_y = 32, nv_z = 32
# n = 0.988996 , T = 2.26827 , E = 6.72994 , vec_p = {-1.26191e-015 -1.63301e-016 7.9281e-018}
-4.45625 0.000364448
-4.16875 0.000615866
-3.88125 0.000932822
-3.59375 0.00147627
-3.30625 0.00228049
-3.01875 0.00317118
-2.73125 0.00464893
-2.44375 0.00619276
-2.15625 0.0076727
-1.86875 0.00975707
-1.58125 0.011264
-1.29375 0.0125242
-1.00625 0.0136582
-0.71875 0.0139067
-0.43125 0.0145283
-0.14375 0.0145737
0.14375 0.0145743
0.43125 0.0144546
0.71875 0.0139207
1.00625 0.0133353
1.29375 0.0123048
1.58125 0.0111676
1.86875 0.0093994
2.15625 0.00795538
2.44375 0.00638701
2.73125 0.00466367
3.01875 0.0033046
3.30625 0.00226818
3.59375 0.00151056
3.88125 0.000950334
4.16875 0.000590497
4.45625 0.000373301
