# f(v_x, v_y, v_z), v_z = const
# nv_x = 32, nv_y = 32, nv_z = 32
# n = 0.988996 , T = 2.26827 , E = 6.72994 , vec_p = {2.25523e-016 -3.06748e-016 -2.68368e-017}
-4.45625 0.000315704
-4.16875 0.000516223
-3.88125 0.00081662
-3.59375 0.00125243
-3.30625 0.00185695
-3.01875 0.00266557
-2.73125 0.00370451
-2.44375 0.00497444
-2.15625 0.00646398
-1.86875 0.00813422
-1.58125 0.00987838
-1.29375 0.0116232
-1.00625 0.0132319
-0.71875 0.0145606
-0.43125 0.0155363
-0.14375 0.0160345
0.14375 0.0160357
0.43125 0.0155315
0.71875 0.0145593
1.00625 0.0132307
1.29375 0.0116196
1.58125 0.00988973
1.86875 0.00813166
2.15625 0.00646329
2.44375 0.00497787
2.73125 0.0036993
3.01875 0.00266596
3.30625 0.00185639
3.59375 0.00125151
3.88125 0.000816542
4.16875 0.00051564
4.45625 0.000315861
