# f(v_x, v_y, v_z), v_z = const
# nv_x = 32, nv_y = 32, nv_z = 32
# n = 0.988996 , T = 2.26827 , E = 6.72994 , vec_p = {-1.24022e-015 -9.68995e-017 -2.7515e-017}
-4.45625 0.000315042
-4.16875 0.000515258
-3.88125 0.000815476
-3.59375 0.00124991
-3.30625 0.0018525
-3.01875 0.00265826
-2.73125 0.00369178
-2.44375 0.00495997
-2.15625 0.00644556
-1.86875 0.00810957
-1.58125 0.00986276
-1.29375 0.0116128
-1.00625 0.0132322
-0.71875 0.0145825
-0.43125 0.0155671
-0.14375 0.0160754
0.14375 0.0160761
0.43125 0.0155638
0.71875 0.0145837
1.00625 0.0132305
1.29375 0.0116124
1.58125 0.0098652
1.86875 0.00810732
2.15625 0.00644422
2.44375 0.00495978
2.73125 0.00368968
3.01875 0.00265853
3.30625 0.00185294
3.59375 0.0012495
3.88125 0.000815453
4.16875 0.000515031
4.45625 0.000315135
