# f(v_x, v_y, v_z), v_z = const
# nv_x = 32, nv_y = 32, nv_z = 32
# n = 0.988996 , T = 2.26827 , E = 6.72994 , vec_p = {-5.00756e-015 -1.30236e-016 -2.54983e-017}
-4.45625 0.000315845
-4.16875 0.00051665
-3.88125 0.000816949
-3.59375 0.00125347
-3.30625 0.00185852
-3.01875 0.00266756
-2.73125 0.00370906
-2.44375 0.00497884
-2.15625 0.00646825
-1.86875 0.00814336
-1.58125 0.00988375
-1.29375 0.0116259
-1.00625 0.0132308
-0.71875 0.0145544
-0.43125 0.0155282
-0.14375 0.0160228
0.14375 0.0160244
0.43125 0.0155223
0.71875 0.0145522
1.00625 0.0132307
1.29375 0.0116219
1.58125 0.00989529
1.86875 0.00813842
2.15625 0.0064691
2.44375 0.00498374
2.73125 0.00370227
3.01875 0.00266818
3.30625 0.00185762
3.59375 0.00125213
3.88125 0.00081682
4.16875 0.000515921
4.45625 0.000316076
