# f(v_x, v_y, v_z), v_z = const
# nv_x = 32, nv_y = 32, nv_z = 32
# n = 0.988996 , T = 2.26827 , E = 6.72994 , vec_p = {3.00372e-015 1.47617e-016 6.14776e-018}
-4.45625 0.000329854
-4.16875 0.000542196
-3.88125 0.000848978
-3.59375 0.00130858
-3.30625 0.00195284
-3.01875 0.00281614
-2.73125 0.00399345
-2.44375 0.0053153
-2.15625 0.00682476
-1.86875 0.00860248
-1.58125 0.0102696
-1.29375 0.0118828
-1.00625 0.0133221
-0.71875 0.0142983
-0.43125 0.0151407
-0.14375 0.0154964
0.14375 0.015519
0.43125 0.015108
0.71875 0.0142828
1.00625 0.0132557
1.29375 0.0118286
1.58125 0.0102864
1.86875 0.00852745
2.15625 0.00688076
2.44375 0.0053863
2.73125 0.00393946
3.01875 0.00282465
3.30625 0.00197258
3.59375 0.00131566
3.88125 0.000846659
4.16875 0.000534593
4.45625 0.000330046
