# f(v_x, v_y, v_z), v_z = const
# nv_x = 32, nv_y = 32, nv_z = 32
# n = 0.988996 , T = 2.26827 , E = 6.72994 , vec_p = {1.22094e-015 -1.52445e-016 -3.43066e-017}
-4.45625 0.000316911
-4.16875 0.000518202
-3.88125 0.000819077
-3.59375 0.00125784
-3.30625 0.00186634
-3.01875 0.00267869
-2.73125 0.0037319
-2.44375 0.00500576
-2.15625 0.00649597
-1.86875 0.0081845
-1.58125 0.00991447
-1.29375 0.0116448
-1.00625 0.0132313
-0.71875 0.0145259
-0.43125 0.0154908
-0.14375 0.0159655
0.14375 0.015968
0.43125 0.0154791
0.71875 0.0145215
1.00625 0.0132312
1.29375 0.0116354
1.58125 0.00993507
1.86875 0.00817217
2.15625 0.0065004
2.44375 0.00501798
2.73125 0.00371909
3.01875 0.00267904
3.30625 0.0018663
3.59375 0.00125798
3.88125 0.000819462
4.16875 0.000517452
4.45625 0.000317354
