# f(v_x, v_y, v_z), v_z = const
# nv_x = 32, nv_y = 32, nv_z = 32
# n = 0.988996 , T = 2.26827 , E = 6.72994 , vec_p = {4.82314e-016 4.34727e-017 -1.27335e-017}
-4.45625 0.000449636
-4.16875 0.000809393
-3.88125 0.00111207
-3.59375 0.00181236
-3.30625 0.00299983
-3.01875 0.00418352
-2.73125 0.00628263
-2.44375 0.00817951
-2.15625 0.00955096
-1.86875 0.0119771
-1.58125 0.0131558
-1.29375 0.013767
-1.00625 0.0141805
-0.71875 0.0134446
-0.43125 0.0135713
-0.14375 0.0134203
0.14375 0.0131827
0.43125 0.0135163
0.71875 0.0133082
1.00625 0.0135408
1.29375 0.0133942
1.58125 0.0128642
1.86875 0.0110817
2.15625 0.00998187
2.44375 0.00837623
2.73125 0.00625504
3.01875 0.0042936
3.30625 0.00292957
3.59375 0.00195436
3.88125 0.0012159
4.16875 0.000702884
4.45625 0.00045281
