# f(v_x, v_y, v_z), v_z = const
# nv_x = 32, nv_y = 32, nv_z = 32
# n = 0.988996 , T = 2.26827 , E = 6.72994 , vec_p = {-3.05942e-015 -6.7122e-017 -1.98652e-017}
-4.45625 0.000830101
-4.16875 0.00156189
-3.88125 0.00228158
-3.59375 0.00451907
-3.30625 0.0067944
-3.01875 0.00901202
-2.73125 0.0127665
-2.44375 0.0155918
-2.15625 0.0182078
-1.86875 0.0198868
-1.58125 0.0192066
-1.29375 0.0190978
-1.00625 0.0164402
-0.71875 0.0132965
-0.43125 0.0109106
-0.14375 0.0101024
0.14375 0.0101587
0.43125 0.011069
0.71875 0.0129172
1.00625 0.0151838
1.29375 0.017481
1.58125 0.0199415
1.86875 0.0185131
2.15625 0.0191863
2.44375 0.0167493
2.73125 0.0127285
3.01875 0.00922378
3.30625 0.00623998
3.59375 0.00430916
3.88125 0.00257066
4.16875 0.00134419
4.45625 0.000889625
