# f(v_x, v_y, v_z), v_z = const
# nv_x = 32, nv_y = 32, nv_z = 32
# n = 0.988996 , T = 2.26827 , E = 6.72994 , vec_p = {-3.11693e-015 -1.15892e-016 -9.16512e-018}
-4.45625 0.000401432
-4.16875 0.000708787
-3.88125 0.00101748
-3.59375 0.00163771
-3.30625 0.00258772
-3.01875 0.00361587
-2.73125 0.005424
-2.44375 0.00707888
-2.15625 0.00859417
-1.86875 0.0109221
-1.58125 0.0121301
-1.29375 0.0131834
-1.00625 0.0139819
-0.71875 0.0136757
-0.43125 0.0139734
-0.14375 0.0139615
0.14375 0.0138727
0.43125 0.013923
0.71875 0.0136636
1.00625 0.0133959
1.29375 0.0127789
1.58125 0.0119272
1.86875 0.01018
2.15625 0.00889437
2.44375 0.00730298
2.73125 0.00546711
3.01875 0.00380619
3.30625 0.00259588
3.59375 0.00172671
3.88125 0.00107443
4.16875 0.000649785
4.45625 0.00041374
