# f(v_x, v_y, v_z), v_z = const
# nv_x = 32, nv_y = 32, nv_z = 32
# n = 0.988996 , T = 2.26827 , E = 6.72994 , vec_p = {1.10043e-015 1.23961e-016 -2.16436e-017}
-4.45625 0.000315538
-4.16875 0.000516105
-3.88125 0.000816412
-3.59375 0.0012521
-3.30625 0.0018558
-3.01875 0.00266395
-2.73125 0.0037015
-2.44375 0.00497191
-2.15625 0.0064604
-1.86875 0.00812969
-1.58125 0.00987491
-1.29375 0.011621
-1.00625 0.0132309
-0.71875 0.0145644
-0.43125 0.0155418
-0.14375 0.0160415
0.14375 0.0160437
0.43125 0.0155378
0.71875 0.014564
1.00625 0.0132306
1.29375 0.0116175
1.58125 0.00988504
1.86875 0.00812795
2.15625 0.00646039
2.44375 0.00497453
2.73125 0.00369775
3.01875 0.00266438
3.30625 0.00185554
3.59375 0.00125109
3.88125 0.00081639
4.16875 0.00051542
4.45625 0.000315726
