# f(v_x, v_y, v_z), v_z = const
# nv_x = 32, nv_y = 32, nv_z = 32
# n = 0.988996 , T = 2.26827 , E = 6.72994 , vec_p = {-1.24946e-015 -1.42066e-017 -1.57293e-018}
-4.45625 0.00138296
-4.16875 0.00273921
-3.88125 0.00455604
-3.59375 0.00766175
-3.30625 0.0123606
-3.01875 0.0159398
-2.73125 0.0222412
-2.44375 0.026044
-2.15625 0.0274341
-1.86875 0.0282241
-1.58125 0.026041
-1.29375 0.0241439
-1.00625 0.018959
-0.71875 0.0139502
-0.43125 0.0107875
-0.14375 0.00868412
0.14375 0.00892928
0.43125 0.0105481
0.71875 0.014259
1.00625 0.0183029
1.29375 0.0224702
1.58125 0.0272076
1.86875 0.0267179
2.15625 0.0283647
2.44375 0.0258308
2.73125 0.0220375
3.01875 0.0165154
3.30625 0.0121468
3.59375 0.00760681
3.88125 0.00464427
4.16875 0.00258164
4.45625 0.00145022
