# f(v_x, v_y, v_z), v_z = const
# nv_x = 32, nv_y = 32, nv_z = 32
# n = 0.988996 , T = 2.26827 , E = 6.72994 , vec_p = {-2.36141e-015 -2.54065e-016 -3.49558e-017}
-4.45625 0.000317316
-4.16875 0.000519061
-3.88125 0.000819794
-3.59375 0.0012595
-3.30625 0.00186969
-3.01875 0.00268209
-2.73125 0.00373718
-2.44375 0.00501537
-2.15625 0.00650438
-1.86875 0.00819591
-1.58125 0.00992333
-1.29375 0.0116529
-1.00625 0.013234
-0.71875 0.0145155
-0.43125 0.015477
-0.14375 0.0159476
0.14375 0.0159487
0.43125 0.0154644
0.71875 0.0145105
1.00625 0.0132302
1.29375 0.0116438
1.58125 0.00994775
1.86875 0.00818505
2.15625 0.00650983
2.44375 0.00502968
2.73125 0.00372521
3.01875 0.00268273
3.30625 0.00186884
3.59375 0.00125936
3.88125 0.000820252
4.16875 0.000518176
4.45625 0.000317752
