# f(v_x, v_y, v_z), v_z = const
# nv_x = 32, nv_y = 32, nv_z = 32
# n = 0.988996 , T = 2.26827 , E = 6.72994 , vec_p = {-1.6233e-015 -1.02912e-016 -2.00642e-018}
-4.45625 0.000636796
-4.16875 0.00121893
-3.88125 0.00171268
-3.59375 0.00302815
-3.30625 0.00529288
-3.01875 0.00681617
-2.73125 0.0100573
-2.44375 0.0129311
-2.15625 0.014744
-1.86875 0.0165832
-1.58125 0.0169347
-1.29375 0.0164905
-1.00625 0.0155663
-0.71875 0.0130999
-0.43125 0.0118033
-0.14375 0.0112988
0.14375 0.0110268
0.43125 0.0118151
0.71875 0.0128905
1.00625 0.0145767
1.29375 0.0157489
1.58125 0.0170996
1.86875 0.0147179
2.15625 0.0152169
2.44375 0.0132215
2.73125 0.00975823
3.01875 0.00702704
3.30625 0.00479682
3.59375 0.00335288
3.88125 0.00202303
4.16875 0.0010249
4.45625 0.000693157
