# f(v_x, v_y, v_z), v_z = const
# nv_x = 32, nv_y = 32, nv_z = 32
# n = 0.988996 , T = 2.26827 , E = 6.72994 , vec_p = {-1.08387e-016 -9.37639e-017 9.75803e-018}
-4.45625 0.000332105
-4.16875 0.000546466
-3.88125 0.000854233
-3.59375 0.00132324
-3.30625 0.00197701
-3.01875 0.00283527
-2.73125 0.00405199
-2.44375 0.00537093
-2.15625 0.00687357
-1.86875 0.0086766
-1.58125 0.0103616
-1.29375 0.0119422
-1.00625 0.0133577
-0.71875 0.014263
-0.43125 0.0150908
-0.14375 0.0154057
0.14375 0.0154491
0.43125 0.015062
0.71875 0.0142383
1.00625 0.0132502
1.29375 0.0118601
1.58125 0.0103659
1.86875 0.00859142
2.15625 0.00695422
2.44375 0.00545887
2.73125 0.00398979
3.01875 0.00286051
3.30625 0.00199025
3.59375 0.00132559
3.88125 0.000851933
4.16875 0.000539529
4.45625 0.000332308
