# f(v_x, v_y, v_z), v_z = const
# nv_x = 32, nv_y = 32, nv_z = 32
# n = 0.988996 , T = 2.26827 , E = 6.72994 , vec_p = {3.45578e-015 5.69025e-017 -1.06408e-017}
-4.45625 0.000546867
-4.16875 0.000986717
-3.88125 0.00134446
-3.59375 0.00241177
-3.30625 0.0041285
-3.01875 0.00562764
-2.73125 0.00837005
-2.44375 0.0105331
-2.15625 0.0124281
-1.86875 0.0146577
-1.58125 0.0152508
-1.29375 0.0152764
-1.00625 0.0151219
-0.71875 0.0131633
-0.43125 0.0126016
-0.14375 0.0122465
0.14375 0.0118092
0.43125 0.012436
0.71875 0.0128681
1.00625 0.0138475
1.29375 0.0144756
1.58125 0.0153387
1.86875 0.0130849
2.15625 0.0125716
2.44375 0.0108744
2.73125 0.00826575
3.01875 0.00569993
3.30625 0.00398729
3.59375 0.00265067
3.88125 0.00162684
4.16875 0.000898432
4.45625 0.000588642
