# f(v_x, v_y, v_z), v_z = const
# nv_x = 32, nv_y = 32, nv_z = 32
# n = 0.988996 , T = 2.26827 , E = 6.72994 , vec_p = {2.93749e-015 -2.35463e-017 -2.51353e-017}
-4.45625 0.000319244
-4.16875 0.00052327
-3.88125 0.000825345
-3.59375 0.00126802
-3.30625 0.00188375
-3.01875 0.00270706
-2.73125 0.00378703
-2.44375 0.00507189
-2.15625 0.00657069
-1.86875 0.00827896
-1.58125 0.00999115
-1.29375 0.0116992
-1.00625 0.0132486
-0.71875 0.0144532
-0.43125 0.0153942
-0.14375 0.0158308
0.14375 0.015849
0.43125 0.0153754
0.71875 0.0144534
1.00625 0.0132231
1.29375 0.0116743
1.58125 0.0100221
1.86875 0.00825485
2.15625 0.00657806
2.44375 0.00510019
2.73125 0.00376249
3.01875 0.0027086
3.30625 0.00189217
3.59375 0.00127018
3.88125 0.000824467
4.16875 0.000520934
4.45625 0.000320326
