# f(v_x, v_y, v_z), v_z = const
# nv_x = 32, nv_y = 32, nv_z = 32
# n = 0.988996 , T = 2.26827 , E = 6.72994 , vec_p = {-1.52792e-015 -1.76006e-016 -8.8553e-018}
-4.45625 0.000599823
-4.16875 0.00110504
-3.88125 0.0015268
-3.59375 0.00268841
-3.30625 0.0046125
-3.01875 0.00618461
-2.73125 0.00903759
-2.44375 0.01166
-2.15625 0.0135987
-1.86875 0.0155554
-1.58125 0.0161017
-1.29375 0.0160242
-1.00625 0.0153564
-0.71875 0.0131117
-0.43125 0.0121916
-0.14375 0.0118583
0.14375 0.0114257
0.43125 0.0121659
0.71875 0.0129504
1.00625 0.0143328
1.29375 0.0150192
1.58125 0.0161952
1.86875 0.0139422
2.15625 0.0138239
2.44375 0.0120965
2.73125 0.00881459
3.01875 0.00621521
3.30625 0.0042396
3.59375 0.00298683
3.88125 0.00179595
4.16875 0.000975598
4.45625 0.000654236
