# f(v_x, v_y, v_z), v_z = const
# nv_x = 32, nv_y = 32, nv_z = 32
# n = 0.988996 , T = 2.26827 , E = 6.72994 , vec_p = {-9.36106e-016 -1.53859e-016 -3.2608e-017}
-4.45625 0.000315713
-4.16875 0.000516239
-3.88125 0.000816645
-3.59375 0.0012525
-3.30625 0.00185693
-3.01875 0.00266572
-2.73125 0.00370476
-2.44375 0.00497457
-2.15625 0.00646425
-1.86875 0.00813547
-1.58125 0.00987864
-1.29375 0.0116237
-1.00625 0.0132317
-0.71875 0.0145603
-0.43125 0.015536
-0.14375 0.0160342
0.14375 0.0160354
0.43125 0.0155309
0.71875 0.0145589
1.00625 0.0132309
1.29375 0.0116194
1.58125 0.0098899
1.86875 0.00813199
2.15625 0.00646421
2.44375 0.00497801
2.73125 0.00369939
3.01875 0.00266606
3.30625 0.00185642
3.59375 0.00125151
3.88125 0.000816534
4.16875 0.000515654
4.45625 0.000315862
