# f(v_x, v_y, v_z), v_z = const
# nv_x = 32, nv_y = 32, nv_z = 32
# n = 0.988996 , T = 2.26827 , E = 6.72994 , vec_p = {-7.58207e-016 -6.86743e-017 -3.44869e-017}
-4.45625 0.000314864
-4.16875 0.000514949
-3.88125 0.000815044
-3.59375 0.00124866
-3.30625 0.0018508
-3.01875 0.00265503
-2.73125 0.00368608
-2.44375 0.00495171
-2.15625 0.00643665
-1.86875 0.00809802
-1.58125 0.00985603
-1.29375 0.0116095
-1.00625 0.0132334
-0.71875 0.0145948
-0.43125 0.0155825
-0.14375 0.0160979
0.14375 0.0160984
0.43125 0.0155812
0.71875 0.0145955
1.00625 0.0132327
1.29375 0.0116089
1.58125 0.00985656
1.86875 0.0080973
2.15625 0.00643626
2.44375 0.00495194
2.73125 0.0036857
3.01875 0.00265511
3.30625 0.00185092
3.59375 0.00124851
3.88125 0.000815078
4.16875 0.000514869
4.45625 0.000314877
