# f(v_x, v_y, v_z), v_z = const
# nv_x = 32, nv_y = 32, nv_z = 32
# n = 0.988996 , T = 2.26827 , E = 6.72994 , vec_p = {2.68633e-015 -1.39092e-016 -3.98985e-017}
-4.45625 0.000314853
-4.16875 0.000514943
-3.88125 0.000815047
-3.59375 0.00124862
-3.30625 0.00185074
-3.01875 0.00265498
-2.73125 0.00368596
-2.44375 0.00495145
-2.15625 0.00643642
-1.86875 0.00809782
-1.58125 0.00985582
-1.29375 0.0116093
-1.00625 0.0132335
-0.71875 0.0145952
-0.43125 0.0155831
-0.14375 0.0160988
0.14375 0.0160992
0.43125 0.0155818
0.71875 0.0145959
1.00625 0.0132329
1.29375 0.0116088
1.58125 0.00985626
1.86875 0.00809701
2.15625 0.00643602
2.44375 0.00495179
2.73125 0.00368559
3.01875 0.00265508
3.30625 0.00185088
3.59375 0.00124849
3.88125 0.000815047
4.16875 0.000514872
4.45625 0.000314872
