# f(v_x, v_y, v_z), v_z = const
# nv_x = 32, nv_y = 32, nv_z = 32
# n = 0.988996 , T = 2.26827 , E = 6.72994 , vec_p = {-3.58178e-015 -6.33166e-017 -3.86109e-017}
-4.45625 0.000314857
-4.16875 0.000514956
-3.88125 0.000815052
-3.59375 0.0012487
-3.30625 0.00185084
-3.01875 0.00265511
-2.73125 0.00368618
-2.44375 0.00495194
-2.15625 0.00643681
-1.86875 0.00809825
-1.58125 0.00985612
-1.29375 0.0116095
-1.00625 0.0132333
-0.71875 0.0145945
-0.43125 0.0155821
-0.14375 0.0160974
0.14375 0.016098
0.43125 0.0155809
0.71875 0.0145952
1.00625 0.0132327
1.29375 0.0116089
1.58125 0.00985669
1.86875 0.00809752
2.15625 0.00643635
2.44375 0.00495204
2.73125 0.00368578
3.01875 0.00265523
3.30625 0.00185097
3.59375 0.00124853
3.88125 0.000815075
4.16875 0.00051487
4.45625 0.000314884
