# f(v_x, v_y, v_z), v_z = const
# nv_x = 32, nv_y = 32, nv_z = 32
# n = 0.988996 , T = 2.26827 , E = 6.72994 , vec_p = {-4.20671e-015 -5.8478e-017 1.20301e-017}
-4.45625 0.000376407
-4.16875 0.000642753
-3.88125 0.000962213
-3.59375 0.00153396
-3.30625 0.00238171
-3.01875 0.00333684
-2.73125 0.00491771
-2.44375 0.00652396
-2.15625 0.0079335
-1.86875 0.0102055
-1.58125 0.0116063
-1.29375 0.0127626
-1.00625 0.0137863
-0.71875 0.0138025
-0.43125 0.0143621
-0.14375 0.0143443
0.14375 0.0143081
0.43125 0.0142602
0.71875 0.013805
1.00625 0.0133496
1.29375 0.0124456
1.58125 0.011412
1.86875 0.00963288
2.15625 0.00834635
2.44375 0.00667801
2.73125 0.00489534
3.01875 0.00345845
3.30625 0.0023784
3.59375 0.00158862
3.88125 0.000991147
4.16875 0.000609635
4.45625 0.000389656
