# f(v_x, v_y, v_z), v_z = const
# nv_x = 32, nv_y = 32, nv_z = 32
# n = 0.988996 , T = 2.26827 , E = 6.72994 , vec_p = {-3.6067e-015 1.55554e-017 -9.14676e-018}
-4.45625 0.000315299
-4.16875 0.000515658
-3.88125 0.00081608
-3.59375 0.00125114
-3.30625 0.00185391
-3.01875 0.00266087
-2.73125 0.00369693
-2.44375 0.00496565
-2.15625 0.00645337
-1.86875 0.0081207
-1.58125 0.00986858
-1.29375 0.0116173
-1.00625 0.0132316
-0.71875 0.0145724
-0.43125 0.0155549
-0.14375 0.016057
0.14375 0.0160599
0.43125 0.0155502
0.71875 0.0145741
1.00625 0.01323
1.29375 0.0116155
1.58125 0.0098748
1.86875 0.00811926
2.15625 0.0064518
2.44375 0.00496791
2.73125 0.00369341
3.01875 0.00266101
3.30625 0.0018544
3.59375 0.00125036
3.88125 0.000815925
4.16875 0.000515318
4.45625 0.00031543
