# f(v_x, v_y, v_z), v_z = const
# nv_x = 32, nv_y = 32, nv_z = 32
# n = 0.988996 , T = 2.26827 , E = 6.72994 , vec_p = {5.14597e-015 -1.83847e-016 9.44467e-018}
-4.45625 0.000340884
-4.16875 0.000561904
-3.88125 0.000876155
-3.59375 0.00136483
-3.30625 0.00205695
-3.01875 0.00293119
-2.73125 0.00423893
-2.44375 0.00558953
-2.15625 0.00709754
-1.86875 0.00896393
-1.58125 0.0105973
-1.29375 0.0120911
-1.00625 0.0134284
-0.71875 0.014148
-0.43125 0.0149028
-0.14375 0.0151604
0.14375 0.0151733
0.43125 0.0148915
0.71875 0.0141303
1.00625 0.0132881
1.29375 0.0119711
1.58125 0.0106001
1.86875 0.00886052
2.15625 0.00722281
2.44375 0.00567906
2.73125 0.00413943
3.01875 0.00295058
3.30625 0.00206789
3.59375 0.00137852
3.88125 0.000869884
4.16875 0.000549734
4.45625 0.000342496
