# f(v_x, v_y, v_z), v_z = const
# nv_x = 32, nv_y = 32, nv_z = 32
# n = 0.988996 , T = 2.26827 , E = 6.72994 , vec_p = {-3.11406e-015 -3.16227e-016 -1.46443e-017}
-4.45625 0.000314894
-4.16875 0.000515042
-3.88125 0.000815238
-3.59375 0.0012491
-3.30625 0.00185122
-3.01875 0.0026561
-2.73125 0.0036882
-2.44375 0.00495493
-2.15625 0.00643986
-1.86875 0.00810197
-1.58125 0.0098586
-1.29375 0.0116107
-1.00625 0.0132326
-0.71875 0.0145905
-0.43125 0.0155765
-0.14375 0.0160889
0.14375 0.0160901
0.43125 0.0155741
0.71875 0.0145906
1.00625 0.0132317
1.29375 0.01161
1.58125 0.00985962
1.86875 0.00810114
2.15625 0.00643894
2.44375 0.00495453
2.73125 0.00368724
3.01875 0.00265633
3.30625 0.00185157
3.59375 0.00124877
3.88125 0.000815269
4.16875 0.000514918
4.45625 0.000314968
