# f(v_x, v_y, v_z), v_z = const
# nv_x = 32, nv_y = 32, nv_z = 32
# n = 0.988996 , T = 2.26827 , E = 6.72994 , vec_p = {-4.17545e-015 -2.29769e-017 9.86785e-019}
-4.45625 0.000331867
-4.16875 0.00054621
-3.88125 0.000853885
-3.59375 0.00132293
-3.30625 0.00197555
-3.01875 0.0028349
-2.73125 0.00404989
-2.44375 0.00536839
-2.15625 0.00687302
-1.86875 0.00867367
-1.58125 0.01036
-1.29375 0.0119408
-1.00625 0.013356
-0.71875 0.014267
-0.43125 0.0150941
-0.14375 0.0154123
0.14375 0.0154552
0.43125 0.0150657
0.71875 0.0142434
1.00625 0.0132522
1.29375 0.0118561
1.58125 0.0103537
1.86875 0.00858787
2.15625 0.0069479
2.44375 0.00544958
2.73125 0.00398919
3.01875 0.00285915
3.30625 0.00198774
3.59375 0.00132526
3.88125 0.000851834
4.16875 0.000539612
4.45625 0.000332214
