# f(v_x, v_y, v_z), v_z = const
# nv_x = 32, nv_y = 32, nv_z = 32
# n = 0.988996 , T = 2.26827 , E = 6.72994 , vec_p = {-3.0413e-015 6.74595e-017 -2.14813e-017}
-4.45625 0.00107262
-4.16875 0.00198332
-3.88125 0.00307839
-3.59375 0.00574425
-3.30625 0.00865852
-3.01875 0.0113612
-2.73125 0.0160964
-2.44375 0.0203533
-2.15625 0.0217577
-1.86875 0.0235997
-1.58125 0.0219156
-1.29375 0.020847
-1.00625 0.0174912
-0.71875 0.0135927
-0.43125 0.0107599
-0.14375 0.00941467
0.14375 0.00935582
0.43125 0.0110543
0.71875 0.0132028
1.00625 0.0158663
1.29375 0.0198838
1.58125 0.0224053
1.86875 0.0219903
2.15625 0.023211
2.44375 0.0199106
2.73125 0.0165125
3.01875 0.0121599
3.30625 0.00882922
3.59375 0.00536532
3.88125 0.00328684
4.16875 0.00169983
4.45625 0.00108968
