# f(v_x, v_y, v_z), v_z = const
# nv_x = 32, nv_y = 32, nv_z = 32
# n = 0.988996 , T = 2.26827 , E = 6.72994 , vec_p = {5.50998e-015 -2.89051e-016 -3.82395e-017}
-4.45625 0.00031577
-4.16875 0.000516387
-3.88125 0.000816698
-3.59375 0.00125285
-3.30625 0.0018575
-3.01875 0.00266619
-2.73125 0.00370682
-2.44375 0.0049763
-2.15625 0.00646583
-1.86875 0.00813846
-1.58125 0.00988037
-1.29375 0.0116247
-1.00625 0.0132313
-0.71875 0.0145586
-0.43125 0.0155332
-0.14375 0.0160294
0.14375 0.0160307
0.43125 0.0155272
0.71875 0.014556
1.00625 0.0132305
1.29375 0.0116201
1.58125 0.00989196
1.86875 0.00813435
2.15625 0.00646591
2.44375 0.00498025
2.73125 0.00370059
3.01875 0.00266676
3.30625 0.00185692
3.59375 0.00125166
3.88125 0.000816659
4.16875 0.00051573
4.45625 0.000315948
