# f(v_x, v_y, v_z), v_z = const
# nv_x = 32, nv_y = 32, nv_z = 32
# n = 0.988996 , T = 2.26827 , E = 6.72994 , vec_p = {-3.41902e-016 6.76012e-017 1.14942e-018}
-4.45625 0.000356517
-4.16875 0.000593036
-3.88125 0.000905018
-3.59375 0.00142603
-3.30625 0.00217304
-3.01875 0.00306397
-2.73125 0.00444092
-2.44375 0.00587017
-2.15625 0.00740034
-1.86875 0.00944366
-1.58125 0.0109845
-1.29375 0.0123012
-1.00625 0.0135115
-0.71875 0.0140357
-0.43125 0.0147004
-0.14375 0.0148448
0.14375 0.0148605
0.43125 0.0146264
0.71875 0.0140155
1.00625 0.0133301
1.29375 0.0121443
1.58125 0.010918
1.86875 0.00916275
2.15625 0.00763909
2.44375 0.00607507
2.73125 0.00442303
3.01875 0.00313604
3.30625 0.00218659
3.59375 0.00145067
3.88125 0.000910194
4.16875 0.000569403
4.45625 0.000359112
