# f(v_x, v_y, v_z), v_z = const
# nv_x = 32, nv_y = 32, nv_z = 32
# n = 0.988996 , T = 2.26827 , E = 6.72994 , vec_p = {4.07278e-015 -1.96262e-017 -2.01421e-017}
-4.45625 0.000464414
-4.16875 0.000824805
-3.88125 0.00113201
-3.59375 0.00187913
-3.30625 0.00310084
-3.01875 0.00433529
-2.73125 0.00652288
-2.44375 0.00846075
-2.15625 0.00995452
-1.86875 0.0122928
-1.58125 0.0134227
-1.29375 0.0138988
-1.00625 0.014282
-0.71875 0.0133743
-0.43125 0.0134342
-0.14375 0.0132435
0.14375 0.0129896
0.43125 0.0133442
0.71875 0.013285
1.00625 0.0135899
1.29375 0.0134426
1.58125 0.0131155
1.86875 0.0113023
2.15625 0.0102371
2.44375 0.0086041
2.73125 0.00651748
3.01875 0.00443911
3.30625 0.00306687
3.59375 0.00204566
3.88125 0.00126192
4.16875 0.000715211
4.45625 0.000463469
