# f(v_x, v_y, v_z), v_z = const
# nv_x = 32, nv_y = 32, nv_z = 32
# n = 0.988996 , T = 2.26827 , E = 6.72994 , vec_p = {-5.29587e-016 -1.33796e-017 -1.41635e-017}
-4.45625 0.000696792
-4.16875 0.00129989
-3.88125 0.00182109
-3.59375 0.00331926
-3.30625 0.00571956
-3.01875 0.00724174
-2.73125 0.0109436
-2.44375 0.0135141
-2.15625 0.015768
-1.86875 0.0172928
-1.58125 0.0176769
-1.29375 0.0170985
-1.00625 0.0157805
-0.71875 0.0131699
-0.43125 0.0116343
-0.14375 0.0109431
0.14375 0.0107575
0.43125 0.0115948
0.71875 0.0129608
1.00625 0.0148318
1.29375 0.0163079
1.58125 0.0180797
1.86875 0.0155887
2.15625 0.016542
2.44375 0.0138799
2.73125 0.0103287
3.01875 0.00758262
3.30625 0.00511729
3.59375 0.00355681
3.88125 0.0021754
4.16875 0.00114057
4.45625 0.000733411
