# f(v_x, v_y, v_z), v_z = const
# nv_x = 32, nv_y = 32, nv_z = 32
# n = 0.988996 , T = 2.26827 , E = 6.72994 , vec_p = {-2.67096e-015 -1.79398e-016 -3.47317e-017}
-4.45625 0.000315014
-4.16875 0.00051524
-3.88125 0.000815473
-3.59375 0.0012498
-3.30625 0.00185244
-3.01875 0.00265819
-2.73125 0.00369145
-2.44375 0.00495963
-2.15625 0.00644466
-1.86875 0.00810851
-1.58125 0.00986233
-1.29375 0.0116126
-1.00625 0.0132324
-0.71875 0.014583
-0.43125 0.0155679
-0.14375 0.0160765
0.14375 0.0160771
0.43125 0.0155645
0.71875 0.0145844
1.00625 0.0132307
1.29375 0.0116123
1.58125 0.00986465
1.86875 0.00810672
2.15625 0.00644412
2.44375 0.00495931
2.73125 0.00368953
3.01875 0.00265839
3.30625 0.00185279
3.59375 0.00124944
3.88125 0.000815432
4.16875 0.000515018
4.45625 0.000315115
