# f(v_x, v_y, v_z), v_z = const
# nv_x = 32, nv_y = 32, nv_z = 32
# n = 0.988996 , T = 2.26827 , E = 6.72994 , vec_p = {8.6784e-016 -7.36636e-017 -7.09815e-018}
-4.45625 0.000668674
-4.16875 0.00125002
-3.88125 0.0017391
-3.59375 0.00318709
-3.30625 0.0054996
-3.01875 0.00704642
-2.73125 0.0104738
-2.44375 0.0132322
-2.15625 0.0152517
-1.86875 0.0170074
-1.58125 0.0172899
-1.29375 0.0167952
-1.00625 0.0156957
-0.71875 0.0130405
-0.43125 0.0117384
-0.14375 0.0111183
0.14375 0.0109224
0.43125 0.0116878
0.71875 0.012962
1.00625 0.01474
1.29375 0.0160498
1.58125 0.0175402
1.86875 0.0152353
2.15625 0.0157958
2.44375 0.0135588
2.73125 0.0100262
3.01875 0.00725942
3.30625 0.00488139
3.59375 0.00342665
3.88125 0.00210048
4.16875 0.00105354
4.45625 0.000713937
