# f(v_x, v_y, v_z), v_z = const
# nv_x = 32, nv_y = 32, nv_z = 32
# n = 0.988996 , T = 2.26827 , E = 6.72994 , vec_p = {1.53291e-015 -2.46032e-016 -4.66018e-018}
-4.45625 0.000444015
-4.16875 0.000798929
-3.88125 0.00109875
-3.59375 0.00178441
-3.30625 0.00296123
-3.01875 0.00412935
-2.73125 0.00615425
-2.44375 0.0079783
-2.15625 0.00940958
-1.86875 0.0118017
-1.58125 0.0130156
-1.29375 0.01363
-1.00625 0.0141392
-0.71875 0.0134772
-0.43125 0.0136252
-0.14375 0.0134625
0.14375 0.0133065
0.43125 0.0135415
0.71875 0.0133587
1.00625 0.0135287
1.29375 0.0133008
1.58125 0.0127794
1.86875 0.0108835
2.15625 0.00982246
2.44375 0.00816735
2.73125 0.00609025
3.01875 0.00422215
3.30625 0.00288845
3.59375 0.00190198
3.88125 0.00120115
4.16875 0.000700205
4.45625 0.000449695
