# f(v_x, v_y, v_z), v_z = const
# nv_x = 32, nv_y = 32, nv_z = 32
# n = 0.988996 , T = 2.26827 , E = 6.72994 , vec_p = {-4.27221e-015 -1.30755e-018 -1.82713e-017}
-4.45625 0.00031526
-4.16875 0.000515535
-3.88125 0.000815959
-3.59375 0.00125089
-3.30625 0.00185366
-3.01875 0.00266055
-2.73125 0.00369628
-2.44375 0.00496501
-2.15625 0.00645217
-1.86875 0.00811903
-1.58125 0.00986818
-1.29375 0.011617
-1.00625 0.0132317
-0.71875 0.0145736
-0.43125 0.0155563
-0.14375 0.0160595
0.14375 0.0160623
0.43125 0.0155517
0.71875 0.0145755
1.00625 0.0132303
1.29375 0.0116154
1.58125 0.00987342
1.86875 0.00811777
2.15625 0.0064504
2.44375 0.00496654
2.73125 0.00369306
3.01875 0.00266069
3.30625 0.00185416
3.59375 0.00125029
3.88125 0.00081589
4.16875 0.000515273
4.45625 0.000315358
