# f(v_x, v_y, v_z), v_z = const
# nv_x = 32, nv_y = 32, nv_z = 32
# n = 0.988996 , T = 2.26827 , E = 6.72994 , vec_p = {4.05741e-017 -1.71434e-016 -1.89325e-017}
-4.45625 0.00038638
-4.16875 0.000666645
-3.88125 0.000984089
-3.59375 0.00157436
-3.30625 0.00248375
-3.01875 0.00348207
-2.73125 0.00513521
-2.44375 0.00674897
-2.15625 0.0081717
-1.86875 0.0105075
-1.58125 0.0118463
-1.29375 0.0129472
-1.00625 0.0138855
-0.71875 0.0137321
-0.43125 0.0142007
-0.14375 0.0141765
0.14375 0.0141212
0.43125 0.0141062
0.71875 0.0137086
1.00625 0.0133894
1.29375 0.0125889
1.58125 0.0116586
1.86875 0.00985129
2.15625 0.00859309
2.44375 0.0069544
2.73125 0.00512402
3.01875 0.00358194
3.30625 0.00245559
3.59375 0.00165587
3.88125 0.00101768
4.16875 0.000629723
4.45625 0.000401221
