# f(v_x, v_y, v_z), v_z = const
# nv_x = 32, nv_y = 32, nv_z = 32
# n = 0.988996 , T = 2.26827 , E = 6.72994 , vec_p = {-1.64782e-015 -2.13834e-017 -3.32e-017}
-4.45625 0.000316395
-4.16875 0.0005176
-3.88125 0.000818236
-3.59375 0.00125612
-3.30625 0.00186311
-3.01875 0.00267494
-2.73125 0.00372364
-2.44375 0.00499768
-2.15625 0.00648515
-1.86875 0.00816947
-1.58125 0.009904
-1.29375 0.0116395
-1.00625 0.0132315
-0.71875 0.0145371
-0.43125 0.0155059
-0.14375 0.0159863
0.14375 0.0159864
0.43125 0.0154956
0.71875 0.0145347
1.00625 0.0132314
1.29375 0.011634
1.58125 0.00992225
1.86875 0.00816086
2.15625 0.0064894
2.44375 0.00500512
2.73125 0.00371248
3.01875 0.00267466
3.30625 0.0018629
3.59375 0.00125563
3.88125 0.000818261
4.16875 0.000516786
4.45625 0.000316935
