# f(v_x, v_y, v_z), v_z = const
# nv_x = 32, nv_y = 32, nv_z = 32
# n = 0.988996 , T = 2.26827 , E = 6.72994 , vec_p = {-8.41395e-016 -8.16082e-017 9.76028e-018}
-4.45625 0.00033142
-4.16875 0.000545416
-3.88125 0.000852691
-3.59375 0.00132119
-3.30625 0.00197193
-3.01875 0.0028347
-2.73125 0.004041
-2.44375 0.00535395
-2.15625 0.00685282
-1.86875 0.00866053
-1.58125 0.0103513
-1.29375 0.0119269
-1.00625 0.013348
-0.71875 0.0142762
-0.43125 0.0151014
-0.14375 0.0154284
0.14375 0.0154655
0.43125 0.0150751
0.71875 0.0142542
1.00625 0.0132529
1.29375 0.0118492
1.58125 0.0103401
1.86875 0.00857849
2.15625 0.00693657
2.44375 0.00543572
2.73125 0.00397868
3.01875 0.00285128
3.30625 0.00198532
3.59375 0.00132366
3.88125 0.000850637
4.16875 0.000539253
4.45625 0.000331685
