# f(v_x, v_y, v_z), v_z = const
# nv_x = 32, nv_y = 32, nv_z = 32
# n = 0.988996 , T = 2.26827 , E = 6.72994 , vec_p = {-7.21084e-015 -8.71437e-017 -1.66813e-017}
-4.45625 0.00121223
-4.16875 0.00226294
-3.88125 0.00359242
-3.59375 0.0064813
-3.30625 0.00984306
-3.01875 0.0121229
-2.73125 0.0177326
-2.44375 0.0225999
-2.15625 0.0231877
-1.86875 0.026089
-1.58125 0.0234851
-1.29375 0.0218449
-1.00625 0.018251
-0.71875 0.0136522
-0.43125 0.010728
-0.14375 0.00910745
0.14375 0.00904037
0.43125 0.0108118
0.71875 0.0136977
1.00625 0.0165116
1.29375 0.0209751
1.58125 0.0243183
1.86875 0.0235641
2.15625 0.0250149
2.44375 0.0221238
2.73125 0.0180122
3.01875 0.014279
3.30625 0.00962989
3.59375 0.00570993
3.88125 0.00353213
4.16875 0.00193732
4.45625 0.0011987
