# f(v_x, v_y, v_z), v_z = const
# nv_x = 32, nv_y = 32, nv_z = 32
# n = 0.988996 , T = 2.26827 , E = 6.72994 , vec_p = {-1.72507e-015 -1.15091e-017 -3.33761e-017}
-4.45625 0.000315071
-4.16875 0.000515277
-3.88125 0.000815521
-3.59375 0.00125002
-3.30625 0.00185268
-3.01875 0.00265854
-2.73125 0.00369237
-2.44375 0.00496076
-2.15625 0.00644637
-1.86875 0.0081107
-1.58125 0.00986355
-1.29375 0.0116137
-1.00625 0.013232
-0.71875 0.0145814
-0.43125 0.0155658
-0.14375 0.0160738
0.14375 0.0160743
0.43125 0.0155624
0.71875 0.0145826
1.00625 0.0132303
1.29375 0.0116128
1.58125 0.00986644
1.86875 0.00810846
2.15625 0.00644466
2.44375 0.00496063
2.73125 0.00369012
3.01875 0.00265866
3.30625 0.00185314
3.59375 0.00124965
3.88125 0.000815507
4.16875 0.000515036
4.45625 0.000315144
