# f(v_x, v_y, v_z), v_z = const
# nv_x = 32, nv_y = 32, nv_z = 32
# n = 0.988996 , T = 2.26827 , E = 6.72994 , vec_p = {-3.21893e-016 -2.07365e-016 -1.42124e-017}
-4.45625 0.000476723
-4.16875 0.000836156
-3.88125 0.0011522
-3.59375 0.00191063
-3.30625 0.00316756
-3.01875 0.00442883
-2.73125 0.00662782
-2.44375 0.00863996
-2.15625 0.0101665
-1.86875 0.0124667
-1.58125 0.0135648
-1.29375 0.0139989
-1.00625 0.0142894
-0.71875 0.013279
-0.43125 0.0133088
-0.14375 0.0131309
0.14375 0.0128744
0.43125 0.0132219
0.71875 0.0132388
1.00625 0.0135953
1.29375 0.0135967
1.58125 0.0132285
1.86875 0.0113937
2.15625 0.0104065
2.44375 0.00874791
2.73125 0.00669897
3.01875 0.00455064
3.30625 0.00312209
3.59375 0.00208154
3.88125 0.0013089
4.16875 0.000725384
4.45625 0.000471397
