# f(v_x, v_y, v_z), v_z = const
# nv_x = 32, nv_y = 32, nv_z = 32
# n = 0.988996 , T = 2.26827 , E = 6.72994 , vec_p = {-7.84971e-016 -6.96225e-017 1.24607e-017}
-4.45625 0.000365566
-4.16875 0.00062053
-3.88125 0.000939583
-3.59375 0.00148649
-3.30625 0.00229277
-3.01875 0.00319436
-2.73125 0.00468371
-2.44375 0.00625814
-2.15625 0.00769639
-1.86875 0.00980535
-1.58125 0.011298
-1.29375 0.0125536
-1.00625 0.0136854
-0.71875 0.0138968
-0.43125 0.0145142
-0.14375 0.0145589
0.14375 0.0145419
0.43125 0.014436
0.71875 0.0139013
1.00625 0.0133388
1.29375 0.0123216
1.58125 0.0111976
1.86875 0.00944594
2.15625 0.00798428
2.44375 0.00644139
2.73125 0.00470884
3.01875 0.00332289
3.30625 0.00228143
3.59375 0.00152099
3.88125 0.000955954
4.16875 0.000592132
4.45625 0.000376633
