# f(v_x, v_y, v_z), v_z = const
# nv_x = 32, nv_y = 32, nv_z = 32
# n = 0.988996 , T = 2.26827 , E = 6.72994 , vec_p = {-2.95256e-015 -7.71882e-017 -8.10684e-018}
-4.45625 0.000967859
-4.16875 0.0018884
-3.88125 0.00286867
-3.59375 0.0053853
-3.30625 0.00790557
-3.01875 0.0107154
-2.73125 0.0152148
-2.44375 0.0189826
-2.15625 0.0207409
-1.86875 0.0228929
-1.58125 0.0213511
-1.29375 0.0203735
-1.00625 0.0172817
-0.71875 0.0135946
-0.43125 0.0108044
-0.14375 0.00957423
0.14375 0.00967031
0.43125 0.0111175
0.71875 0.01322
1.00625 0.0156784
1.29375 0.0194351
1.58125 0.0217436
1.86875 0.0211205
2.15625 0.0224685
2.44375 0.019118
2.73125 0.0154738
3.01875 0.0109416
3.30625 0.0077343
3.59375 0.00510919
3.88125 0.00300908
4.16875 0.0016203
4.45625 0.00103036
