# f(v_x, v_y, v_z), v_z = const
# nv_x = 32, nv_y = 32, nv_z = 32
# n = 0.988996 , T = 2.26827 , E = 6.72994 , vec_p = {9.50349e-016 -1.8751e-016 6.06403e-018}
-4.45625 0.000330644
-4.16875 0.000544086
-3.88125 0.000850632
-3.59375 0.00131583
-3.30625 0.00196805
-3.01875 0.0028298
-2.73125 0.00401871
-2.44375 0.00533737
-2.15625 0.00684781
-1.86875 0.00863823
-1.58125 0.0103173
-1.29375 0.0119027
-1.00625 0.0133294
-0.71875 0.014285
-0.43125 0.0151193
-0.14375 0.0154621
0.14375 0.0154841
0.43125 0.0150915
0.71875 0.014265
1.00625 0.0132568
1.29375 0.0118425
1.58125 0.0103207
1.86875 0.00855885
2.15625 0.00692157
2.44375 0.00541544
2.73125 0.0039629
3.01875 0.0028406
3.30625 0.00197872
3.59375 0.00132035
3.88125 0.000849419
4.16875 0.000537389
4.45625 0.000330782
