# f(v_x, v_y, v_z), v_z = const
# nv_x = 32, nv_y = 32, nv_z = 32
# n = 0.988996 , T = 2.26827 , E = 6.72994 , vec_p = {2.66538e-015 -6.31787e-017 -2.53672e-017}
-4.45625 0.000487676
-4.16875 0.000869876
-3.88125 0.00121464
-3.59375 0.00200577
-3.30625 0.00335169
-3.01875 0.00466707
-2.73125 0.0069588
-2.44375 0.00911939
-2.15625 0.0105917
-1.86875 0.013046
-1.58125 0.0138661
-1.29375 0.0143554
-1.00625 0.014578
-0.71875 0.0132913
-0.43125 0.0131811
-0.14375 0.0129592
0.14375 0.0126577
0.43125 0.013063
0.71875 0.013133
1.00625 0.013669
1.29375 0.0137789
1.58125 0.013773
1.86875 0.0117691
2.15625 0.0107888
2.44375 0.00924371
2.73125 0.00697183
3.01875 0.00477559
3.30625 0.00333074
3.59375 0.0022032
3.88125 0.00137252
4.16875 0.000748269
4.45625 0.000490435
