# f(v_x, v_y, v_z), v_z = const
# nv_x = 32, nv_y = 32, nv_z = 32
# n = 0.988996 , T = 2.26827 , E = 6.72994 , vec_p = {8.14033e-016 -1.29149e-016 -3.27269e-017}
-4.45625 0.000494654
-4.16875 0.000890253
-3.88125 0.00124376
-3.59375 0.0020912
-3.30625 0.00347244
-3.01875 0.00480193
-2.73125 0.00720709
-2.44375 0.00939409
-2.15625 0.0108999
-1.86875 0.013335
-1.58125 0.0141336
-1.29375 0.0145534
-1.00625 0.0147369
-0.71875 0.0132759
-0.43125 0.0130824
-0.14375 0.01283
0.14375 0.0125456
0.43125 0.0129253
0.71875 0.013077
1.00625 0.0136634
1.29375 0.0139586
1.58125 0.0140224
1.86875 0.0119276
2.15625 0.010961
2.44375 0.00943294
2.73125 0.00715774
3.01875 0.00493913
3.30625 0.00340011
3.59375 0.00226078
3.88125 0.00141189
4.16875 0.000761739
4.45625 0.000497955
