# f(v_x, v_y, v_z), v_z = const
# nv_x = 32, nv_y = 32, nv_z = 32
# n = 0.988996 , T = 2.26827 , E = 6.72994 , vec_p = {1.11584e-015 -1.21117e-016 -3.53793e-017}
-4.45625 0.000315736
-4.16875 0.000516275
-3.88125 0.000816654
-3.59375 0.0012526
-3.30625 0.00185723
-3.01875 0.00266595
-2.73125 0.00370555
-2.44375 0.00497535
-2.15625 0.00646499
-1.86875 0.00813678
-1.58125 0.00987959
-1.29375 0.0116242
-1.00625 0.0132314
-0.71875 0.0145592
-0.43125 0.0155344
-0.14375 0.0160329
0.14375 0.0160335
0.43125 0.0155296
0.71875 0.0145578
1.00625 0.0132307
1.29375 0.0116198
1.58125 0.00989071
1.86875 0.00813287
2.15625 0.00646501
2.44375 0.00497915
2.73125 0.00369992
3.01875 0.0026662
3.30625 0.00185654
3.59375 0.00125161
3.88125 0.000816556
4.16875 0.000515642
4.45625 0.00031589
