# f(v_x, v_y, v_z), v_z = const
# nv_x = 32, nv_y = 32, nv_z = 32
# n = 0.988996 , T = 2.26827 , E = 6.72994 , vec_p = {1.881e-015 -1.76024e-017 -6.37932e-018}
-4.45625 0.00138639
-4.16875 0.00281698
-3.88125 0.00467625
-3.59375 0.0078184
-3.30625 0.0125606
-3.01875 0.016458
-2.73125 0.02254
-2.44375 0.0262745
-2.15625 0.0282325
-1.86875 0.0292025
-1.58125 0.0261216
-1.29375 0.0242012
-1.00625 0.0189078
-0.71875 0.0139775
-0.43125 0.0107428
-0.14375 0.0086175
0.14375 0.00888451
0.43125 0.0105495
0.71875 0.0143027
1.00625 0.0185108
1.29375 0.0231494
1.58125 0.0272955
1.86875 0.0271713
2.15625 0.0286415
2.44375 0.0259291
2.73125 0.0222857
3.01875 0.0170983
3.30625 0.0124109
3.59375 0.00788843
3.88125 0.00481967
4.16875 0.00270858
4.45625 0.00147153
