# f(v_x, v_y, v_z), v_z = const
# nv_x = 32, nv_y = 32, nv_z = 32
# n = 0.988996 , T = 2.26827 , E = 6.72994 , vec_p = {-1.45189e-015 8.959e-017 -3.08799e-017}
-4.45625 0.000315144
-4.16875 0.000515383
-3.88125 0.000815752
-3.59375 0.00125042
-3.30625 0.0018532
-3.01875 0.00265942
-2.73125 0.00369412
-2.44375 0.0049624
-2.15625 0.00644883
-1.86875 0.0081143
-1.58125 0.00986609
-1.29375 0.0116155
-1.00625 0.0132312
-0.71875 0.0145776
-0.43125 0.0155616
-0.14375 0.0160674
0.14375 0.0160687
0.43125 0.0155575
0.71875 0.014579
1.00625 0.01323
1.29375 0.0116137
1.58125 0.00986968
1.86875 0.00811221
2.15625 0.00644725
2.44375 0.00496323
2.73125 0.00369159
3.01875 0.00265964
3.30625 0.00185371
3.59375 0.00124994
3.88125 0.000815618
4.16875 0.000515163
4.45625 0.000315253
