# f(v_x, v_y, v_z), v_z = const
# nv_x = 32, nv_y = 32, nv_z = 32
# n = 0.988996 , T = 2.26827 , E = 6.72994 , vec_p = {1.16895e-015 -1.7921e-016 -1.78781e-017}
-4.45625 0.000466306
-4.16875 0.000830361
-3.88125 0.00114439
-3.59375 0.001905
-3.30625 0.0031584
-3.01875 0.0043892
-2.73125 0.0065911
-2.44375 0.00854593
-2.15625 0.0100576
-1.86875 0.0123929
-1.58125 0.0135286
-1.29375 0.0139572
-1.00625 0.0142931
-0.71875 0.0133136
-0.43125 0.0133447
-0.14375 0.0131735
0.14375 0.0129035
0.43125 0.0132605
0.71875 0.013271
1.00625 0.0135892
1.29375 0.0135452
1.58125 0.0131719
1.86875 0.0113554
2.15625 0.0103676
2.44375 0.00870175
2.73125 0.00664488
3.01875 0.00451285
3.30625 0.00309388
3.59375 0.00206586
3.88125 0.00128529
4.16875 0.000720475
4.45625 0.000469178
