# f(v_x, v_y, v_z), v_z = const
# nv_x = 32, nv_y = 32, nv_z = 32
# n = 0.988996 , T = 2.26827 , E = 6.72994 , vec_p = {-7.91371e-016 -7.04096e-017 -2.04645e-017}
-4.45625 0.000314966
-4.16875 0.000515142
-3.88125 0.000815339
-3.59375 0.00124936
-3.30625 0.00185172
-3.01875 0.00265708
-2.73125 0.00368981
-2.44375 0.00495702
-2.15625 0.00644231
-1.86875 0.00810511
-1.58125 0.00986051
-1.29375 0.0116113
-1.00625 0.0132327
-0.71875 0.0145867
-0.43125 0.0155724
-0.14375 0.0160827
0.14375 0.0160837
0.43125 0.0155693
0.71875 0.0145874
1.00625 0.013231
1.29375 0.0116111
1.58125 0.00986236
1.86875 0.0081043
2.15625 0.00644147
2.44375 0.00495673
2.73125 0.00368825
3.01875 0.00265717
3.30625 0.00185207
3.59375 0.00124903
3.88125 0.000815325
4.16875 0.000514985
4.45625 0.000315035
