# f(v_x, v_y, v_z), v_z = const
# nv_x = 32, nv_y = 32, nv_z = 32
# n = 0.988996 , T = 2.26827 , E = 6.72994 , vec_p = {-8.16429e-017 -6.94872e-017 7.82439e-018}
-4.45625 0.000324318
-4.16875 0.000532338
-3.88125 0.000837076
-3.59375 0.00128682
-3.30625 0.00191505
-3.01875 0.00275534
-2.73125 0.00388685
-2.44375 0.00519593
-2.15625 0.00668618
-1.86875 0.00844296
-1.58125 0.010112
-1.29375 0.0117857
-1.00625 0.0132917
-0.71875 0.0143768
-0.43125 0.015276
-0.14375 0.0156642
0.14375 0.0156768
0.43125 0.0152399
0.71875 0.0143644
1.00625 0.0132337
1.29375 0.0117575
1.58125 0.0101475
1.86875 0.00838023
2.15625 0.006709
2.44375 0.0052335
2.73125 0.00383692
3.01875 0.00276155
3.30625 0.00192666
3.59375 0.00129037
3.88125 0.000835597
4.16875 0.000526834
4.45625 0.000324103
