# f(v_x, v_y, v_z), v_z = const
# nv_x = 32, nv_y = 32, nv_z = 32
# n = 0.988996 , T = 2.26827 , E = 6.72994 , vec_p = {4.105e-015 -8.66632e-017 -2.9239e-017}
-4.45625 0.000316209
-4.16875 0.000517302
-3.88125 0.000817811
-3.59375 0.0012554
-3.30625 0.00186199
-3.01875 0.00267312
-2.73125 0.00372051
-2.44375 0.00499333
-2.15625 0.00648124
-1.86875 0.00816262
-1.58125 0.00989974
-1.29375 0.0116358
-1.00625 0.0132315
-0.71875 0.0145402
-0.43125 0.0155118
-0.14375 0.0159965
0.14375 0.0159942
0.43125 0.015501
0.71875 0.014538
1.00625 0.0132318
1.29375 0.0116326
1.58125 0.00991382
1.86875 0.0081553
2.15625 0.00648523
2.44375 0.00500096
2.73125 0.00370968
3.01875 0.0026731
3.30625 0.00186182
3.59375 0.00125481
3.88125 0.000817983
4.16875 0.000516617
4.45625 0.00031678
