# f(v_x, v_y, v_z), v_z = const
# nv_x = 32, nv_y = 32, nv_z = 32
# n = 0.988996 , T = 2.26827 , E = 6.72994 , vec_p = {7.87161e-017 -8.25872e-017 -3.33707e-017}
-4.45625 0.000315187
-4.16875 0.000515447
-3.88125 0.000815819
-3.59375 0.00125057
-3.30625 0.00185345
-3.01875 0.00266009
-2.73125 0.00369496
-2.44375 0.00496344
-2.15625 0.00645032
-1.86875 0.00811595
-1.58125 0.00986684
-1.29375 0.0116158
-1.00625 0.0132314
-0.71875 0.0145759
-0.43125 0.0155591
-0.14375 0.0160636
0.14375 0.0160662
0.43125 0.0155548
0.71875 0.0145776
1.00625 0.0132302
1.29375 0.0116143
1.58125 0.0098716
1.86875 0.00811427
2.15625 0.00644857
2.44375 0.00496476
2.73125 0.00369202
3.01875 0.00266013
3.30625 0.00185392
3.59375 0.00125012
3.88125 0.000815731
4.16875 0.000515181
4.45625 0.000315294
