# f(v_x, v_y, v_z), v_z = const
# nv_x = 32, nv_y = 32, nv_z = 32
# n = 0.988996 , T = 2.26827 , E = 6.72994 , vec_p = {1.37851e-015 -1.95055e-016 -2.42349e-017}
-4.45625 0.000502389
-4.16875 0.00089275
-3.88125 0.00125057
-3.59375 0.00216952
-3.30625 0.00351522
-3.01875 0.00486954
-2.73125 0.00736667
-2.44375 0.00947239
-2.15625 0.0110743
-1.86875 0.0134823
-1.58125 0.0141975
-1.29375 0.0145864
-1.00625 0.0147888
-0.71875 0.0132532
-0.43125 0.0130422
-0.14375 0.0127503
0.14375 0.0124615
0.43125 0.0128668
0.71875 0.0130636
1.00625 0.0136679
1.29375 0.0139826
1.58125 0.0141491
1.86875 0.0120543
2.15625 0.011073
2.44375 0.00967915
2.73125 0.0072443
3.01875 0.00500786
3.30625 0.00346458
3.59375 0.00231616
3.88125 0.00144357
4.16875 0.000787243
4.45625 0.00051074
