# f(v_x, v_y, v_z), v_z = const
# nv_x = 32, nv_y = 32, nv_z = 32
# n = 0.988996 , T = 2.26827 , E = 6.72994 , vec_p = {-1.61987e-015 -2.20069e-017 9.25691e-018}
-4.45625 0.000323989
-4.16875 0.000531733
-3.88125 0.000836243
-3.59375 0.0012851
-3.30625 0.00191291
-3.01875 0.00275095
-2.73125 0.00387782
-2.44375 0.00518539
-2.15625 0.00667707
-1.86875 0.00842972
-1.58125 0.0101062
-1.29375 0.0117803
-1.00625 0.0132846
-0.71875 0.0143805
-0.43125 0.0152821
-0.14375 0.0156738
0.14375 0.0156934
0.43125 0.0152468
0.71875 0.0143699
1.00625 0.0132353
1.29375 0.011753
1.58125 0.0101404
1.86875 0.00837087
2.15625 0.00669887
2.44375 0.0052232
2.73125 0.00383241
3.01875 0.00275722
3.30625 0.0019246
3.59375 0.00128838
3.88125 0.000834506
4.16875 0.000526541
4.45625 0.000323597
