# f(v_x, v_y, v_z), v_z = const
# nv_x = 32, nv_y = 32, nv_z = 32
# n = 0.988996 , T = 2.26827 , E = 6.72994 , vec_p = {-3.01367e-015 -1.41145e-016 -3.14238e-017}
-4.45625 0.000316836
-4.16875 0.000518031
-3.88125 0.000818893
-3.59375 0.00125764
-3.30625 0.00186586
-3.01875 0.00267747
-2.73125 0.00372989
-2.44375 0.00500478
-2.15625 0.00649349
-1.86875 0.0081807
-1.58125 0.00991251
-1.29375 0.0116438
-1.00625 0.013231
-0.71875 0.014528
-0.43125 0.0154941
-0.14375 0.0159694
0.14375 0.0159725
0.43125 0.0154833
0.71875 0.014524
1.00625 0.0132303
1.29375 0.0116346
1.58125 0.00993248
1.86875 0.00816835
2.15625 0.00649792
2.44375 0.00501561
2.73125 0.00371842
3.01875 0.00267852
3.30625 0.00186526
3.59375 0.00125757
3.88125 0.000819126
4.16875 0.000517288
4.45625 0.000317295
