# f(v_x, v_y, v_z), v_z = const
# nv_x = 32, nv_y = 32, nv_z = 32
# n = 0.988996 , T = 2.26827 , E = 6.72994 , vec_p = {3.05685e-015 -1.78756e-016 -3.13469e-017}
-4.45625 0.000316736
-4.16875 0.000517825
-3.88125 0.000818734
-3.59375 0.00125726
-3.30625 0.00186498
-3.01875 0.00267671
-2.73125 0.00372832
-2.44375 0.00500157
-2.15625 0.00649082
-1.86875 0.00817772
-1.58125 0.00990997
-1.29375 0.0116422
-1.00625 0.0132308
-0.71875 0.0145314
-0.43125 0.0154971
-0.14375 0.0159742
0.14375 0.0159771
0.43125 0.0154862
0.71875 0.0145273
1.00625 0.0132309
1.29375 0.0116339
1.58125 0.00992836
1.86875 0.00816505
2.15625 0.00649625
2.44375 0.00501249
2.73125 0.00371612
3.01875 0.00267726
3.30625 0.00186482
3.59375 0.00125712
3.88125 0.000818936
4.16875 0.000517205
4.45625 0.000317186
