# f(v_x, v_y, v_z), v_z = const
# nv_x = 32, nv_y = 32, nv_z = 32
# n = 0.988996 , T = 2.26827 , E = 6.72994 , vec_p = {3.62663e-016 -3.90334e-018 -1.08959e-017}
-4.45625 0.00065373
-4.16875 0.0012315
-3.88125 0.00173145
-3.59375 0.00316064
-3.30625 0.00543647
-3.01875 0.0069368
-2.73125 0.0103707
-2.44375 0.013176
-2.15625 0.0150915
-1.86875 0.0168617
-1.58125 0.017155
-1.29375 0.0166529
-1.00625 0.0156699
-0.71875 0.0130616
-0.43125 0.0117621
-0.14375 0.0111858
0.14375 0.0109438
0.43125 0.0117095
0.71875 0.0129162
1.00625 0.0146442
1.29375 0.0159323
1.58125 0.0173671
1.86875 0.0151292
2.15625 0.0155274
2.44375 0.013462
2.73125 0.00994102
3.01875 0.00718972
3.30625 0.00486644
3.59375 0.00340797
3.88125 0.0020847
4.16875 0.00103607
4.45625 0.00070737
