# f(v_x, v_y, v_z), v_z = const
# nv_x = 32, nv_y = 32, nv_z = 32
# n = 0.988996 , T = 2.26827 , E = 6.72994 , vec_p = {-1.36089e-016 -5.23795e-017 -1.69847e-017}
-4.45625 0.000315229
-4.16875 0.000515501
-3.88125 0.000815941
-3.59375 0.00125078
-3.30625 0.00185361
-3.01875 0.00266038
-2.73125 0.00369577
-2.44375 0.00496459
-2.15625 0.00645157
-1.86875 0.00811837
-1.58125 0.00986749
-1.29375 0.0116161
-1.00625 0.0132312
-0.71875 0.0145746
-0.43125 0.0155573
-0.14375 0.0160614
0.14375 0.0160638
0.43125 0.0155528
0.71875 0.0145763
1.00625 0.0132303
1.29375 0.0116148
1.58125 0.00987302
1.86875 0.00811662
2.15625 0.00644982
2.44375 0.0049659
2.73125 0.00369257
3.01875 0.00266045
3.30625 0.00185404
3.59375 0.00125026
3.88125 0.000815831
4.16875 0.000515239
4.45625 0.000315333
