# f(v_x, v_y, v_z), v_z = const
# nv_x = 32, nv_y = 32, nv_z = 32
# n = 0.988996 , T = 2.26827 , E = 6.72994 , vec_p = {9.12325e-016 2.08822e-017 -3.5837e-017}
-4.45625 0.000318252
-4.16875 0.000520806
-3.88125 0.00082217
-3.59375 0.00126408
-3.30625 0.00187485
-3.01875 0.0026945
-2.73125 0.00375941
-2.44375 0.00503657
-2.15625 0.00653222
-1.86875 0.00823264
-1.58125 0.00995069
-1.29375 0.0116772
-1.00625 0.0132352
-0.71875 0.0144851
-0.43125 0.0154401
-0.14375 0.0158918
0.14375 0.0158994
0.43125 0.0154239
0.71875 0.0144856
1.00625 0.0132269
1.29375 0.0116592
1.58125 0.009982
1.86875 0.00821004
2.15625 0.00653739
2.44375 0.00506287
2.73125 0.00374056
3.01875 0.00269432
3.30625 0.00187838
3.59375 0.00126423
3.88125 0.000821619
4.16875 0.000519224
4.45625 0.000318717
