# f(v_x, v_y, v_z), v_z = const
# nv_x = 32, nv_y = 32, nv_z = 32
# n = 0.988996 , T = 2.26827 , E = 6.72994 , vec_p = {-4.83709e-015 -3.38804e-016 -4.5738e-017}
-4.45625 0.000317593
-4.16875 0.000519808
-3.88125 0.0008207
-3.59375 0.00126142
-3.30625 0.0018711
-3.01875 0.00268705
-2.73125 0.00374473
-2.44375 0.00502425
-2.15625 0.00651364
-1.86875 0.00820912
-1.58125 0.00993332
-1.29375 0.0116599
-1.00625 0.0132368
-0.71875 0.0145013
-0.43125 0.0154632
-0.14375 0.01593
0.14375 0.0159311
0.43125 0.0154483
0.71875 0.0145039
1.00625 0.0132272
1.29375 0.0116492
1.58125 0.00995695
1.86875 0.00819546
2.15625 0.00651992
2.44375 0.00504251
2.73125 0.00373125
3.01875 0.00268691
3.30625 0.00187224
3.59375 0.00126059
3.88125 0.000820823
4.16875 0.000518332
4.45625 0.000317996
