# f(v_x, v_y, v_z), v_z = const
# nv_x = 32, nv_y = 32, nv_z = 32
# n = 0.988996 , T = 2.26827 , E = 6.72994 , vec_p = {-6.14136e-015 1.1348e-017 -9.50715e-018}
-4.45625 0.000382436
-4.16875 0.000654209
-3.88125 0.000976435
-3.59375 0.00156266
-3.30625 0.00242772
-3.01875 0.00341399
-2.73125 0.00502927
-2.44375 0.00663025
-2.15625 0.00806554
-1.86875 0.0103777
-1.58125 0.0117278
-1.29375 0.0128725
-1.00625 0.0138434
-0.71875 0.013762
-0.43125 0.0142817
-0.14375 0.0142592
0.14375 0.0142104
0.43125 0.0141709
0.71875 0.0137435
1.00625 0.013393
1.29375 0.0125612
1.58125 0.011551
1.86875 0.00974894
2.15625 0.00851351
2.44375 0.00682803
2.73125 0.00502673
3.01875 0.00353837
3.30625 0.00241906
3.59375 0.00161738
3.88125 0.00100425
4.16875 0.000621296
4.45625 0.000395401
