# f(v_x, v_y, v_z), v_z = const
# nv_x = 32, nv_y = 32, nv_z = 32
# n = 0.988996 , T = 2.26827 , E = 6.72994 , vec_p = {2.58893e-015 -1.86657e-016 7.95451e-018}
-4.45625 0.00032295
-4.16875 0.000529673
-3.88125 0.00083405
-3.59375 0.00127969
-3.30625 0.00190505
-3.01875 0.00273949
-2.73125 0.00385168
-2.44375 0.00515463
-2.15625 0.00665475
-1.86875 0.00838767
-1.58125 0.0100812
-1.29375 0.0117573
-1.00625 0.0132752
-0.71875 0.0144029
-0.43125 0.0153048
-0.14375 0.0157142
0.14375 0.015736
0.43125 0.0152741
0.71875 0.0143885
1.00625 0.0132332
1.29375 0.0117299
1.58125 0.010111
1.86875 0.00834709
2.15625 0.00666876
2.44375 0.00519839
2.73125 0.00381344
3.01875 0.0027437
3.30625 0.00191452
3.59375 0.00128354
3.88125 0.000831577
4.16875 0.00052546
4.45625 0.000322416
