# f(v_x, v_y, v_z), v_z = const
# nv_x = 32, nv_y = 32, nv_z = 32
# n = 0.988996 , T = 2.26827 , E = 6.72994 , vec_p = {-1.73943e-015 -1.52618e-016 -6.18351e-020}
-4.45625 0.000321914
-4.16875 0.00052834
-3.88125 0.000832048
-3.59375 0.00127748
-3.30625 0.00189944
-3.01875 0.00273247
-2.73125 0.00383871
-2.44375 0.00513744
-2.15625 0.00663956
-1.86875 0.0083672
-1.58125 0.0100594
-1.29375 0.0117507
-1.00625 0.0132725
-0.71875 0.0144119
-0.43125 0.015325
-0.14375 0.0157418
0.14375 0.0157663
0.43125 0.0152975
0.71875 0.014404
1.00625 0.0132278
1.29375 0.0117196
1.58125 0.0100988
1.86875 0.00832578
2.15625 0.00664603
2.44375 0.00517397
2.73125 0.00379859
3.01875 0.00273656
3.30625 0.00190886
3.59375 0.00128009
3.88125 0.000829512
4.16875 0.000524591
4.45625 0.000322032
