# f(v_x, v_y, v_z), v_z = const
# nv_x = 32, nv_y = 32, nv_z = 32
# n = 0.988996 , T = 2.26827 , E = 6.72994 , vec_p = {-4.33218e-015 6.51806e-017 -6.45629e-018}
-4.45625 0.000333506
-4.16875 0.000547278
-3.88125 0.000856201
-3.59375 0.00132544
-3.30625 0.00198311
-3.01875 0.00284289
-2.73125 0.00407335
-2.44375 0.00538535
-2.15625 0.00690091
-1.86875 0.00870824
-1.58125 0.0103849
-1.29375 0.0119509
-1.00625 0.0133595
-0.71875 0.0142592
-0.43125 0.0150633
-0.14375 0.0153811
0.14375 0.0154143
0.43125 0.0150345
0.71875 0.014226
1.00625 0.0132506
1.29375 0.0118744
1.58125 0.010386
1.86875 0.00862793
2.15625 0.0069821
2.44375 0.00548077
2.73125 0.00400231
3.01875 0.00286818
3.30625 0.00199345
3.59375 0.00133056
3.88125 0.000853639
4.16875 0.000540945
4.45625 0.000333407
