# f(v_x, v_y, v_z), v_z = const
# nv_x = 32, nv_y = 32, nv_z = 32
# n = 0.988996 , T = 2.26827 , E = 6.72994 , vec_p = {-4.70268e-015 1.06511e-017 -1.35857e-017}
-4.45625 0.000837313
-4.16875 0.00158167
-3.88125 0.00231182
-3.59375 0.00457774
-3.30625 0.00686393
-3.01875 0.00912693
-2.73125 0.0128872
-2.44375 0.0156413
-2.15625 0.0182723
-1.86875 0.0201378
-1.58125 0.0194592
-1.29375 0.0191772
-1.00625 0.0164755
-0.71875 0.01342
-0.43125 0.0108758
-0.14375 0.0100655
0.14375 0.0100827
0.43125 0.0111112
0.71875 0.0129018
1.00625 0.0151339
1.29375 0.017619
1.58125 0.0200839
1.86875 0.0187429
2.15625 0.0196173
2.44375 0.0169769
2.73125 0.0129334
3.01875 0.00933015
3.30625 0.0063075
3.59375 0.0043401
3.88125 0.00260578
4.16875 0.0013473
4.45625 0.000900352
