# f(v_x, v_y, v_z), v_z = const
# nv_x = 32, nv_y = 32, nv_z = 32
# n = 0.988996 , T = 2.26827 , E = 6.72994 , vec_p = {-5.59896e-016 -1.19114e-016 -3.65922e-018}
-4.45625 0.000339391
-4.16875 0.000560147
-3.88125 0.000872097
-3.59375 0.00135969
-3.30625 0.00205173
-3.01875 0.00292578
-2.73125 0.00421837
-2.44375 0.00556862
-2.15625 0.00707745
-1.86875 0.00893827
-1.58125 0.0105783
-1.29375 0.0120645
-1.00625 0.013426
-0.71875 0.0141586
-0.43125 0.0149278
-0.14375 0.0151914
0.14375 0.0151945
0.43125 0.0149111
0.71875 0.0141484
1.00625 0.0132892
1.29375 0.011962
1.58125 0.0105757
1.86875 0.00883545
2.15625 0.00719113
2.44375 0.00564185
2.73125 0.0041237
3.01875 0.00294416
3.30625 0.00205508
3.59375 0.00137324
3.88125 0.00086716
4.16875 0.000548633
4.45625 0.000341977
