# f(v_x, v_y, v_z), v_z = const
# nv_x = 32, nv_y = 32, nv_z = 32
# n = 0.988996 , T = 2.26827 , E = 6.72994 , vec_p = {-5.16004e-016 4.57206e-017 -3.81896e-018}
-4.45625 0.000320749
-4.16875 0.000526055
-3.88125 0.000828071
-3.59375 0.00127328
-3.30625 0.00189192
-3.01875 0.00271696
-2.73125 0.0038091
-2.44375 0.00510247
-2.15625 0.00660317
-1.86875 0.00831665
-1.58125 0.0100323
-1.29375 0.0117271
-1.00625 0.0132595
-0.71875 0.0144274
-0.43125 0.0153614
-0.14375 0.0157848
0.14375 0.0157996
0.43125 0.0153382
0.71875 0.014427
1.00625 0.0132224
1.29375 0.0116983
1.58125 0.0100609
1.86875 0.00829066
2.15625 0.00661525
2.44375 0.00513672
2.73125 0.00378253
3.01875 0.00271954
3.30625 0.00190183
3.59375 0.00127491
3.88125 0.00082697
4.16875 0.000522671
4.45625 0.000320956
