# f(v_x, v_y, v_z), v_z = const
# nv_x = 32, nv_y = 32, nv_z = 32
# n = 0.988996 , T = 2.26827 , E = 6.72994 , vec_p = {2.65957e-015 9.7474e-017 -3.19243e-017}
-4.45625 0.000315818
-4.16875 0.000516554
-3.88125 0.000816968
-3.59375 0.00125341
-3.30625 0.00185827
-3.01875 0.00266742
-2.73125 0.00370864
-2.44375 0.00497817
-2.15625 0.00646807
-1.86875 0.00814274
-1.58125 0.00988322
-1.29375 0.0116259
-1.00625 0.0132309
-0.71875 0.0145554
-0.43125 0.0155289
-0.14375 0.0160235
0.14375 0.016026
0.43125 0.0155231
0.71875 0.0145528
1.00625 0.0132304
1.29375 0.0116214
1.58125 0.00989475
1.86875 0.00813749
2.15625 0.00646882
2.44375 0.00498298
2.73125 0.00370177
3.01875 0.00266802
3.30625 0.0018576
3.59375 0.00125203
3.88125 0.000816775
4.16875 0.000515889
4.45625 0.000316044
