# f(v_x, v_y, v_z), v_z = const
# nv_x = 32, nv_y = 32, nv_z = 32
# n = 0.988996 , T = 2.26827 , E = 6.72994 , vec_p = {-1.72563e-015 4.26585e-017 -1.85711e-017}
-4.45625 0.000853062
-4.16875 0.00167514
-3.88125 0.00245375
-3.59375 0.00483874
-3.30625 0.00712233
-3.01875 0.0093979
-2.73125 0.0134541
-2.44375 0.0167364
-2.15625 0.0189912
-1.86875 0.0206077
-1.58125 0.0201857
-1.29375 0.0193218
-1.00625 0.0165167
-0.71875 0.0134614
-0.43125 0.0108603
-0.14375 0.00991952
0.14375 0.00997737
0.43125 0.0112159
0.71875 0.0129653
1.00625 0.0151565
1.29375 0.0180628
1.58125 0.0206054
1.86875 0.019215
2.15625 0.0201914
2.44375 0.0177453
2.73125 0.0134374
3.01875 0.00961659
3.30625 0.00666298
3.59375 0.00447839
3.88125 0.00270426
4.16875 0.0014432
4.45625 0.00092239
