# f(v_x, v_y, v_z), v_z = const
# nv_x = 32, nv_y = 32, nv_z = 32
# n = 0.988996 , T = 2.26827 , E = 6.72994 , vec_p = {4.98391e-017 -1.47178e-016 -3.42892e-017}
-4.45625 0.000315058
-4.16875 0.00051527
-3.88125 0.000815496
-3.59375 0.00125001
-3.30625 0.00185263
-3.01875 0.00265847
-2.73125 0.0036922
-2.44375 0.00496054
-2.15625 0.00644618
-1.86875 0.00811035
-1.58125 0.0098633
-1.29375 0.0116134
-1.00625 0.013232
-0.71875 0.0145816
-0.43125 0.0155662
-0.14375 0.0160744
0.14375 0.0160751
0.43125 0.0155628
0.71875 0.0145828
1.00625 0.0132304
1.29375 0.0116128
1.58125 0.00986604
1.86875 0.00810795
2.15625 0.00644454
2.44375 0.00496039
2.73125 0.00368988
3.01875 0.00265859
3.30625 0.00185313
3.59375 0.00124964
3.88125 0.000815508
4.16875 0.000515051
4.45625 0.000315145
