# f(v_x, v_y, v_z), v_z = const
# nv_x = 32, nv_y = 32, nv_z = 32
# n = 0.988996 , T = 2.26827 , E = 6.72994 , vec_p = {2.60738e-017 -1.5548e-016 -3.21923e-017}
-4.45625 0.000319036
-4.16875 0.000522376
-3.88125 0.000824165
-3.59375 0.0012666
-3.30625 0.0018814
-3.01875 0.00270244
-2.73125 0.00377942
-2.44375 0.00506427
-2.15625 0.00656078
-1.86875 0.00826793
-1.58125 0.00998141
-1.29375 0.0116923
-1.00625 0.013243
-0.71875 0.01446
-0.43125 0.0154069
-0.14375 0.0158498
0.14375 0.0158633
0.43125 0.0153901
0.71875 0.0144624
1.00625 0.0132248
1.29375 0.0116675
1.58125 0.0100113
1.86875 0.00824709
2.15625 0.00656554
2.44375 0.00509056
2.73125 0.00375695
3.01875 0.00270341
3.30625 0.00188786
3.59375 0.00126873
3.88125 0.000823463
4.16875 0.000520466
4.45625 0.000319728
