# f(v_x, v_y, v_z), v_z = const
# nv_x = 32, nv_y = 32, nv_z = 32
# n = 0.988996 , T = 2.26827 , E = 6.72994 , vec_p = {2.13705e-015 -1.49316e-016 1.13686e-019}
-4.45625 0.000324373
-4.16875 0.000532513
-3.88125 0.000837209
-3.59375 0.00128704
-3.30625 0.00191611
-3.01875 0.00275728
-2.73125 0.00389085
-2.44375 0.00520146
-2.15625 0.00669059
-1.86875 0.00844514
-1.58125 0.010118
-1.29375 0.0117863
-1.00625 0.013292
-0.71875 0.014373
-0.43125 0.0152722
-0.14375 0.0156588
0.14375 0.0156693
0.43125 0.0152359
0.71875 0.0143612
1.00625 0.0132327
1.29375 0.0117593
1.58125 0.01015
1.86875 0.00838362
2.15625 0.00671158
2.44375 0.00523604
2.73125 0.00384021
3.01875 0.00276206
3.30625 0.0019274
3.59375 0.00129174
3.88125 0.000835955
4.16875 0.000526964
4.45625 0.000324418
