# f(v_x, v_y, v_z), v_z = const
# nv_x = 32, nv_y = 32, nv_z = 32
# n = 0.988996 , T = 2.26827 , E = 6.72994 , vec_p = {2.89526e-015 4.8234e-017 -2.71778e-017}
-4.45625 0.000315075
-4.16875 0.000515302
-3.88125 0.000815565
-3.59375 0.00125014
-3.30625 0.00185275
-3.01875 0.0026587
-2.73125 0.00369274
-2.44375 0.0049612
-2.15625 0.00644704
-1.86875 0.00811148
-1.58125 0.00986452
-1.29375 0.0116141
-1.00625 0.0132318
-0.71875 0.0145804
-0.43125 0.0155649
-0.14375 0.0160724
0.14375 0.0160732
0.43125 0.0155613
0.71875 0.0145821
1.00625 0.0132301
1.29375 0.011613
1.58125 0.00986688
1.86875 0.00810953
2.15625 0.00644524
2.44375 0.00496099
2.73125 0.00369048
3.01875 0.00265883
3.30625 0.00185319
3.59375 0.00124971
3.88125 0.00081554
4.16875 0.000515077
4.45625 0.000315176
