# f(v_x, v_y, v_z), v_z = const
# nv_x = 32, nv_y = 32, nv_z = 32
# n = 0.988996 , T = 2.26827 , E = 6.72994 , vec_p = {6.54822e-015 -2.85959e-016 -3.45903e-017}
-4.45625 0.000314849
-4.16875 0.000514922
-3.88125 0.000815024
-3.59375 0.00124857
-3.30625 0.00185064
-3.01875 0.00265487
-2.73125 0.00368577
-2.44375 0.0049511
-2.15625 0.00643601
-1.86875 0.00809745
-1.58125 0.00985534
-1.29375 0.0116092
-1.00625 0.0132336
-0.71875 0.0145958
-0.43125 0.0155839
-0.14375 0.0160999
0.14375 0.0161005
0.43125 0.0155825
0.71875 0.0145963
1.00625 0.013233
1.29375 0.0116088
1.58125 0.00985589
1.86875 0.00809643
2.15625 0.00643572
2.44375 0.00495149
2.73125 0.00368544
3.01875 0.00265494
3.30625 0.00185082
3.59375 0.00124847
3.88125 0.000815014
4.16875 0.000514879
4.45625 0.000314869
