# f(v_x, v_y, v_z), v_z = const
# nv_x = 32, nv_y = 32, nv_z = 32
# n = 0.988996 , T = 2.26827 , E = 6.72994 , vec_p = {5.44149e-018 7.8662e-017 -1.44327e-017}
-4.45625 0.000508247
-4.16875 0.000901643
-3.88125 0.0012586
-3.59375 0.00219712
-3.30625 0.00356027
-3.01875 0.00490724
-2.73125 0.007434
-2.44375 0.00961583
-2.15625 0.0111644
-1.86875 0.0135228
-1.58125 0.0142278
-1.29375 0.0146135
-1.00625 0.0148492
-0.71875 0.0132179
-0.43125 0.0129862
-0.14375 0.0127062
0.14375 0.0123906
0.43125 0.0128235
0.71875 0.0130715
1.00625 0.013668
1.29375 0.0140007
1.58125 0.0142652
1.86875 0.0121213
2.15625 0.0111857
2.44375 0.00974286
2.73125 0.00734211
3.01875 0.00505317
3.30625 0.00351901
3.59375 0.00238733
3.88125 0.0014567
4.16875 0.000789383
4.45625 0.000524276
