# f(v_x, v_y, v_z), v_z = const
# nv_x = 32, nv_y = 32, nv_z = 32
# n = 0.988996 , T = 2.26827 , E = 6.72994 , vec_p = {1.00865e-015 -5.17341e-017 -4.78771e-018}
-4.45625 0.000323286
-4.16875 0.000530291
-3.88125 0.000834505
-3.59375 0.00128211
-3.30625 0.00190958
-3.01875 0.00274363
-2.73125 0.00385735
-2.44375 0.00516583
-2.15625 0.00666254
-1.86875 0.00840229
-1.58125 0.0100912
-1.29375 0.0117621
-1.00625 0.0132795
-0.71875 0.0143949
-0.43125 0.0152973
-0.14375 0.0156992
0.14375 0.0157188
0.43125 0.0152675
0.71875 0.0143812
1.00625 0.0132321
1.29375 0.0117358
1.58125 0.0101243
1.86875 0.00835689
2.15625 0.00667674
2.44375 0.0052072
2.73125 0.00381858
3.01875 0.00274729
3.30625 0.00191632
3.59375 0.00128508
3.88125 0.000832623
4.16875 0.000525734
4.45625 0.000322591
