# f(v_x, v_y, v_z), v_z = const
# nv_x = 32, nv_y = 32, nv_z = 32
# n = 0.988996 , T = 2.26827 , E = 6.72994 , vec_p = {-5.25037e-016 1.12023e-016 6.64212e-018}
-4.45625 0.000327129
-4.16875 0.00053749
-3.88125 0.000842899
-3.59375 0.00129823
-3.30625 0.00192851
-3.01875 0.00278241
-2.73125 0.00394231
-2.44375 0.00524836
-2.15625 0.00674139
-1.86875 0.00851304
-1.58125 0.0101821
-1.29375 0.0118221
-1.00625 0.0133209
-0.71875 0.0143465
-0.43125 0.0152157
-0.14375 0.0155859
0.14375 0.0156033
0.43125 0.0151686
0.71875 0.0143303
1.00625 0.0132345
1.29375 0.0117819
1.58125 0.0102091
1.86875 0.00844933
2.15625 0.00678479
2.44375 0.00528955
2.73125 0.00388576
3.01875 0.00279127
3.30625 0.0019518
3.59375 0.00130209
3.88125 0.000840824
4.16875 0.000530379
4.45625 0.000327148
