# f(v_x, v_y, v_z), v_z = const
# nv_x = 32, nv_y = 32, nv_z = 32
# n = 0.988996 , T = 2.26827 , E = 6.72994 , vec_p = {4.55917e-015 -8.60629e-017 3.47211e-018}
-4.45625 0.000357235
-4.16875 0.000597193
-3.88125 0.00090705
-3.59375 0.00143312
-3.30625 0.00219523
-3.01875 0.00307773
-2.73125 0.004473
-2.44375 0.00591848
-2.15625 0.00743555
-1.86875 0.00948536
-1.58125 0.0110536
-1.29375 0.0123146
-1.00625 0.0135392
-0.71875 0.0140124
-0.43125 0.0146775
-0.14375 0.0148013
0.14375 0.0148302
0.43125 0.0146036
0.71875 0.0139984
1.00625 0.0133134
1.29375 0.0121495
1.58125 0.0109604
1.86875 0.0091889
2.15625 0.00768822
2.44375 0.00611307
2.73125 0.00445087
3.01875 0.00315288
3.30625 0.00219801
3.59375 0.00146195
3.88125 0.000912957
4.16875 0.00057233
4.45625 0.000360467
