# f(v_x, v_y, v_z), v_z = const
# nv_x = 32, nv_y = 32, nv_z = 32
# n = 0.988996 , T = 2.26827 , E = 6.72994 , vec_p = {-9.92726e-016 -2.02394e-016 -3.15353e-017}
-4.45625 0.000314864
-4.16875 0.000514962
-3.88125 0.00081508
-3.59375 0.00124877
-3.30625 0.00185094
-3.01875 0.00265531
-2.73125 0.00368648
-2.44375 0.00495251
-2.15625 0.00643739
-1.86875 0.008099
-1.58125 0.00985658
-1.29375 0.0116096
-1.00625 0.0132332
-0.71875 0.0145936
-0.43125 0.0155811
-0.14375 0.0160959
0.14375 0.0160965
0.43125 0.0155794
0.71875 0.0145944
1.00625 0.0132326
1.29375 0.0116092
1.58125 0.00985729
1.86875 0.00809818
2.15625 0.00643675
2.44375 0.00495256
2.73125 0.00368612
3.01875 0.00265547
3.30625 0.00185106
3.59375 0.00124857
3.88125 0.000815106
4.16875 0.000514878
4.45625 0.000314902
