# f(v_x, v_y, v_z), v_z = const
# nv_x = 32, nv_y = 32, nv_z = 32
# n = 0.988996 , T = 2.26827 , E = 6.72994 , vec_p = {-2.31985e-017 -6.21945e-017 -3.76164e-019}
-4.45625 0.000421443
-4.16875 0.000747788
-3.88125 0.00104155
-3.59375 0.00169628
-3.30625 0.0027254
-3.01875 0.0037577
-2.73125 0.00567511
-2.44375 0.00740572
-2.15625 0.00893178
-1.86875 0.0112379
-1.58125 0.0124402
-1.29375 0.0133559
-1.00625 0.0140106
-0.71875 0.0136332
-0.43125 0.0138405
-0.14375 0.0137648
0.14375 0.0136468
0.43125 0.0137834
0.71875 0.0135528
1.00625 0.0134532
1.29375 0.0129825
1.58125 0.0123292
1.86875 0.0104448
2.15625 0.00925298
2.44375 0.00754379
2.73125 0.0056108
3.01875 0.00395013
3.30625 0.0027148
3.59375 0.00179347
3.88125 0.0011152
4.16875 0.000669846
4.45625 0.000420921
