# f(v_x, v_y, v_z), v_z = const
# nv_x = 32, nv_y = 32, nv_z = 32
# n = 0.988996 , T = 2.26827 , E = 6.72994 , vec_p = {-6.48702e-017 1.77003e-018 -3.58173e-017}
-4.45625 0.000315771
-4.16875 0.000516436
-3.88125 0.00081673
-3.59375 0.00125295
-3.30625 0.00185778
-3.01875 0.00266676
-2.73125 0.00370725
-2.44375 0.00497731
-2.15625 0.00646651
-1.86875 0.00814052
-1.58125 0.00988112
-1.29375 0.0116253
-1.00625 0.0132311
-0.71875 0.0145576
-0.43125 0.0155314
-0.14375 0.0160277
0.14375 0.0160288
0.43125 0.0155257
0.71875 0.0145551
1.00625 0.0132302
1.29375 0.0116202
1.58125 0.00989272
1.86875 0.00813527
2.15625 0.00646704
2.44375 0.00498128
2.73125 0.00370109
3.01875 0.00266728
3.30625 0.00185716
3.59375 0.00125176
3.88125 0.000816645
4.16875 0.000515783
4.45625 0.00031599
