# f(v_x, v_y, v_z), v_z = const
# nv_x = 32, nv_y = 32, nv_z = 32
# n = 0.988996 , T = 2.26827 , E = 6.72994 , vec_p = {-3.42211e-015 -2.68582e-016 -3.23552e-017}
-4.45625 0.000318469
-4.16875 0.000521172
-3.88125 0.000822966
-3.59375 0.00126532
-3.30625 0.00187779
-3.01875 0.00269754
-2.73125 0.0037669
-2.44375 0.00504742
-2.15625 0.00654021
-1.86875 0.00824639
-1.58125 0.00996329
-1.29375 0.0116845
-1.00625 0.0132382
-0.71875 0.0144776
-0.43125 0.015426
-0.14375 0.0158753
0.14375 0.0158839
0.43125 0.0154111
0.71875 0.0144783
1.00625 0.013226
1.29375 0.0116617
1.58125 0.0099951
1.86875 0.00822327
2.15625 0.00654607
2.44375 0.00507467
2.73125 0.00374757
3.01875 0.00269917
3.30625 0.00188203
3.59375 0.00126564
3.88125 0.000822195
4.16875 0.000519996
4.45625 0.000319174
