# f(v_x, v_y, v_z), v_z = const
# nv_x = 32, nv_y = 32, nv_z = 32
# n = 0.988996 , T = 2.26827 , E = 6.72994 , vec_p = {3.30425e-015 -1.83878e-016 -4.09245e-017}
-4.45625 0.000315832
-4.16875 0.000516598
-3.88125 0.000816944
-3.59375 0.00125345
-3.30625 0.00185833
-3.01875 0.00266752
-2.73125 0.00370876
-2.44375 0.00497835
-2.15625 0.0064682
-1.86875 0.00814295
-1.58125 0.0098832
-1.29375 0.0116259
-1.00625 0.0132308
-0.71875 0.0145552
-0.43125 0.0155286
-0.14375 0.0160231
0.14375 0.0160257
0.43125 0.0155227
0.71875 0.0145525
1.00625 0.0132305
1.29375 0.0116217
1.58125 0.00989497
1.86875 0.00813785
2.15625 0.00646903
2.44375 0.00498334
2.73125 0.00370182
3.01875 0.00266808
3.30625 0.00185761
3.59375 0.00125208
3.88125 0.000816798
4.16875 0.00051589
4.45625 0.000316069
