# f(v_x, v_y, v_z), v_z = const
# nv_x = 32, nv_y = 32, nv_z = 32
# n = 0.988996 , T = 2.26827 , E = 6.72994 , vec_p = {5.07048e-016 -6.5866e-017 -2.48413e-017}
-4.45625 0.000319451
-4.16875 0.000523416
-3.88125 0.000825586
-3.59375 0.00126908
-3.30625 0.0018848
-3.01875 0.00270879
-2.73125 0.00379175
-2.44375 0.00508001
-2.15625 0.0065751
-1.86875 0.00828308
-1.58125 0.00999427
-1.29375 0.0117056
-1.00625 0.013253
-0.71875 0.014449
-0.43125 0.0153885
-0.14375 0.015825
0.14375 0.0158426
0.43125 0.0153683
0.71875 0.0144489
1.00625 0.0132251
1.29375 0.0116772
1.58125 0.0100293
1.86875 0.00826168
2.15625 0.00658284
2.44375 0.00510595
2.73125 0.00376679
3.01875 0.00271059
3.30625 0.00189428
3.59375 0.00127119
3.88125 0.000824936
4.16875 0.000521448
4.45625 0.000320426
