# f(v_x, v_y, v_z), v_z = const
# nv_x = 32, nv_y = 32, nv_z = 32
# n = 0.988996 , T = 2.26827 , E = 6.72994 , vec_p = {4.08294e-015 3.94959e-017 3.77484e-018}
-4.45625 0.000330934
-4.16875 0.000544696
-3.88125 0.000851257
-3.59375 0.00131866
-3.30625 0.00197059
-3.01875 0.0028324
-2.73125 0.00402838
-2.44375 0.00534989
-2.15625 0.00684929
-1.86875 0.00864827
-1.58125 0.0103392
-1.29375 0.0119174
-1.00625 0.0133381
-0.71875 0.0142822
-0.43125 0.0151105
-0.14375 0.015441
0.14375 0.0154754
0.43125 0.0150825
0.71875 0.0142556
1.00625 0.0132538
1.29375 0.011845
1.58125 0.0103311
1.86875 0.00857201
2.15625 0.00693124
2.44375 0.005426
2.73125 0.00397411
3.01875 0.00284735
3.30625 0.0019835
3.59375 0.00132282
3.88125 0.000849969
4.16875 0.000538159
4.45625 0.000331278
