# f(v_x, v_y, v_z), v_z = const
# nv_x = 32, nv_y = 32, nv_z = 32
# n = 0.988996 , T = 2.26827 , E = 6.72994 , vec_p = {2.20973e-016 -8.67611e-017 3.0866e-018}
-4.45625 0.000336143
-4.16875 0.000552831
-3.88125 0.000862542
-3.59375 0.00133848
-3.30625 0.00200678
-3.01875 0.00287226
-2.73125 0.00413444
-2.44375 0.00545874
-2.15625 0.0069835
-1.86875 0.0088104
-1.58125 0.0104786
-1.29375 0.0120138
-1.00625 0.0133819
-0.71875 0.0142169
-0.43125 0.0150066
-0.14375 0.0153022
0.14375 0.0153228
0.43125 0.0149747
0.71875 0.0141862
1.00625 0.013273
1.29375 0.0119167
1.58125 0.0104621
1.86875 0.00871096
2.15625 0.00706549
2.44375 0.00556554
2.73125 0.00404824
3.01875 0.00290244
3.30625 0.00201869
3.59375 0.00134698
3.88125 0.000858891
4.16875 0.000544149
4.45625 0.000336466
