# f(v_x, v_y, v_z), v_z = const
# nv_x = 32, nv_y = 32, nv_z = 32
# n = 0.988996 , T = 2.26827 , E = 6.72994 , vec_p = {-6.38813e-016 7.73609e-017 -3.42315e-018}
-4.45625 0.000321753
-4.16875 0.000527239
-3.88125 0.000830484
-3.59375 0.00127595
-3.30625 0.00189536
-3.01875 0.00272675
-2.73125 0.00382726
-2.44375 0.00512116
-2.15625 0.00662814
-1.86875 0.00835123
-1.58125 0.0100489
-1.29375 0.0117432
-1.00625 0.0132681
-0.71875 0.0144178
-0.43125 0.0153403
-0.14375 0.0157574
0.14375 0.015782
0.43125 0.0153144
0.71875 0.0144131
1.00625 0.0132279
1.29375 0.0117152
1.58125 0.0100848
1.86875 0.00830947
2.15625 0.00663129
2.44375 0.00516004
2.73125 0.00379092
3.01875 0.00272755
3.30625 0.00190627
3.59375 0.00127756
3.88125 0.000828694
4.16875 0.000524356
4.45625 0.00032157
