# f(v_x, v_y, v_z), v_z = const
# nv_x = 32, nv_y = 32, nv_z = 32
# n = 0.988996 , T = 2.26827 , E = 6.72994 , vec_p = {-2.20711e-015 -1.17536e-016 -1.88175e-017}
-4.45625 0.000314869
-4.16875 0.000514983
-3.88125 0.000815089
-3.59375 0.0012488
-3.30625 0.00185097
-3.01875 0.00265544
-2.73125 0.00368682
-2.44375 0.00495299
-2.15625 0.00643792
-1.86875 0.00809965
-1.58125 0.00985712
-1.29375 0.0116099
-1.00625 0.013233
-0.71875 0.0145928
-0.43125 0.01558
-0.14375 0.0160943
0.14375 0.0160949
0.43125 0.0155784
0.71875 0.0145936
1.00625 0.0132323
1.29375 0.0116093
1.58125 0.00985786
1.86875 0.00809879
2.15625 0.00643718
2.44375 0.00495292
2.73125 0.00368629
3.01875 0.0026556
3.30625 0.00185118
3.59375 0.00124861
3.88125 0.000815153
4.16875 0.000514893
4.45625 0.000314917
