# f(v_x, v_y, v_z), v_z = const
# nv_x = 32, nv_y = 32, nv_z = 32
# n = 0.988996 , T = 2.26827 , E = 6.72994 , vec_p = {-1.96167e-016 8.86831e-017 -1.98362e-017}
-4.45625 0.000527438
-4.16875 0.00093865
-3.88125 0.00129507
-3.59375 0.00228623
-3.30625 0.00375301
-3.01875 0.00523055
-2.73125 0.00794544
-2.44375 0.0100474
-2.15625 0.0117198
-1.86875 0.0139967
-1.58125 0.0147414
-1.29375 0.0147781
-1.00625 0.0150009
-0.71875 0.0132598
-0.43125 0.012714
-0.14375 0.0125174
0.14375 0.0121438
0.43125 0.0125992
0.71875 0.0129794
1.00625 0.0137034
1.29375 0.0142213
1.58125 0.0147499
1.86875 0.012434
2.15625 0.0116949
2.44375 0.0101449
2.73125 0.00778552
3.01875 0.00535715
3.30625 0.0037379
3.59375 0.00254405
3.88125 0.00153877
4.16875 0.000856458
4.45625 0.000554991
