# f(v_x, v_y, v_z), v_z = const
# nv_x = 32, nv_y = 32, nv_z = 32
# n = 0.988996 , T = 2.26827 , E = 6.72994 , vec_p = {-9.90552e-016 7.49068e-017 1.04949e-017}
-4.45625 0.000320321
-4.16875 0.000525208
-3.88125 0.000827182
-3.59375 0.00127196
-3.30625 0.00188945
-3.01875 0.00271413
-2.73125 0.0038032
-2.44375 0.00509391
-2.15625 0.00658989
-1.86875 0.00830623
-1.58125 0.0100145
-1.29375 0.0117195
-1.00625 0.0132583
-0.71875 0.0144351
-0.43125 0.0153692
-0.14375 0.0158029
0.14375 0.0158202
0.43125 0.0153486
0.71875 0.0144353
1.00625 0.0132247
1.29375 0.0116911
1.58125 0.0100486
1.86875 0.00827812
2.15625 0.00660419
2.44375 0.00512691
2.73125 0.00377535
3.01875 0.00271538
3.30625 0.00189867
3.59375 0.00127362
3.88125 0.000826404
4.16875 0.000522108
4.45625 0.000320672
