# f(v_x, v_y, v_z), v_z = const
# nv_x = 32, nv_y = 32, nv_z = 32
# n = 0.988996 , T = 2.26827 , E = 6.72994 , vec_p = {-4.04431e-015 -1.24464e-016 -2.62735e-018}
-4.45625 0.000334323
-4.16875 0.000549764
-3.88125 0.000858942
-3.59375 0.00132858
-3.30625 0.0019906
-3.01875 0.00285339
-2.73125 0.00409609
-2.44375 0.00541466
-2.15625 0.00693263
-1.86875 0.00873309
-1.58125 0.0104181
-1.29375 0.0119639
-1.00625 0.013366
-0.71875 0.0142386
-0.43125 0.0150425
-0.14375 0.0153544
0.14375 0.0153733
0.43125 0.0150159
0.71875 0.0142071
1.00625 0.0132502
1.29375 0.0118871
1.58125 0.010414
1.86875 0.00865144
2.15625 0.00701561
2.44375 0.00550902
2.73125 0.00401705
3.01875 0.00288006
3.30625 0.00200527
3.59375 0.00133705
3.88125 0.000856592
4.16875 0.000542222
4.45625 0.000333752
