# f(v_x, v_y, v_z), v_z = const
# nv_x = 32, nv_y = 32, nv_z = 32
# n = 0.988996 , T = 2.26827 , E = 6.72994 , vec_p = {-5.75139e-016 1.4329e-017 -7.44791e-018}
-4.45625 0.000739081
-4.16875 0.00143805
-3.88125 0.0020292
-3.59375 0.00386838
-3.30625 0.00634949
-3.01875 0.00784029
-2.73125 0.0118398
-2.44375 0.0147281
-2.15625 0.0170906
-1.86875 0.0186903
-1.58125 0.0186886
-1.29375 0.0183104
-1.00625 0.0160815
-0.71875 0.0132125
-0.43125 0.0113474
-0.14375 0.0105287
0.14375 0.0104213
0.43125 0.011368
0.71875 0.0128631
1.00625 0.0148783
1.29375 0.0169658
1.58125 0.0191386
1.86875 0.0168356
2.15625 0.0179774
2.44375 0.015266
2.73125 0.0111712
3.01875 0.00827737
3.30625 0.00566763
3.59375 0.00381831
3.88125 0.0023657
4.16875 0.001268
4.45625 0.000830323
