# f(v_x, v_y, v_z), v_z = const
# nv_x = 32, nv_y = 32, nv_z = 32
# n = 0.988996 , T = 2.26827 , E = 6.72994 , vec_p = {9.41826e-016 2.40397e-017 1.31915e-018}
-4.45625 0.000322344
-4.16875 0.000528664
-3.88125 0.000833277
-3.59375 0.00127897
-3.30625 0.00190222
-3.01875 0.00273644
-2.73125 0.00384307
-2.44375 0.00514369
-2.15625 0.00664436
-1.86875 0.00837431
-1.58125 0.0100743
-1.29375 0.0117561
-1.00625 0.0132744
-0.71875 0.0144085
-0.43125 0.0153159
-0.14375 0.0157303
0.14375 0.0157548
0.43125 0.0152919
0.71875 0.0143977
1.00625 0.0132291
1.29375 0.0117267
1.58125 0.010103
1.86875 0.00833406
2.15625 0.00665737
2.44375 0.00518327
2.73125 0.0038029
3.01875 0.00273947
3.30625 0.00191083
3.59375 0.00128152
3.88125 0.000829952
4.16875 0.000525051
4.45625 0.000322332
