# f(v_x, v_y, v_z), v_z = const
# nv_x = 32, nv_y = 32, nv_z = 32
# n = 0.988996 , T = 2.26827 , E = 6.72994 , vec_p = {4.54151e-015 -1.14137e-016 -7.40733e-020}
-4.45625 0.000417176
-4.16875 0.000738079
-3.88125 0.00103414
-3.59375 0.00168081
-3.30625 0.00268526
-3.01875 0.00373236
-2.73125 0.0056211
-2.44375 0.00733524
-2.15625 0.0088573
-1.86875 0.0111939
-1.58125 0.0123604
-1.29375 0.0132736
-1.00625 0.0139938
-0.71875 0.0136449
-0.43125 0.0138693
-0.14375 0.0137903
0.14375 0.0136984
0.43125 0.0137882
0.71875 0.0135766
1.00625 0.0134417
1.29375 0.0129118
1.58125 0.0122336
1.86875 0.0104175
2.15625 0.00915851
2.44375 0.00749399
2.73125 0.00557003
3.01875 0.00391236
3.30625 0.00269344
3.59375 0.00176654
3.88125 0.0011087
4.16875 0.000664953
4.45625 0.000420398
