# f(v_x, v_y, v_z), v_z = const
# nv_x = 32, nv_y = 32, nv_z = 32
# n = 0.988996 , T = 2.26827 , E = 6.72994 , vec_p = {-6.00855e-015 -1.95802e-016 -2.76429e-017}
-4.45625 0.000315064
-4.16875 0.000515275
-3.88125 0.00081552
-3.59375 0.00125001
-3.30625 0.00185264
-3.01875 0.0026585
-2.73125 0.00369222
-2.44375 0.00496061
-2.15625 0.00644624
-1.86875 0.00811044
-1.58125 0.0098635
-1.29375 0.0116135
-1.00625 0.013232
-0.71875 0.0145816
-0.43125 0.0155661
-0.14375 0.0160742
0.14375 0.0160748
0.43125 0.0155626
0.71875 0.0145827
1.00625 0.0132303
1.29375 0.0116127
1.58125 0.00986625
1.86875 0.00810816
2.15625 0.00644463
2.44375 0.00496047
2.73125 0.00368997
3.01875 0.00265864
3.30625 0.00185312
3.59375 0.00124964
3.88125 0.000815502
4.16875 0.000515046
4.45625 0.00031515
