# f(v_x, v_y, v_z), v_z = const
# nv_x = 32, nv_y = 32, nv_z = 32
# n = 0.988996 , T = 2.26827 , E = 6.72994 , vec_p = {-8.547e-016 -7.53422e-017 -7.92906e-018}
-4.45625 0.000588152
-4.16875 0.00108875
-3.88125 0.00152244
-3.59375 0.00262321
-3.30625 0.00454134
-3.01875 0.00612278
-2.73125 0.00899015
-2.44375 0.011488
-2.15625 0.0135077
-1.86875 0.0154792
-1.58125 0.0160074
-1.29375 0.0159154
-1.00625 0.0153802
-0.71875 0.0131538
-0.43125 0.012203
-0.14375 0.0119326
0.14375 0.0114679
0.43125 0.0121529
0.71875 0.0129558
1.00625 0.0142667
1.29375 0.0149094
1.58125 0.0160453
1.86875 0.0138229
2.15625 0.0136161
2.44375 0.0118079
2.73125 0.00874384
3.01875 0.00611322
3.30625 0.00421076
3.59375 0.00297327
3.88125 0.0017845
4.16875 0.000963554
4.45625 0.000648079
