# f(v_x, v_y, v_z), v_z = const
# nv_x = 32, nv_y = 32, nv_z = 32
# n = 0.988996 , T = 2.26827 , E = 6.72994 , vec_p = {8.37556e-016 -3.46895e-017 5.10751e-018}
-4.45625 0.000349417
-4.16875 0.000582165
-3.88125 0.000889128
-3.59375 0.00139332
-3.30625 0.00211935
-3.01875 0.00300719
-2.73125 0.00437035
-2.44375 0.00577039
-2.15625 0.00725222
-1.86875 0.00922411
-1.58125 0.0107921
-1.29375 0.0122073
-1.00625 0.0134463
-0.71875 0.0140723
-0.43125 0.0147809
-0.14375 0.0149838
0.14375 0.0149955
0.43125 0.0147543
0.71875 0.0140722
1.00625 0.0133007
1.29375 0.0120729
1.58125 0.0107733
1.86875 0.00902429
2.15625 0.00743931
2.44375 0.00590435
2.73125 0.00430954
3.01875 0.00304873
3.30625 0.00214369
3.59375 0.00142311
3.88125 0.000888063
4.16875 0.000558821
4.45625 0.000349921
