# f(v_x, v_y, v_z), v_z = const
# nv_x = 32, nv_y = 32, nv_z = 32
# n = 0.988996 , T = 2.26827 , E = 6.72994 , vec_p = {1.78921e-015 -1.16781e-016 -4.30739e-017}
-4.45625 0.000318631
-4.16875 0.00052167
-3.88125 0.000823461
-3.59375 0.00126584
-3.30625 0.00187915
-3.01875 0.00270014
-2.73125 0.0037723
-2.44375 0.00505474
-2.15625 0.00654582
-1.86875 0.00825523
-1.58125 0.0099703
-1.29375 0.0116851
-1.00625 0.01324
-0.71875 0.0144689
-0.43125 0.0154205
-0.14375 0.015864
0.14375 0.0158747
0.43125 0.0154033
0.71875 0.0144711
1.00625 0.013226
1.29375 0.0116635
1.58125 0.0100011
1.86875 0.0082338
2.15625 0.00655503
2.44375 0.00508365
2.73125 0.00375234
3.01875 0.002701
3.30625 0.00188508
3.59375 0.0012666
3.88125 0.000822749
4.16875 0.000520259
4.45625 0.000319396
