# f(v_x, v_y, v_z), v_z = const
# nv_x = 32, nv_y = 32, nv_z = 32
# n = 0.988996 , T = 2.26827 , E = 6.72994 , vec_p = {5.30308e-016 -2.4041e-016 -3.3313e-017}
-4.45625 0.000314851
-4.16875 0.000514937
-3.88125 0.000815039
-3.59375 0.0012486
-3.30625 0.00185068
-3.01875 0.00265494
-2.73125 0.00368589
-2.44375 0.00495124
-2.15625 0.00643618
-1.86875 0.00809767
-1.58125 0.00985564
-1.29375 0.0116093
-1.00625 0.0132336
-0.71875 0.0145954
-0.43125 0.0155834
-0.14375 0.0160992
0.14375 0.0160998
0.43125 0.0155821
0.71875 0.014596
1.00625 0.013233
1.29375 0.0116088
1.58125 0.00985612
1.86875 0.00809676
2.15625 0.00643591
2.44375 0.00495167
2.73125 0.00368551
3.01875 0.00265498
3.30625 0.00185084
3.59375 0.00124847
3.88125 0.000815033
4.16875 0.000514875
4.45625 0.000314867
