# f(v_x, v_y, v_z), v_z = const
# nv_x = 32, nv_y = 32, nv_z = 32
# n = 0.988996 , T = 2.26827 , E = 6.72994 , vec_p = {2.07439e-015 -5.6306e-017 -1.23413e-017}
-4.45625 0.00132681
-4.16875 0.00235088
-3.88125 0.00403148
-3.59375 0.00687849
-3.30625 0.0104985
-3.01875 0.0130376
-2.73125 0.0190884
-2.44375 0.0237896
-2.15625 0.0238966
-1.86875 0.027003
-1.58125 0.0241618
-1.29375 0.023087
-1.00625 0.0184453
-0.71875 0.0136655
-0.43125 0.0106288
-0.14375 0.00898153
0.14375 0.00889194
0.43125 0.0105196
0.71875 0.0137661
1.00625 0.0168436
1.29375 0.0211922
1.58125 0.0251512
1.86875 0.0245971
2.15625 0.0262325
2.44375 0.0235474
2.73125 0.0194908
3.01875 0.0147785
3.30625 0.0100093
3.59375 0.0061822
3.88125 0.00380414
4.16875 0.00209476
4.45625 0.0012611
