# f(v_x, v_y, v_z), v_z = const
# nv_x = 32, nv_y = 32, nv_z = 32
# n = 0.988996 , T = 2.26827 , E = 6.72994 , vec_p = {3.49806e-016 -7.34627e-017 -6.18866e-018}
-4.45625 0.000460573
-4.16875 0.00082079
-3.88125 0.0011234
-3.59375 0.0018657
-3.30625 0.00305159
-3.01875 0.00429689
-2.73125 0.00650399
-2.44375 0.00835992
-2.15625 0.00990615
-1.86875 0.0122043
-1.58125 0.0133595
-1.29375 0.0138594
-1.00625 0.0142156
-0.71875 0.0133906
-0.43125 0.013481
-0.14375 0.0132754
0.14375 0.0130351
0.43125 0.0133907
0.71875 0.0132821
1.00625 0.0135951
1.29375 0.0134282
1.58125 0.0130982
1.86875 0.0112515
2.15625 0.0101657
2.44375 0.00857885
2.73125 0.00645752
3.01875 0.00440676
3.30625 0.00304592
3.59375 0.00200429
3.88125 0.00125561
4.16875 0.000712253
4.45625 0.000462316
