# f(v_x, v_y, v_z), v_z = const
# nv_x = 32, nv_y = 32, nv_z = 32
# n = 0.988996 , T = 2.26827 , E = 6.72994 , vec_p = {-2.31767e-015 1.39335e-017 -1.76088e-017}
-4.45625 0.000920365
-4.16875 0.00174862
-3.88125 0.00266528
-3.59375 0.00518043
-3.30625 0.00750859
-3.01875 0.0100322
-2.73125 0.0141068
-2.44375 0.0181417
-2.15625 0.0198601
-1.86875 0.0218363
-1.58125 0.0208792
-1.29375 0.0197786
-1.00625 0.0169314
-0.71875 0.0134552
-0.43125 0.0108614
-0.14375 0.00973555
0.14375 0.00987
0.43125 0.011154
0.71875 0.0131941
1.00625 0.015427
1.29375 0.0186508
1.58125 0.0212299
1.86875 0.0202314
2.15625 0.0210597
2.44375 0.0183644
2.73125 0.014314
3.01875 0.0104482
3.30625 0.00719717
3.59375 0.00477287
3.88125 0.00289588
4.16875 0.00154522
4.45625 0.000969481
