# f(v_x, v_y, v_z), v_z = const
# nv_x = 32, nv_y = 32, nv_z = 32
# n = 0.988996 , T = 2.26827 , E = 6.72994 , vec_p = {3.12016e-015 -2.05665e-016 -2.08036e-017}
-4.45625 0.000519912
-4.16875 0.000924756
-3.88125 0.0012796
-3.59375 0.00225184
-3.30625 0.00366308
-3.01875 0.00510036
-2.73125 0.00783399
-2.44375 0.00995181
-2.15625 0.0115367
-1.86875 0.0138759
-1.58125 0.014534
-1.29375 0.014706
-1.00625 0.0149567
-0.71875 0.0132146
-0.43125 0.0127629
-0.14375 0.0125609
0.14375 0.0122214
0.43125 0.0126864
0.71875 0.0129502
1.00625 0.0136618
1.29375 0.0141926
1.58125 0.0145936
1.86875 0.0123748
2.15625 0.0115794
2.44375 0.0100111
2.73125 0.00767232
3.01875 0.00528789
3.30625 0.00368337
3.59375 0.00248832
3.88125 0.00151507
4.16875 0.00083173
4.45625 0.000550534
