# f(v_x, v_y, v_z), v_z = const
# nv_x = 32, nv_y = 32, nv_z = 32
# n = 0.988996 , T = 2.26827 , E = 6.72994 , vec_p = {-3.83235e-015 -2.08811e-016 -7.00605e-018}
-4.45625 0.000396024
-4.16875 0.000696982
-3.88125 0.00100567
-3.59375 0.0016169
-3.30625 0.00254521
-3.01875 0.00356794
-2.73125 0.00532218
-2.44375 0.00699656
-2.15625 0.0084669
-1.86875 0.0108264
-1.58125 0.012045
-1.29375 0.0131351
-1.00625 0.0139524
-0.71875 0.0136947
-0.43125 0.0140966
-0.14375 0.0140485
0.14375 0.0139691
0.43125 0.0139711
0.71875 0.0136955
1.00625 0.0134003
1.29375 0.0126877
1.58125 0.0117923
1.86875 0.0101256
2.15625 0.00879305
2.44375 0.00718184
2.73125 0.00533963
3.01875 0.00373338
3.30625 0.00252913
3.59375 0.00170509
3.88125 0.00105821
4.16875 0.000642898
4.45625 0.00040871
