# f(v_x, v_y, v_z), v_z = const
# nv_x = 32, nv_y = 32, nv_z = 32
# n = 0.988996 , T = 2.26827 , E = 6.72994 , vec_p = {1.40098e-015 -1.06033e-016 5.71008e-018}
-4.45625 0.000431617
-4.16875 0.00076571
-3.88125 0.00106575
-3.59375 0.00173102
-3.30625 0.00280567
-3.01875 0.00386818
-2.73125 0.00584414
-2.44375 0.00760789
-2.15625 0.00915353
-1.86875 0.0115352
-1.58125 0.0126735
-1.29375 0.0134734
-1.00625 0.0140445
-0.71875 0.0135941
-0.43125 0.0137688
-0.14375 0.0136631
0.14375 0.0135374
0.43125 0.0136704
0.71875 0.0134414
1.00625 0.0134782
1.29375 0.0131118
1.58125 0.0124883
1.86875 0.0105389
2.15625 0.00948427
2.44375 0.00779501
2.73125 0.00576067
3.01875 0.00405045
3.30625 0.00276913
3.59375 0.00182862
3.88125 0.0011551
4.16875 0.00068361
4.45625 0.000431082
