# f(v_x, v_y, v_z), v_z = const
# nv_x = 32, nv_y = 32, nv_z = 32
# n = 0.988996 , T = 2.26827 , E = 6.72994 , vec_p = {1.03368e-017 -7.37203e-017 5.71524e-018}
-4.45625 0.000337164
-4.16875 0.000556075
-3.88125 0.000866031
-3.59375 0.0013451
-3.30625 0.00201947
-3.01875 0.00288433
-2.73125 0.00416448
-2.44375 0.00549113
-2.15625 0.00700978
-1.86875 0.00883676
-1.58125 0.0105192
-1.29375 0.0120301
-1.00625 0.0133941
-0.71875 0.0142038
-0.43125 0.0149837
-0.14375 0.0152674
0.14375 0.0152935
0.43125 0.0149612
0.71875 0.0141852
1.00625 0.013293
1.29375 0.0119356
1.58125 0.0105069
1.86875 0.00875845
2.15625 0.00709289
2.44375 0.00559745
2.73125 0.00407192
3.01875 0.0029121
3.30625 0.00202904
3.59375 0.00135359
3.88125 0.0008611
4.16875 0.000545433
4.45625 0.000337406
