# f(v_x, v_y, v_z), v_z = const
# nv_x = 32, nv_y = 32, nv_z = 32
# n = 0.988996 , T = 2.26827 , E = 6.72994 , vec_p = {7.40398e-016 -1.87346e-016 5.9716e-018}
-4.45625 0.000377878
-4.16875 0.000647394
-3.88125 0.000967082
-3.59375 0.00154495
-3.30625 0.00239159
-3.01875 0.003362
-2.73125 0.00496117
-2.44375 0.00654942
-2.15625 0.0079609
-1.86875 0.0102624
-1.58125 0.0116438
-1.29375 0.0128015
-1.00625 0.0138113
-0.71875 0.0137963
-0.43125 0.0143296
-0.14375 0.0143234
0.14375 0.0142749
0.43125 0.014249
0.71875 0.0137895
1.00625 0.0133624
1.29375 0.0124912
1.58125 0.0114307
1.86875 0.00965956
2.15625 0.00841987
2.44375 0.00672088
2.73125 0.00492236
3.01875 0.00350049
3.30625 0.00239126
3.59375 0.00159403
3.88125 0.000994281
4.16875 0.000614216
4.45625 0.000390236
