# f(v_x, v_y, v_z), v_z = const
# nv_x = 32, nv_y = 32, nv_z = 32
# n = 0.988996 , T = 2.26827 , E = 6.72994 , vec_p = {1.90771e-015 -8.19186e-017 1.11722e-017}
-4.45625 0.000371301
-4.16875 0.000633472
-3.88125 0.000947692
-3.59375 0.00150694
-3.30625 0.00233037
-3.01875 0.00326357
-2.73125 0.00475288
-2.44375 0.00638416
-2.15625 0.00779484
-1.86875 0.00997194
-1.58125 0.0114255
-1.29375 0.0126242
-1.00625 0.013722
-0.71875 0.0138652
-0.43125 0.0144549
-0.14375 0.0144769
0.14375 0.0144486
0.43125 0.0143545
0.71875 0.0138496
1.00625 0.0133339
1.29375 0.0123506
1.58125 0.0112916
1.86875 0.00951766
2.15625 0.00816293
2.44375 0.00654546
2.73125 0.00477616
3.01875 0.00336746
3.30625 0.00231532
3.59375 0.0015503
3.88125 0.00097089
4.16875 0.000601533
4.45625 0.000381321
