# f(v_x, v_y, v_z), v_z = const
# nv_x = 32, nv_y = 32, nv_z = 32
# n = 0.988996 , T = 2.26827 , E = 6.72994 , vec_p = {3.26059e-015 9.51101e-018 -4.14727e-017}
-4.45625 0.000317629
-4.16875 0.000519834
-3.88125 0.000820703
-3.59375 0.00126142
-3.30625 0.00187126
-3.01875 0.00268719
-2.73125 0.00374578
-2.44375 0.00502462
-2.15625 0.00651369
-1.86875 0.00820984
-1.58125 0.00993382
-1.29375 0.011661
-1.00625 0.0132373
-0.71875 0.0145008
-0.43125 0.015462
-0.14375 0.0159284
0.14375 0.0159301
0.43125 0.0154478
0.71875 0.0145027
1.00625 0.0132269
1.29375 0.0116491
1.58125 0.0099581
1.86875 0.00819644
2.15625 0.00652009
2.44375 0.00504294
2.73125 0.00373159
3.01875 0.00268704
3.30625 0.0018723
3.59375 0.00126077
3.88125 0.000820916
4.16875 0.000518386
4.45625 0.000317996
