# f(v_x, v_y, v_z), v_z = const
# nv_x = 32, nv_y = 32, nv_z = 32
# n = 0.988996 , T = 2.26827 , E = 6.72994 , vec_p = {-1.01811e-016 -2.21386e-016 -3.62682e-017}
-4.45625 0.000315895
-4.16875 0.000516768
-3.88125 0.000817018
-3.59375 0.00125369
-3.30625 0.00185866
-3.01875 0.00266805
-2.73125 0.00370982
-2.44375 0.00498004
-2.15625 0.00646915
-1.86875 0.00814448
-1.58125 0.00988532
-1.29375 0.0116265
-1.00625 0.0132307
-0.71875 0.0145527
-0.43125 0.0155272
-0.14375 0.01602
0.14375 0.0160213
0.43125 0.0155196
0.71875 0.0145507
1.00625 0.0132308
1.29375 0.0116232
1.58125 0.00989629
1.86875 0.00814095
2.15625 0.00647001
2.44375 0.00498548
2.73125 0.00370247
3.01875 0.00266851
3.30625 0.00185828
3.59375 0.00125237
3.88125 0.000816913
4.16875 0.000515982
4.45625 0.000316155
