# f(v_x, v_y, v_z), v_z = const
# nv_x = 32, nv_y = 32, nv_z = 32
# n = 0.988996 , T = 2.26827 , E = 6.72994 , vec_p = {-5.43412e-015 -9.34741e-018 -3.76811e-017}
-4.45625 0.000316102
-4.16875 0.000517025
-3.88125 0.000817558
-3.59375 0.00125495
-3.30625 0.00186073
-3.01875 0.00267086
-2.73125 0.003716
-2.44375 0.00498847
-2.15625 0.00647583
-1.86875 0.00815575
-1.58125 0.00989338
-1.29375 0.0116329
-1.00625 0.0132306
-0.71875 0.0145458
-0.43125 0.0155186
-0.14375 0.0160074
0.14375 0.0160046
0.43125 0.0155098
0.71875 0.0145437
1.00625 0.0132304
1.29375 0.0116278
1.58125 0.00990631
1.86875 0.00814921
2.15625 0.00647871
2.44375 0.00499294
2.73125 0.00370552
3.01875 0.00267168
3.30625 0.00186041
3.59375 0.00125376
3.88125 0.00081742
4.16875 0.000516311
4.45625 0.000316449
