# f(v_x, v_y, v_z), v_z = const
# nv_x = 32, nv_y = 32, nv_z = 32
# n = 0.988996 , T = 2.26827 , E = 6.72994 , vec_p = {4.70761e-015 -3.11211e-017 -1.54736e-017}
-4.45625 0.000834583
-4.16875 0.00156989
-3.88125 0.00229749
-3.59375 0.00456984
-3.30625 0.00682398
-3.01875 0.00909672
-2.73125 0.0128242
-2.44375 0.0156243
-2.15625 0.0182369
-1.86875 0.0200481
-1.58125 0.0193936
-1.29375 0.019155
-1.00625 0.0164732
-0.71875 0.013378
-0.43125 0.0108797
-0.14375 0.0100718
0.14375 0.0101096
0.43125 0.0110818
0.71875 0.0129139
1.00625 0.0151505
1.29375 0.0175787
1.58125 0.0200132
1.86875 0.0187076
2.15625 0.0194032
2.44375 0.0167837
2.73125 0.0128214
3.01875 0.00926688
3.30625 0.00627671
3.59375 0.00433241
3.88125 0.00258958
4.16875 0.00134274
4.45625 0.000891601
