# f(v_x, v_y, v_z), v_z = const
# nv_x = 32, nv_y = 32, nv_z = 32
# n = 0.988996 , T = 2.26827 , E = 6.72994 , vec_p = {-1.4459e-015 -2.55798e-016 1.17561e-017}
-4.45625 0.000322797
-4.16875 0.000529029
-3.88125 0.000833561
-3.59375 0.00127943
-3.30625 0.00190361
-3.01875 0.00273872
-2.73125 0.00384952
-2.44375 0.00514884
-2.15625 0.00665116
-1.86875 0.00837756
-1.58125 0.0100776
-1.29375 0.0117565
-1.00625 0.013276
-0.71875 0.0144064
-0.43125 0.0153092
-0.14375 0.0157221
0.14375 0.0157478
0.43125 0.0152856
0.71875 0.0143928
1.00625 0.0132323
1.29375 0.0117284
1.58125 0.0101068
1.86875 0.00834064
2.15625 0.00666311
2.44375 0.00519004
2.73125 0.00380894
3.01875 0.00274081
3.30625 0.001913
3.59375 0.00128292
3.88125 0.000830891
4.16875 0.000525331
4.45625 0.000322486
