# f(v_x, v_y, v_z), v_z = const
# nv_x = 32, nv_y = 32, nv_z = 32
# n = 0.988996 , T = 2.26827 , E = 6.72994 , vec_p = {-1.91562e-015 -2.53756e-017 -1.59612e-018}
-4.45625 0.00138633
-4.16875 0.00281557
-3.88125 0.00457839
-3.59375 0.00781061
-3.30625 0.0125304
-3.01875 0.0164129
-2.73125 0.0222974
-2.44375 0.0262481
-2.15625 0.0278638
-1.86875 0.0286881
-1.58125 0.0261179
-1.29375 0.0241353
-1.00625 0.0189166
-0.71875 0.0139345
-0.43125 0.0107436
-0.14375 0.0086264
0.14375 0.00889837
0.43125 0.0105374
0.71875 0.0142496
1.00625 0.0184107
1.29375 0.0229677
1.58125 0.0272584
1.86875 0.0271064
2.15625 0.0285697
2.44375 0.0258623
2.73125 0.0220453
3.01875 0.0168686
3.30625 0.0122416
3.59375 0.0076624
3.88125 0.00480496
4.16875 0.00264881
4.45625 0.00147011
