# f(v_x, v_y, v_z), v_z = const
# nv_x = 32, nv_y = 32, nv_z = 32
# n = 0.988996 , T = 2.26827 , E = 6.72994 , vec_p = {2.32032e-015 -1.18993e-016 -6.31104e-018}
-4.45625 0.000346028
-4.16875 0.000577967
-3.88125 0.000884308
-3.59375 0.00138605
-3.30625 0.0021063
-3.01875 0.0029888
-2.73125 0.0043378
-2.44375 0.00572038
-2.15625 0.00720431
-1.86875 0.00915415
-1.58125 0.0107368
-1.29375 0.0121775
-1.00625 0.0134408
-0.71875 0.0141042
-0.43125 0.0148176
-0.14375 0.0150296
0.14375 0.01505
0.43125 0.0147893
0.71875 0.0140836
1.00625 0.0132956
1.29375 0.0120551
1.58125 0.0107322
1.86875 0.00898367
2.15625 0.00737387
2.44375 0.00584373
2.73125 0.00426088
3.01875 0.00302158
3.30625 0.00212293
3.59375 0.00141069
3.88125 0.00088519
4.16875 0.000557297
4.45625 0.00034856
