# f(v_x, v_y, v_z), v_z = const
# nv_x = 32, nv_y = 32, nv_z = 32
# n = 0.988996 , T = 2.26827 , E = 6.72994 , vec_p = {-1.03123e-015 -3.37553e-016 -3.25024e-017}
-4.45625 0.00031487
-4.16875 0.000514979
-3.88125 0.000815089
-3.59375 0.0012488
-3.30625 0.00185097
-3.01875 0.00265543
-2.73125 0.00368679
-2.44375 0.00495295
-2.15625 0.00643788
-1.86875 0.00809961
-1.58125 0.00985706
-1.29375 0.0116099
-1.00625 0.013233
-0.71875 0.0145929
-0.43125 0.0155801
-0.14375 0.0160944
0.14375 0.0160951
0.43125 0.0155784
0.71875 0.0145937
1.00625 0.0132323
1.29375 0.0116093
1.58125 0.00985776
1.86875 0.00809872
2.15625 0.00643715
2.44375 0.0049529
2.73125 0.00368629
3.01875 0.00265558
3.30625 0.00185117
3.59375 0.00124861
3.88125 0.000815151
4.16875 0.000514887
4.45625 0.000314917
