# f(v_x, v_y, v_z), v_z = const
# nv_x = 32, nv_y = 32, nv_z = 32
# n = 0.988996 , T = 2.26827 , E = 6.72994 , vec_p = {-2.41845e-015 -3.24315e-016 5.12072e-019}
-4.45625 0.000335273
-4.16875 0.000550997
-3.88125 0.000859956
-3.59375 0.00133329
-3.30625 0.00199819
-3.01875 0.0028638
-2.73125 0.00411445
-2.44375 0.00543593
-2.15625 0.00695527
-1.86875 0.00876829
-1.58125 0.0104381
-1.29375 0.0119797
-1.00625 0.0133682
-0.71875 0.0142239
-0.43125 0.0150281
-0.14375 0.0153221
0.14375 0.0153504
0.43125 0.0149995
0.71875 0.0141937
1.00625 0.0132541
1.29375 0.0118912
1.58125 0.0104405
1.86875 0.00867841
2.15625 0.00703662
2.44375 0.00553444
2.73125 0.0040278
3.01875 0.00288939
3.30625 0.00201253
3.59375 0.00134234
3.88125 0.000857175
4.16875 0.000543203
4.45625 0.000334991
