# f(v_x, v_y, v_z), v_z = const
# nv_x = 32, nv_y = 32, nv_z = 32
# n = 0.988996 , T = 2.26827 , E = 6.72994 , vec_p = {-2.83853e-015 -2.82625e-017 -1.4063e-017}
-4.45625 0.000480343
-4.16875 0.000850733
-3.88125 0.00117358
-3.59375 0.00195386
-3.30625 0.00325907
-3.01875 0.00453565
-2.73125 0.00676779
-2.44375 0.0087751
-2.15625 0.0103599
-1.86875 0.012656
-1.58125 0.0136438
-1.29375 0.0141129
-1.00625 0.0143726
-0.71875 0.0132778
-0.43125 0.0132696
-0.14375 0.0130649
0.14375 0.0128192
0.43125 0.0131648
0.71875 0.0132176
1.00625 0.0135936
1.29375 0.0136219
1.58125 0.0134089
1.86875 0.0114934
2.15625 0.0105487
2.44375 0.00887931
2.73125 0.00682154
3.01875 0.00461608
3.30625 0.00318878
3.59375 0.00210821
3.88125 0.00132475
4.16875 0.000729287
4.45625 0.000475847
