# f(v_x, v_y, v_z), v_z = const
# nv_x = 32, nv_y = 32, nv_z = 32
# n = 0.988996 , T = 2.26827 , E = 6.72994 , vec_p = {1.3989e-015 -6.33398e-017 -2.61099e-017}
-4.45625 0.000315016
-4.16875 0.000515232
-3.88125 0.000815475
-3.59375 0.00124981
-3.30625 0.00185246
-3.01875 0.0026582
-2.73125 0.00369151
-2.44375 0.00495974
-2.15625 0.00644504
-1.86875 0.00810893
-1.58125 0.00986238
-1.29375 0.0116127
-1.00625 0.0132323
-0.71875 0.0145828
-0.43125 0.0155677
-0.14375 0.0160764
0.14375 0.0160769
0.43125 0.0155643
0.71875 0.0145843
1.00625 0.0132307
1.29375 0.0116124
1.58125 0.00986486
1.86875 0.0081068
2.15625 0.00644415
2.44375 0.00495946
2.73125 0.00368958
3.01875 0.00265842
3.30625 0.00185279
3.59375 0.00124945
3.88125 0.000815437
4.16875 0.000515026
4.45625 0.000315125
