# f(v_x, v_y, v_z), v_z = const
# nv_x = 32, nv_y = 32, nv_z = 32
# n = 0.988996 , T = 2.26827 , E = 6.72994 , vec_p = {1.8117e-015 9.11398e-017 -1.06421e-017}
-4.45625 0.000315601
-4.16875 0.000516183
-3.88125 0.000816544
-3.59375 0.00125228
-3.30625 0.00185655
-3.01875 0.0026647
-2.73125 0.0037027
-2.44375 0.00497299
-2.15625 0.00646152
-1.86875 0.00813199
-1.58125 0.00987691
-1.29375 0.0116217
-1.00625 0.0132307
-0.71875 0.0145628
-0.43125 0.015539
-0.14375 0.0160378
0.14375 0.0160397
0.43125 0.0155354
0.71875 0.0145618
1.00625 0.0132306
1.29375 0.0116187
1.58125 0.00988699
1.86875 0.00812918
2.15625 0.00646146
2.44375 0.00497603
2.73125 0.00369856
3.01875 0.00266502
3.30625 0.00185594
3.59375 0.00125138
3.88125 0.00081641
4.16875 0.000515532
4.45625 0.000315794
