# f(v_x, v_y, v_z), v_z = const
# nv_x = 32, nv_y = 32, nv_z = 32
# n = 0.988996 , T = 2.26827 , E = 6.72994 , vec_p = {-2.28202e-015 -1.82347e-016 7.6595e-018}
-4.45625 0.000324629
-4.16875 0.000532835
-3.88125 0.000838177
-3.59375 0.00128916
-3.30625 0.00191717
-3.01875 0.00276094
-2.73125 0.00389961
-2.44375 0.00520477
-2.15625 0.00669524
-1.86875 0.00845123
-1.58125 0.0101244
-1.29375 0.0117886
-1.00625 0.013294
-0.71875 0.0143698
-0.43125 0.0152625
-0.14375 0.0156495
0.14375 0.0156622
0.43125 0.0152262
0.71875 0.0143575
1.00625 0.013236
1.29375 0.0117596
1.58125 0.0101611
1.86875 0.00838915
2.15625 0.00672063
2.44375 0.00524156
2.73125 0.00384513
3.01875 0.0027686
3.30625 0.00192928
3.59375 0.00129256
3.88125 0.000836091
4.16875 0.00052786
4.45625 0.000324785
