# f(v_x, v_y, v_z), v_z = const
# nv_x = 32, nv_y = 32, nv_z = 32
# n = 0.988996 , T = 2.26827 , E = 6.72994 , vec_p = {-4.61276e-015 -9.90122e-017 -1.89975e-017}
-4.45625 0.000314875
-4.16875 0.000515005
-3.88125 0.000815126
-3.59375 0.00124893
-3.30625 0.00185107
-3.01875 0.00265566
-2.73125 0.00368746
-2.44375 0.00495392
-2.15625 0.00643887
-1.86875 0.00810077
-1.58125 0.00985774
-1.29375 0.0116102
-1.00625 0.0132329
-0.71875 0.0145916
-0.43125 0.0155786
-0.14375 0.0160919
0.14375 0.0160929
0.43125 0.0155764
0.71875 0.0145924
1.00625 0.0132321
1.29375 0.0116097
1.58125 0.00985864
1.86875 0.00809963
2.15625 0.00643787
2.44375 0.00495359
2.73125 0.00368664
3.01875 0.00265583
3.30625 0.00185133
3.59375 0.0012487
3.88125 0.000815184
4.16875 0.00051492
4.45625 0.000314941
