# f(v_x, v_y, v_z), v_z = const
# nv_x = 32, nv_y = 32, nv_z = 32
# n = 0.988996 , T = 2.26827 , E = 6.72994 , vec_p = {-9.7785e-016 4.67615e-017 5.10268e-018}
-4.45625 0.000370849
-4.16875 0.000631956
-3.88125 0.000943705
-3.59375 0.00150459
-3.30625 0.00231854
-3.01875 0.00324773
-2.73125 0.00473392
-2.44375 0.00634364
-2.15625 0.00777477
-1.86875 0.00991481
-1.58125 0.0113578
-1.29375 0.0126058
-1.00625 0.0137023
-0.71875 0.0138677
-0.43125 0.0144633
-0.14375 0.0144879
0.14375 0.0144853
0.43125 0.01438
0.71875 0.0138596
1.00625 0.0133345
1.29375 0.012353
1.58125 0.0112562
1.86875 0.00949941
2.15625 0.00812017
2.44375 0.00650752
2.73125 0.00475232
3.01875 0.00335837
3.30625 0.0023079
3.59375 0.00154016
3.88125 0.00096668
4.16875 0.000599095
4.45625 0.000379682
