# f(v_x, v_y, v_z), v_z = const
# nv_x = 32, nv_y = 32, nv_z = 32
# n = 0.988996 , T = 2.26827 , E = 6.72994 , vec_p = {-3.07295e-015 -2.24378e-016 8.03888e-018}
-4.45625 0.000325534
-4.16875 0.000534608
-3.88125 0.000839979
-3.59375 0.00129162
-3.30625 0.00191922
-3.01875 0.00276595
-2.73125 0.00391299
-2.44375 0.00522399
-2.15625 0.00671358
-1.86875 0.00846605
-1.58125 0.0101418
-1.29375 0.0117996
-1.00625 0.0132993
-0.71875 0.0143617
-0.43125 0.0152525
-0.14375 0.0156292
0.14375 0.0156411
0.43125 0.015208
0.71875 0.0143474
1.00625 0.0132413
1.29375 0.0117677
1.58125 0.0101844
1.86875 0.00840366
2.15625 0.00674105
2.44375 0.00525354
2.73125 0.00385128
3.01875 0.00277334
3.30625 0.00193652
3.59375 0.00129486
3.88125 0.000837686
4.16875 0.000528464
4.45625 0.000325309
