# f(v_x, v_y, v_z), v_z = const
# nv_x = 32, nv_y = 32, nv_z = 32
# n = 0.988996 , T = 2.26827 , E = 6.72994 , vec_p = {-2.99453e-015 -1.87112e-016 -1.90175e-018}
-4.45625 0.00032263
-4.16875 0.000528778
-3.88125 0.000833254
-3.59375 0.00127895
-3.30625 0.00190233
-3.01875 0.00273667
-2.73125 0.00384353
-2.44375 0.00514587
-2.15625 0.0066465
-1.86875 0.00837557
-1.58125 0.0100753
-1.29375 0.011756
-1.00625 0.0132759
-0.71875 0.0144066
-0.43125 0.0153136
-0.14375 0.0157267
0.14375 0.015752
0.43125 0.0152876
0.71875 0.0143952
1.00625 0.0132318
1.29375 0.0117272
1.58125 0.0101035
1.86875 0.00833496
2.15625 0.00665919
2.44375 0.00518628
2.73125 0.00380493
3.01875 0.0027402
3.30625 0.00191132
3.59375 0.00128178
3.88125 0.000829929
4.16875 0.000524871
4.45625 0.000322332
