# f(v_x, v_y, v_z), v_z = const
# nv_x = 32, nv_y = 32, nv_z = 32
# n = 0.988996 , T = 2.26827 , E = 6.72994 , vec_p = {-6.05314e-016 -1.68454e-016 -1.05583e-017}
-4.45625 0.000539077
-4.16875 0.000953832
-3.88125 0.00130825
-3.59375 0.00234006
-3.30625 0.00384053
-3.01875 0.00528872
-2.73125 0.0080283
-2.44375 0.0101394
-2.15625 0.0118541
-1.86875 0.0142132
-1.58125 0.0148152
-1.29375 0.0148084
-1.00625 0.0149939
-0.71875 0.0132348
-0.43125 0.0126577
-0.14375 0.0124239
0.14375 0.0119664
0.43125 0.0125361
0.71875 0.0129591
1.00625 0.0137725
1.29375 0.0142666
1.58125 0.0148868
1.86875 0.0126775
2.15625 0.0119505
2.44375 0.0103428
2.73125 0.00789123
3.01875 0.00543507
3.30625 0.00379233
3.59375 0.00258046
3.88125 0.00156298
4.16875 0.0008704
4.45625 0.000563448
