# f(v_x, v_y, v_z), v_z = const
# nv_x = 32, nv_y = 32, nv_z = 32
# n = 0.988996 , T = 2.26827 , E = 6.72994 , vec_p = {-2.21485e-015 -1.9673e-016 -4.56913e-017}
-4.45625 0.000317831
-4.16875 0.000520113
-3.88125 0.000821395
-3.59375 0.00126263
-3.30625 0.00187335
-3.01875 0.00269018
-2.73125 0.00374982
-2.44375 0.00503062
-2.15625 0.00652058
-1.86875 0.00821695
-1.58125 0.00993861
-1.29375 0.0116639
-1.00625 0.0132355
-0.71875 0.0144934
-0.43125 0.0154533
-0.14375 0.015915
0.14375 0.0159208
0.43125 0.0154396
0.71875 0.014496
1.00625 0.0132268
1.29375 0.0116543
1.58125 0.00996791
1.86875 0.00819974
2.15625 0.00652844
2.44375 0.00505027
2.73125 0.00373376
3.01875 0.00269003
3.30625 0.00187468
3.59375 0.0012617
3.88125 0.000821323
4.16875 0.000518773
4.45625 0.000318219
