# f(v_x, v_y, v_z), v_z = const
# nv_x = 32, nv_y = 32, nv_z = 32
# n = 0.988996 , T = 2.26827 , E = 6.72994 , vec_p = {5.47967e-015 -2.19898e-016 -3.76202e-017}
-4.45625 0.000318273
-4.16875 0.000520847
-3.88125 0.000822151
-3.59375 0.00126429
-3.30625 0.00187521
-3.01875 0.00269562
-2.73125 0.00376048
-2.44375 0.00503715
-2.15625 0.00653274
-1.86875 0.00823561
-1.58125 0.00995303
-1.29375 0.0116801
-1.00625 0.0132358
-0.71875 0.0144837
-0.43125 0.015439
-0.14375 0.0158884
0.14375 0.0158961
0.43125 0.0154217
0.71875 0.0144845
1.00625 0.0132266
1.29375 0.0116598
1.58125 0.00998502
1.86875 0.00821259
2.15625 0.00653844
2.44375 0.00506486
2.73125 0.00374104
3.01875 0.00269468
3.30625 0.00187908
3.59375 0.00126427
3.88125 0.000821713
4.16875 0.000519334
4.45625 0.000318731
