# f(v_x, v_y, v_z), v_z = const
# nv_x = 32, nv_y = 32, nv_z = 32
# n = 0.988996 , T = 2.26827 , E = 6.72994 , vec_p = {-1.80975e-015 -1.07889e-016 -4.6747e-017}
-4.45625 0.000317475
-4.16875 0.000519409
-3.88125 0.000819844
-3.59375 0.00126025
-3.30625 0.0018702
-3.01875 0.0026831
-2.73125 0.00373853
-2.44375 0.00501884
-2.15625 0.00650739
-1.86875 0.00820417
-1.58125 0.00992699
-1.29375 0.0116557
-1.00625 0.0132357
-0.71875 0.014511
-0.43125 0.0154728
-0.14375 0.0159402
0.14375 0.015942
0.43125 0.0154575
0.71875 0.0145077
1.00625 0.0132299
1.29375 0.0116439
1.58125 0.0099514
1.86875 0.00818894
2.15625 0.00651359
2.44375 0.00503467
2.73125 0.00372834
3.01875 0.00268437
3.30625 0.0018702
3.59375 0.00125983
3.88125 0.000820566
4.16875 0.000518352
4.45625 0.000317894
