# f(v_x, v_y, v_z), v_z = const
# nv_x = 32, nv_y = 32, nv_z = 32
# n = 0.988996 , T = 2.26827 , E = 6.72994 , vec_p = {-1.04533e-015 -2.28239e-016 -1.48855e-017}
-4.45625 0.000315354
-4.16875 0.000515725
-3.88125 0.000816076
-3.59375 0.00125137
-3.30625 0.00185434
-3.01875 0.00266142
-2.73125 0.00369791
-2.44375 0.0049668
-2.15625 0.00645431
-1.86875 0.00812192
-1.58125 0.009869
-1.29375 0.0116174
-1.00625 0.0132316
-0.71875 0.0145705
-0.43125 0.0155525
-0.14375 0.0160539
0.14375 0.0160566
0.43125 0.0155477
0.71875 0.0145718
1.00625 0.0132303
1.29375 0.0116163
1.58125 0.00987718
1.86875 0.00812061
2.15625 0.00645408
2.44375 0.00496933
2.73125 0.00369408
3.01875 0.0026614
3.30625 0.00185465
3.59375 0.00125054
3.88125 0.00081595
4.16875 0.000515301
4.45625 0.000315504
