# f(v_x, v_y, v_z), v_z = const
# nv_x = 32, nv_y = 32, nv_z = 32
# n = 0.988996 , T = 2.26827 , E = 6.72994 , vec_p = {3.38771e-015 -1.05506e-017 -5.90654e-018}
-4.45625 0.000339249
-4.16875 0.000559617
-3.88125 0.000869435
-3.59375 0.00135888
-3.30625 0.00204699
-3.01875 0.0029157
-2.73125 0.00419884
-2.44375 0.00555971
-2.15625 0.0070664
-1.86875 0.00892965
-1.58125 0.0105707
-1.29375 0.0120596
-1.00625 0.0134157
-0.71875 0.0141631
-0.43125 0.0149339
-0.14375 0.0152
0.14375 0.015206
0.43125 0.014918
0.71875 0.0141586
1.00625 0.0132953
1.29375 0.0119604
1.58125 0.010564
1.86875 0.00882025
2.15625 0.00717131
2.44375 0.00563719
2.73125 0.00411232
3.01875 0.00294032
3.30625 0.00205356
3.59375 0.0013695
3.88125 0.000865858
4.16875 0.000547948
4.45625 0.000341173
