# f(v_x, v_y, v_z), v_z = const
# nv_x = 32, nv_y = 32, nv_z = 32
# n = 0.988996 , T = 2.26827 , E = 6.72994 , vec_p = {-1.43285e-015 6.91097e-017 1.11323e-017}
-4.45625 0.00037612
-4.16875 0.000642269
-3.88125 0.000958935
-3.59375 0.00153248
-3.30625 0.0023765
-3.01875 0.00333251
-2.73125 0.00490163
-2.44375 0.00651326
-2.15625 0.00791157
-1.86875 0.0101856
-1.58125 0.0115788
-1.29375 0.012738
-1.00625 0.0137901
-0.71875 0.0138078
-0.43125 0.0143647
-0.14375 0.0143541
0.14375 0.0143181
0.43125 0.0142725
0.71875 0.0138115
1.00625 0.0133444
1.29375 0.0124337
1.58125 0.0114022
1.86875 0.00961026
2.15625 0.00832264
2.44375 0.00665941
2.73125 0.00488514
3.01875 0.00343977
3.30625 0.00237197
3.59375 0.00158658
3.88125 0.00098859
4.16875 0.000608294
4.45625 0.000388967
