# f(v_x, v_y, v_z), v_z = const
# nv_x = 32, nv_y = 32, nv_z = 32
# n = 0.988996 , T = 2.26827 , E = 6.72994 , vec_p = {-4.61012e-015 -2.04928e-016 -1.45499e-017}
-4.45625 0.000315269
-4.16875 0.000515588
-3.88125 0.000816021
-3.59375 0.00125105
-3.30625 0.00185379
-3.01875 0.00266062
-2.73125 0.00369651
-2.44375 0.00496524
-2.15625 0.00645256
-1.86875 0.00811932
-1.58125 0.00986832
-1.29375 0.0116173
-1.00625 0.0132319
-0.71875 0.014573
-0.43125 0.015556
-0.14375 0.0160589
0.14375 0.0160617
0.43125 0.0155512
0.71875 0.0145752
1.00625 0.0132303
1.29375 0.0116153
1.58125 0.0098738
1.86875 0.00811831
2.15625 0.00645109
2.44375 0.00496726
2.73125 0.00369316
3.01875 0.00266082
3.30625 0.00185436
3.59375 0.00125028
3.88125 0.000815927
4.16875 0.000515294
4.45625 0.000315408
