# f(v_x, v_y, v_z), v_z = const
# nv_x = 32, nv_y = 32, nv_z = 32
# n = 0.988996 , T = 2.26827 , E = 6.72994 , vec_p = {-1.87919e-015 5.85656e-017 -7.01184e-018}
-4.45625 0.000389983
-4.16875 0.000674266
-3.88125 0.000988602
-3.59375 0.00158544
-3.30625 0.00249695
-3.01875 0.00350844
-2.73125 0.00521101
-2.44375 0.0068321
-2.15625 0.0082155
-1.86875 0.0106247
-1.58125 0.0119082
-1.29375 0.0129881
-1.00625 0.0139205
-0.71875 0.0137227
-0.43125 0.0141555
-0.14375 0.0141199
0.14375 0.0140741
0.43125 0.0140452
0.71875 0.013706
1.00625 0.0133727
1.29375 0.0126041
1.58125 0.0117104
1.86875 0.00994522
2.15625 0.00866785
2.44375 0.00700376
2.73125 0.00517084
3.01875 0.003624
3.30625 0.00247942
3.59375 0.00167112
3.88125 0.00103628
4.16875 0.000634205
4.45625 0.00040393
