# f(v_x, v_y, v_z), v_z = const
# nv_x = 32, nv_y = 32, nv_z = 32
# n = 0.988996 , T = 2.26827 , E = 6.72994 , vec_p = {-1.53621e-015 -1.39463e-016 -9.03437e-018}
-4.45625 0.000434121
-4.16875 0.000775148
-3.88125 0.00107803
-3.59375 0.00174762
-3.30625 0.00285659
-3.01875 0.00393405
-2.73125 0.00595765
-2.44375 0.00771856
-2.15625 0.00921855
-1.86875 0.0115893
-1.58125 0.0127241
-1.29375 0.0135185
-1.00625 0.0140641
-0.71875 0.0135547
-0.43125 0.0137162
-0.14375 0.0136089
0.14375 0.0134676
0.43125 0.013629
0.71875 0.0134095
1.00625 0.0134801
1.29375 0.0131518
1.58125 0.0125891
1.86875 0.0106379
2.15625 0.00959982
2.44375 0.00787476
2.73125 0.00588183
3.01875 0.00410413
3.30625 0.00281372
3.59375 0.00186087
3.88125 0.00117235
4.16875 0.000687142
4.45625 0.000433512
