# f(v_x, v_y, v_z), v_z = const
# nv_x = 32, nv_y = 32, nv_z = 32
# n = 0.988996 , T = 2.26827 , E = 6.72994 , vec_p = {-1.2538e-015 -1.12034e-016 -2.47286e-017}
-4.45625 0.000315186
-4.16875 0.000515443
-3.88125 0.000815791
-3.59375 0.00125053
-3.30625 0.0018534
-3.01875 0.00265997
-2.73125 0.00369493
-2.44375 0.00496335
-2.15625 0.00645014
-1.86875 0.00811574
-1.58125 0.00986685
-1.29375 0.0116157
-1.00625 0.0132313
-0.71875 0.0145759
-0.43125 0.0155595
-0.14375 0.0160639
0.14375 0.0160665
0.43125 0.0155552
0.71875 0.0145777
1.00625 0.0132302
1.29375 0.0116141
1.58125 0.00987127
1.86875 0.00811398
2.15625 0.00644834
2.44375 0.00496464
2.73125 0.00369197
3.01875 0.00266003
3.30625 0.00185392
3.59375 0.00125012
3.88125 0.000815739
4.16875 0.000515185
4.45625 0.000315292
