# f(v_x, v_y, v_z), v_z = const
# nv_x = 32, nv_y = 32, nv_z = 32
# n = 0.988996 , T = 2.26827 , E = 6.72994 , vec_p = {1.84663e-015 8.54741e-017 -3.39294e-017}
-4.45625 0.00031588
-4.16875 0.000516753
-3.88125 0.000816987
-3.59375 0.00125362
-3.30625 0.00185863
-3.01875 0.00266782
-2.73125 0.00370965
-2.44375 0.00497961
-2.15625 0.00646884
-1.86875 0.00814433
-1.58125 0.00988479
-1.29375 0.0116264
-1.00625 0.0132307
-0.71875 0.0145528
-0.43125 0.0155275
-0.14375 0.0160204
0.14375 0.0160219
0.43125 0.0155207
0.71875 0.0145509
1.00625 0.0132309
1.29375 0.0116232
1.58125 0.00989612
1.86875 0.00814072
2.15625 0.0064698
2.44375 0.00498472
2.73125 0.00370242
3.01875 0.00266836
3.30625 0.00185819
3.59375 0.00125226
3.88125 0.000816885
4.16875 0.000515982
4.45625 0.000316115
