# f(v_x, v_y, v_z), v_z = const
# nv_x = 32, nv_y = 32, nv_z = 32
# n = 0.988996 , T = 2.26827 , E = 6.72994 , vec_p = {6.42683e-016 2.12545e-017 -6.41636e-018}
-4.45625 0.000342841
-4.16875 0.000570919
-3.88125 0.000880765
-3.59375 0.00137325
-3.30625 0.0020708
-3.01875 0.00294776
-2.73125 0.00427239
-2.44375 0.0056353
-2.15625 0.00713846
-1.86875 0.00901778
-1.58125 0.0106651
-1.29375 0.0121175
-1.00625 0.0134347
-0.71875 0.0141342
-0.43125 0.0148642
-0.14375 0.0151252
0.14375 0.0151242
0.43125 0.0148604
0.71875 0.0141231
1.00625 0.0132914
1.29375 0.0119891
1.58125 0.0106452
1.86875 0.00890405
2.15625 0.0072748
2.44375 0.00572549
2.73125 0.00417112
3.01875 0.00297272
3.30625 0.0020931
3.59375 0.00138805
3.88125 0.000876752
4.16875 0.000553738
4.45625 0.000344285
