# f(v_x, v_y, v_z), v_z = const
# nv_x = 32, nv_y = 32, nv_z = 32
# n = 0.988996 , T = 2.26827 , E = 6.72994 , vec_p = {-1.14641e-015 -1.19177e-016 -1.13574e-017}
-4.45625 0.000342267
-4.16875 0.000567573
-3.88125 0.000880019
-3.59375 0.00137184
-3.30625 0.00206655
-3.01875 0.00294376
-2.73125 0.00426356
-2.44375 0.0056139
-2.15625 0.007128
-1.86875 0.00900049
-1.58125 0.0106434
-1.29375 0.0121134
-1.00625 0.0134324
-0.71875 0.0141375
-0.43125 0.0148744
-0.14375 0.015139
0.14375 0.0151374
0.43125 0.0148685
0.71875 0.0141273
1.00625 0.0132917
1.29375 0.0119836
1.58125 0.0106305
1.86875 0.00889004
2.15625 0.00725689
2.44375 0.00571786
2.73125 0.0041632
3.01875 0.00296882
3.30625 0.00208824
3.59375 0.00138501
3.88125 0.000874338
4.16875 0.000552258
4.45625 0.000344035
