# f(v_x, v_y, v_z), v_z = const
# nv_x = 32, nv_y = 32, nv_z = 32
# n = 0.988996 , T = 2.26827 , E = 6.72994 , vec_p = {1.60187e-015 -2.17788e-016 -3.74383e-017}
-4.45625 0.000314855
-4.16875 0.000514943
-3.88125 0.000815046
-3.59375 0.00124864
-3.30625 0.00185076
-3.01875 0.00265501
-2.73125 0.00368597
-2.44375 0.00495153
-2.15625 0.00643648
-1.86875 0.00809787
-1.58125 0.0098559
-1.29375 0.0116093
-1.00625 0.0132335
-0.71875 0.0145951
-0.43125 0.0155829
-0.14375 0.0160984
0.14375 0.016099
0.43125 0.0155817
0.71875 0.0145958
1.00625 0.0132328
1.29375 0.0116088
1.58125 0.00985632
1.86875 0.00809712
2.15625 0.00643604
2.44375 0.00495184
2.73125 0.00368563
3.01875 0.00265511
3.30625 0.00185088
3.59375 0.0012485
3.88125 0.000815063
4.16875 0.000514873
4.45625 0.000314873
