# f(v_x, v_y, v_z), v_z = const
# nv_x = 32, nv_y = 32, nv_z = 32
# n = 0.988996 , T = 2.26827 , E = 6.72994 , vec_p = {1.10358e-015 -1.51135e-017 -1.32714e-017}
-4.45625 0.00114794
-4.16875 0.00209105
-3.88125 0.00334484
-3.59375 0.0061352
-3.30625 0.00914809
-3.01875 0.0116946
-2.73125 0.0170397
-2.44375 0.0215524
-2.15625 0.0224839
-1.86875 0.0247296
-1.58125 0.022777
-1.29375 0.0213788
-1.00625 0.0182337
-0.71875 0.0136839
-0.43125 0.0107581
-0.14375 0.00921003
0.14375 0.00927228
0.43125 0.0108485
0.71875 0.0134016
1.00625 0.0162319
1.29375 0.0205503
1.58125 0.0231172
1.86875 0.0229116
2.15625 0.0240323
2.44375 0.0205258
2.73125 0.017525
3.01875 0.0134491
3.30625 0.00923841
3.59375 0.00547056
3.88125 0.00334898
4.16875 0.00179894
4.45625 0.00114198
