# f(v_x, v_y, v_z), v_z = const
# nv_x = 32, nv_y = 32, nv_z = 32
# n = 0.988996 , T = 2.26827 , E = 6.72994 , vec_p = {-2.35345e-015 -1.4219e-016 7.58285e-018}
-4.45625 0.000337458
-4.16875 0.000556789
-3.88125 0.000867382
-3.59375 0.0013504
-3.30625 0.00202552
-3.01875 0.00289837
-2.73125 0.00417719
-2.44375 0.00552462
-2.15625 0.00703012
-1.86875 0.00886861
-1.58125 0.0105309
-1.29375 0.0120434
-1.00625 0.0134023
-0.71875 0.0141831
-0.43125 0.0149633
-0.14375 0.0152433
0.14375 0.0152646
0.43125 0.0149488
0.71875 0.0141748
1.00625 0.0132881
1.29375 0.0119438
1.58125 0.0105217
1.86875 0.00878257
2.15625 0.00711951
2.44375 0.00561099
2.73125 0.00408502
3.01875 0.00292028
3.30625 0.00203963
3.59375 0.00135754
3.88125 0.000863131
4.16875 0.000545903
4.45625 0.000338421
