# f(v_x, v_y, v_z), v_z = const
# nv_x = 32, nv_y = 32, nv_z = 32
# n = 0.988996 , T = 2.26827 , E = 6.72994 , vec_p = {2.76137e-015 -1.68675e-016 -1.52398e-018}
-4.45625 0.000323945
-4.16875 0.000531202
-3.88125 0.000835377
-3.59375 0.00128477
-3.30625 0.00191171
-3.01875 0.00274779
-2.73125 0.00386961
-2.44375 0.00517757
-2.15625 0.00666819
-1.86875 0.00842131
-1.58125 0.0101025
-1.29375 0.011772
-1.00625 0.0132826
-0.71875 0.0143865
-0.43125 0.0152885
-0.14375 0.0156832
0.14375 0.0157009
0.43125 0.0152512
0.71875 0.0143738
1.00625 0.0132353
1.29375 0.0117491
1.58125 0.0101303
1.86875 0.00836657
2.15625 0.00668861
2.44375 0.00521635
2.73125 0.00382887
3.01875 0.00275412
3.30625 0.00192219
3.59375 0.00128782
3.88125 0.000833895
4.16875 0.000526222
4.45625 0.000323273
