# f(v_x, v_y, v_z), v_z = const
# nv_x = 32, nv_y = 32, nv_z = 32
# n = 0.988996 , T = 2.26827 , E = 6.72994 , vec_p = {2.08135e-015 -1.1525e-016 2.0193e-018}
-4.45625 0.000415368
-4.16875 0.00072797
-3.88125 0.00102948
-3.59375 0.00167472
-3.30625 0.00267212
-3.01875 0.00370905
-2.73125 0.00557597
-2.44375 0.00726587
-2.15625 0.00880626
-1.86875 0.011098
-1.58125 0.012251
-1.29375 0.0132534
-1.00625 0.013984
-0.71875 0.0136277
-0.43125 0.0138911
-0.14375 0.0138339
0.14375 0.0137631
0.43125 0.013827
0.71875 0.0136134
1.00625 0.0134428
1.29375 0.0128712
1.58125 0.0121803
1.86875 0.0103535
2.15625 0.00909565
2.44375 0.00744002
2.73125 0.00552811
3.01875 0.00386517
3.30625 0.00266948
3.59375 0.001763
3.88125 0.0010993
4.16875 0.000659334
4.45625 0.000418868
