# f(v_x, v_y, v_z), v_z = const
# nv_x = 32, nv_y = 32, nv_z = 32
# n = 0.988996 , T = 2.26827 , E = 6.72994 , vec_p = {1.12987e-015 -3.01949e-017 -2.0195e-017}
-4.45625 0.000315516
-4.16875 0.000516042
-3.88125 0.000816428
-3.59375 0.00125203
-3.30625 0.00185578
-3.01875 0.00266377
-2.73125 0.003701
-2.44375 0.00497151
-2.15625 0.00646007
-1.86875 0.00812929
-1.58125 0.00987432
-1.29375 0.0116207
-1.00625 0.0132305
-0.71875 0.0145648
-0.43125 0.0155426
-0.14375 0.0160425
0.14375 0.0160447
0.43125 0.0155385
0.71875 0.0145646
1.00625 0.0132308
1.29375 0.0116175
1.58125 0.00988446
1.86875 0.00812687
2.15625 0.0064598
2.44375 0.00497407
2.73125 0.00369727
3.01875 0.00266426
3.30625 0.00185563
3.59375 0.00125106
3.88125 0.000816396
4.16875 0.000515406
4.45625 0.00031571
