# f(v_x, v_y, v_z), v_z = const
# nv_x = 32, nv_y = 32, nv_z = 32
# n = 0.988996 , T = 2.26827 , E = 6.72994 , vec_p = {-6.71369e-016 -1.0801e-016 -1.42021e-017}
-4.45625 0.000315409
-4.16875 0.000515954
-3.88125 0.000816285
-3.59375 0.00125168
-3.30625 0.00185523
-3.01875 0.00266268
-2.73125 0.0036995
-2.44375 0.00496958
-2.15625 0.00645815
-1.86875 0.00812642
-1.58125 0.00987236
-1.29375 0.0116197
-1.00625 0.0132312
-0.71875 0.014567
-0.43125 0.0155464
-0.14375 0.0160469
0.14375 0.0160501
0.43125 0.0155412
0.71875 0.0145678
1.00625 0.0132304
1.29375 0.0116172
1.58125 0.00988125
1.86875 0.0081238
2.15625 0.00645733
2.44375 0.00497235
2.73125 0.00369618
3.01875 0.00266307
3.30625 0.00185513
3.59375 0.00125083
3.88125 0.000816219
4.16875 0.000515374
4.45625 0.000315654
