# f(v_x, v_y, v_z), v_z = const
# nv_x = 32, nv_y = 32, nv_z = 32
# n = 0.988996 , T = 2.26827 , E = 6.72994 , vec_p = {3.39674e-015 1.04476e-018 -1.68359e-017}
-4.45625 0.000516294
-4.16875 0.000924421
-3.88125 0.00127699
-3.59375 0.00223944
-3.30625 0.00363209
-3.01875 0.00509725
-2.73125 0.00781566
-2.44375 0.00993668
-2.15625 0.0114939
-1.86875 0.0138044
-1.58125 0.0145228
-1.29375 0.0146875
-1.00625 0.0149556
-0.71875 0.0132348
-0.43125 0.0127907
-0.14375 0.0125884
0.14375 0.0122512
0.43125 0.0126937
0.71875 0.0129731
1.00625 0.0136602
1.29375 0.0141435
1.58125 0.0145912
1.86875 0.0123229
2.15625 0.0115293
2.44375 0.00998922
2.73125 0.00765265
3.01875 0.0052242
3.30625 0.00368091
3.59375 0.00247341
3.88125 0.00150508
4.16875 0.000829729
4.45625 0.000549573
