# f(v_x, v_y, v_z), v_z = const
# nv_x = 32, nv_y = 32, nv_z = 32
# n = 0.988996 , T = 2.26827 , E = 6.72994 , vec_p = {1.8445e-015 -1.68684e-016 -2.10851e-017}
-4.45625 0.000487067
-4.16875 0.000868853
-3.88125 0.00121324
-3.59375 0.00199811
-3.30625 0.00333075
-3.01875 0.00464279
-2.73125 0.00693159
-2.44375 0.00905661
-2.15625 0.0105408
-1.86875 0.01295
-1.58125 0.013785
-1.29375 0.0143084
-1.00625 0.0145673
-0.71875 0.0132659
-0.43125 0.0132175
-0.14375 0.0129648
0.14375 0.0126731
0.43125 0.0130719
0.71875 0.0131471
1.00625 0.0136597
1.29375 0.0137752
1.58125 0.0137593
1.86875 0.0117694
2.15625 0.0107681
2.44375 0.00914402
2.73125 0.00696321
3.01875 0.00473932
3.30625 0.00330883
3.59375 0.00218665
3.88125 0.00136285
4.16875 0.000746162
4.45625 0.000484763
