# f(v_x, v_y, v_z), v_z = const
# nv_x = 32, nv_y = 32, nv_z = 32
# n = 0.988996 , T = 2.26827 , E = 6.72994 , vec_p = {-1.523e-016 1.09746e-016 -3.18193e-018}
-4.45625 0.000357997
-4.16875 0.000599151
-3.88125 0.000911978
-3.59375 0.00144182
-3.30625 0.0022062
-3.01875 0.00308515
-2.73125 0.00448733
-2.44375 0.00593697
-2.15625 0.00744998
-1.86875 0.00950182
-1.58125 0.0110861
-1.29375 0.0123385
-1.00625 0.0135649
-0.71875 0.0139979
-0.43125 0.0146627
-0.14375 0.0147783
0.14375 0.0148029
0.43125 0.0145887
0.71875 0.0139819
1.00625 0.0133059
1.29375 0.01216
1.58125 0.0109945
1.86875 0.00922525
2.15625 0.00772375
2.44375 0.00617707
2.73125 0.00448522
3.01875 0.00316327
3.30625 0.00220598
3.59375 0.00147036
3.88125 0.000918142
4.16875 0.000576395
4.45625 0.000362858
