# f(v_x, v_y, v_z), v_z = const
# nv_x = 32, nv_y = 32, nv_z = 32
# n = 0.988996 , T = 2.26827 , E = 6.72994 , vec_p = {-1.88694e-015 9.24396e-017 -3.95741e-017}
-4.45625 0.00031708
-4.16875 0.000518546
-3.88125 0.000819204
-3.59375 0.00125847
-3.30625 0.0018673
-3.01875 0.00268019
-2.73125 0.00373373
-2.44375 0.00501099
-2.15625 0.00649858
-1.86875 0.00818893
-1.58125 0.00991927
-1.29375 0.0116486
-1.00625 0.0132328
-0.71875 0.0145219
-0.43125 0.0154858
-0.14375 0.015959
0.14375 0.015962
0.43125 0.0154734
0.71875 0.0145179
1.00625 0.0132312
1.29375 0.0116386
1.58125 0.00993922
1.86875 0.00817854
2.15625 0.00650511
2.44375 0.00502244
2.73125 0.00372023
3.01875 0.00268002
3.30625 0.00186692
3.59375 0.00125858
3.88125 0.000819747
4.16875 0.000517875
4.45625 0.000317512
