# f(v_x, v_y, v_z), v_z = const
# nv_x = 32, nv_y = 32, nv_z = 32
# n = 0.988996 , T = 2.26827 , E = 6.72994 , vec_p = {-3.25912e-016 -2.5677e-017 -2.8152e-017}
-4.45625 0.000315923
-4.16875 0.000516833
-3.88125 0.000817175
-3.59375 0.00125403
-3.30625 0.00185898
-3.01875 0.00266901
-2.73125 0.00371152
-2.44375 0.00498137
-2.15625 0.00647054
-1.86875 0.00814744
-1.58125 0.00988666
-1.29375 0.0116276
-1.00625 0.0132306
-0.71875 0.0145504
-0.43125 0.0155247
-0.14375 0.0160173
0.14375 0.0160172
0.43125 0.0155169
0.71875 0.0145492
1.00625 0.0132312
1.29375 0.0116234
1.58125 0.00989921
1.86875 0.00814316
2.15625 0.00647209
2.44375 0.00498737
2.73125 0.00370324
3.01875 0.00266929
3.30625 0.00185885
3.59375 0.00125272
3.88125 0.000817136
4.16875 0.000516082
4.45625 0.000316243
