# f(v_x, v_y, v_z), v_z = const
# nv_x = 32, nv_y = 32, nv_z = 32
# n = 0.988996 , T = 2.26827 , E = 6.72994 , vec_p = {1.33794e-015 5.76355e-018 1.48211e-018}
-4.45625 0.000347648
-4.16875 0.000580477
-3.88125 0.000884955
-3.59375 0.00139058
-3.30625 0.00211295
-3.01875 0.00299131
-2.73125 0.00434902
-2.44375 0.00573955
-2.15625 0.00721686
-1.86875 0.00917946
-1.58125 0.0107614
-1.29375 0.0121874
-1.00625 0.0134457
-0.71875 0.01409
-0.43125 0.0148018
-0.14375 0.0150072
0.14375 0.0150268
0.43125 0.0147758
0.71875 0.014078
1.00625 0.013295
1.29375 0.0120617
1.58125 0.0107564
1.86875 0.00900675
2.15625 0.00739462
2.44375 0.00587567
2.73125 0.00427593
3.01875 0.00303001
3.30625 0.00213083
3.59375 0.00141724
3.88125 0.000886546
4.16875 0.000558015
4.45625 0.000349282
