# f(v_x, v_y, v_z), v_z = const
# nv_x = 32, nv_y = 32, nv_z = 32
# n = 0.988996 , T = 2.26827 , E = 6.72994 , vec_p = {3.51115e-016 -4.53213e-017 1.49757e-019}
-4.45625 0.000354963
-4.16875 0.000591183
-3.88125 0.000900956
-3.59375 0.00141545
-3.30625 0.00216524
-3.01875 0.00305075
-2.73125 0.00442727
-2.44375 0.00585508
-2.15625 0.00738434
-1.86875 0.00939946
-1.58125 0.0109618
-1.29375 0.0122836
-1.00625 0.0134979
-0.71875 0.0140485
-0.43125 0.0147148
-0.14375 0.0148617
0.14375 0.0148949
0.43125 0.014651
0.71875 0.0140204
1.00625 0.013322
1.29375 0.0121321
1.58125 0.0108873
1.86875 0.00913711
2.15625 0.00759998
2.44375 0.00605251
2.73125 0.0043989
3.01875 0.00312045
3.30625 0.00218245
3.59375 0.00144412
3.88125 0.00090672
4.16875 0.000568031
4.45625 0.000357438
