# f(v_x, v_y, v_z), v_z = const
# nv_x = 32, nv_y = 32, nv_z = 32
# n = 0.988996 , T = 2.26827 , E = 6.72994 , vec_p = {-1.31966e-016 -1.19285e-016 -6.33262e-018}
-4.45625 0.00034843
-4.16875 0.000581934
-3.88125 0.000888797
-3.59375 0.00139301
-3.30625 0.00211686
-3.01875 0.0030035
-2.73125 0.00436626
-2.44375 0.00576305
-2.15625 0.00723454
-1.86875 0.00920042
-1.58125 0.0107746
-1.29375 0.0122012
-1.00625 0.0134468
-0.71875 0.0140773
-0.43125 0.0147876
-0.14375 0.0149877
0.14375 0.0150046
0.43125 0.0147568
0.71875 0.0140728
1.00625 0.0132979
1.29375 0.012068
1.58125 0.010762
1.86875 0.00901974
2.15625 0.00742813
2.44375 0.00589235
2.73125 0.00430185
3.01875 0.00304694
3.30625 0.00214176
3.59375 0.00141957
3.88125 0.000887093
4.16875 0.000558522
4.45625 0.000349896
