# f(v_x, v_y, v_z), v_z = const
# nv_x = 32, nv_y = 32, nv_z = 32
# n = 0.988996 , T = 2.26827 , E = 6.72994 , vec_p = {-5.84429e-016 4.81902e-017 -8.48043e-018}
-4.45625 0.000426004
-4.16875 0.000757948
-3.88125 0.0010498
-3.59375 0.00170963
-3.30625 0.00274897
-3.01875 0.00378749
-2.73125 0.00572607
-2.44375 0.00749007
-2.15625 0.00899575
-1.86875 0.0113067
-1.58125 0.0125353
-1.29375 0.013393
-1.00625 0.0140235
-0.71875 0.0136072
-0.43125 0.0138115
-0.14375 0.0137174
0.14375 0.0136177
0.43125 0.0137475
0.71875 0.0135122
1.00625 0.0134519
1.29375 0.013016
1.58125 0.0123905
1.86875 0.010479
2.15625 0.00937773
2.44375 0.00763842
2.73125 0.00565977
3.01875 0.00398137
3.30625 0.00274037
3.59375 0.00181074
3.88125 0.00112873
4.16875 0.000676729
4.45625 0.000422811
