# f(v_x, v_y, v_z), v_z = const
# nv_x = 32, nv_y = 32, nv_z = 32
# n = 0.988996 , T = 2.26827 , E = 6.72994 , vec_p = {9.35204e-017 -3.27547e-016 -2.62335e-017}
-4.45625 0.000314892
-4.16875 0.000515058
-3.88125 0.000815245
-3.59375 0.00124911
-3.30625 0.00185125
-3.01875 0.00265617
-2.73125 0.00368828
-2.44375 0.004955
-2.15625 0.00643999
-1.86875 0.0081022
-1.58125 0.00985867
-1.29375 0.0116108
-1.00625 0.0132326
-0.71875 0.0145903
-0.43125 0.0155763
-0.14375 0.0160886
0.14375 0.0160896
0.43125 0.0155738
0.71875 0.0145906
1.00625 0.0132316
1.29375 0.0116101
1.58125 0.00985967
1.86875 0.00810128
2.15625 0.00643911
2.44375 0.00495466
2.73125 0.00368728
3.01875 0.00265641
3.30625 0.00185163
3.59375 0.00124878
3.88125 0.000815268
4.16875 0.000514935
4.45625 0.000314969
