# f(v_x, v_y, v_z), v_z = const
# nv_x = 32, nv_y = 32, nv_z = 32
# n = 0.988996 , T = 2.26827 , E = 6.72994 , vec_p = {8.07855e-016 -1.83293e-016 -3.99326e-017}
-4.45625 0.000317521
-4.16875 0.000519568
-3.88125 0.000820094
-3.59375 0.00126094
-3.30625 0.00187051
-3.01875 0.00268455
-2.73125 0.00374066
-2.44375 0.00502084
-2.15625 0.00650941
-1.86875 0.00820691
-1.58125 0.00992856
-1.29375 0.0116558
-1.00625 0.0132363
-0.71875 0.0145056
-0.43125 0.0154678
-0.14375 0.0159355
0.14375 0.0159382
0.43125 0.0154529
0.71875 0.014506
1.00625 0.0132286
1.29375 0.0116467
1.58125 0.00995325
1.86875 0.00819148
2.15625 0.00651538
2.44375 0.00503673
2.73125 0.00373003
3.01875 0.00268503
3.30625 0.00187124
3.59375 0.00126032
3.88125 0.000820574
4.16875 0.00051836
4.45625 0.000317962
