# f(v_x, v_y, v_z), v_z = const
# nv_x = 32, nv_y = 32, nv_z = 32
# n = 0.988996 , T = 2.26827 , E = 6.72994 , vec_p = {6.33294e-018 3.98437e-017 -6.80766e-018}
-4.45625 0.000544851
-4.16875 0.000980668
-3.88125 0.00134308
-3.59375 0.00239158
-3.30625 0.00407095
-3.01875 0.00553159
-2.73125 0.00829259
-2.44375 0.0104076
-2.15625 0.0122802
-1.86875 0.0144657
-1.58125 0.0150417
-1.29375 0.015129
-1.00625 0.0151114
-0.71875 0.0131865
-0.43125 0.0126115
-0.14375 0.0122871
0.14375 0.0118168
0.43125 0.0124427
0.71875 0.0128819
1.00625 0.0138483
1.29375 0.0143779
1.58125 0.0152326
1.86875 0.0130591
2.15625 0.0123997
2.44375 0.0107821
2.73125 0.0081727
3.01875 0.00562037
3.30625 0.00395118
3.59375 0.00263764
3.88125 0.00161978
4.16875 0.000897913
4.45625 0.000580729
