# f(v_x, v_y, v_z), v_z = const
# nv_x = 32, nv_y = 32, nv_z = 32
# n = 0.988996 , T = 2.26827 , E = 6.72994 , vec_p = {1.91394e-015 6.10841e-017 -7.04727e-018}
-4.45625 0.000391968
-4.16875 0.000683199
-3.88125 0.000998793
-3.59375 0.00159638
-3.30625 0.00251262
-3.01875 0.00353573
-2.73125 0.00525802
-2.44375 0.0068893
-2.15625 0.00831618
-1.86875 0.0107122
-1.58125 0.0119523
-1.29375 0.0130277
-1.00625 0.0139319
-0.71875 0.0137246
-0.43125 0.0141305
-0.14375 0.014097
0.14375 0.0140569
0.43125 0.01401
0.71875 0.013692
1.00625 0.0133903
1.29375 0.012621
1.58125 0.0117376
1.86875 0.0100452
2.15625 0.00872309
2.44375 0.00708142
2.73125 0.00521352
3.01875 0.00367066
3.30625 0.00250219
3.59375 0.0016821
3.88125 0.00104667
4.16875 0.000637309
4.45625 0.000407038
