# f(v_x, v_y, v_z), v_z = const
# nv_x = 32, nv_y = 32, nv_z = 32
# n = 0.988996 , T = 2.26827 , E = 6.72994 , vec_p = {3.25016e-016 5.75504e-017 -2.63314e-017}
-4.45625 0.00118313
-4.16875 0.00218929
-3.88125 0.00353483
-3.59375 0.00638156
-3.30625 0.00944966
-3.01875 0.0120586
-2.73125 0.017283
-2.44375 0.0220111
-2.15625 0.0230138
-1.86875 0.02536
-1.58125 0.0230807
-1.29375 0.0214916
-1.00625 0.0182291
-0.71875 0.0135682
-0.43125 0.0107082
-0.14375 0.00913478
0.14375 0.00920093
0.43125 0.0108257
0.71875 0.0136519
1.00625 0.0163064
1.29375 0.0207332
1.58125 0.0241351
1.86875 0.0233638
2.15625 0.0245844
2.44375 0.021633
2.73125 0.0177131
3.01875 0.0136834
3.30625 0.00951778
3.59375 0.00561257
3.88125 0.00345282
4.16875 0.0018625
4.45625 0.00116416
