# f(v_x, v_y, v_z), v_z = const
# nv_x = 32, nv_y = 32, nv_z = 32
# n = 0.988996 , T = 2.26827 , E = 6.72994 , vec_p = {2.56637e-015 -1.06663e-016 1.408e-017}
-4.45625 0.000327242
-4.16875 0.000538166
-3.88125 0.000844043
-3.59375 0.00129958
-3.30625 0.00193195
-3.01875 0.00278607
-2.73125 0.00394727
-2.44375 0.00526184
-2.15625 0.00675252
-1.86875 0.00852586
-1.58125 0.0101888
-1.29375 0.0118326
-1.00625 0.0133188
-0.71875 0.0143399
-0.43125 0.0152017
-0.14375 0.0155705
0.14375 0.0155928
0.43125 0.0151608
0.71875 0.0143245
1.00625 0.0132361
1.29375 0.0117857
1.58125 0.010224
1.86875 0.00845736
2.15625 0.00679569
2.44375 0.0052994
2.73125 0.00389022
3.01875 0.00279255
3.30625 0.00195395
3.59375 0.00130327
3.88125 0.000841865
4.16875 0.000530871
4.45625 0.000327523
