# f(v_x, v_y, v_z), v_z = const
# nv_x = 32, nv_y = 32, nv_z = 32
# n = 0.988996 , T = 2.26827 , E = 6.72994 , vec_p = {7.72089e-016 2.74728e-017 -1.74729e-017}
-4.45625 0.000480689
-4.16875 0.000854918
-3.88125 0.00117728
-3.59375 0.00195697
-3.30625 0.00326913
-3.01875 0.00454633
-2.73125 0.00679256
-2.44375 0.00881681
-2.15625 0.0103902
-1.86875 0.0127198
-1.58125 0.01368
-1.29375 0.0141444
-1.00625 0.0143904
-0.71875 0.0132729
-0.43125 0.0132675
-0.14375 0.0130422
0.14375 0.0127825
0.43125 0.0131551
0.71875 0.0132182
1.00625 0.0136168
1.29375 0.0136904
1.58125 0.0134162
1.86875 0.0115217
2.15625 0.0105616
2.44375 0.00889557
2.73125 0.00682478
3.01875 0.00462551
3.30625 0.00320755
3.59375 0.00213188
3.88125 0.00132968
4.16875 0.00073049
4.45625 0.000475988
