# f(v_x, v_y, v_z), v_z = const
# nv_x = 32, nv_y = 32, nv_z = 32
# n = 0.988996 , T = 2.26827 , E = 6.72994 , vec_p = {4.96021e-016 8.50233e-020 -5.48529e-018}
-4.45625 0.00103563
-4.16875 0.00193874
-3.88125 0.00294047
-3.59375 0.00562747
-3.30625 0.00842945
-3.01875 0.0111804
-2.73125 0.0159138
-2.44375 0.0202044
-2.15625 0.0215003
-1.86875 0.0232979
-1.58125 0.0217987
-1.29375 0.0206909
-1.00625 0.0175009
-0.71875 0.0135376
-0.43125 0.0107369
-0.14375 0.00947614
0.14375 0.00947385
0.43125 0.0110707
0.71875 0.0132081
1.00625 0.0158271
1.29375 0.0197233
1.58125 0.022142
1.86875 0.0214944
2.15625 0.0230238
2.44375 0.0195178
2.73125 0.0158051
3.01875 0.0117211
3.30625 0.00839303
3.59375 0.00527512
3.88125 0.00325456
4.16875 0.00166282
4.45625 0.00106636
