# f(v_x, v_y, v_z), v_z = const
# nv_x = 32, nv_y = 32, nv_z = 32
# n = 0.988996 , T = 2.26827 , E = 6.72994 , vec_p = {2.28664e-015 -2.0193e-016 -3.66521e-017}
-4.45625 0.000316257
-4.16875 0.000517367
-3.88125 0.000817905
-3.59375 0.0012557
-3.30625 0.00186245
-3.01875 0.00267361
-2.73125 0.0037213
-2.44375 0.00499526
-2.15625 0.00648248
-1.86875 0.00816421
-1.58125 0.00990157
-1.29375 0.0116381
-1.00625 0.0132316
-0.71875 0.0145389
-0.43125 0.0155093
-0.14375 0.015993
0.14375 0.0159914
0.43125 0.0154986
0.71875 0.0145371
1.00625 0.0132316
1.29375 0.0116339
1.58125 0.00991758
1.86875 0.00815785
2.15625 0.00648654
2.44375 0.00500243
2.73125 0.00371043
3.01875 0.00267373
3.30625 0.00186222
3.59375 0.00125503
3.88125 0.000818109
4.16875 0.000516685
4.45625 0.00031685
