# f(v_x, v_y, v_z), v_z = const
# nv_x = 32, nv_y = 32, nv_z = 32
# n = 0.988996 , T = 2.26827 , E = 6.72994 , vec_p = {1.60389e-015 2.6012e-017 8.99926e-018}
-4.45625 0.000336358
-4.16875 0.000554753
-3.88125 0.000864663
-3.59375 0.00134152
-3.30625 0.00201411
-3.01875 0.00287541
-2.73125 0.00414645
-2.44375 0.00546736
-2.15625 0.00699061
-1.86875 0.00882195
-1.58125 0.0104979
-1.29375 0.0120178
-1.00625 0.0133898
-0.71875 0.0142202
-0.43125 0.0149992
-0.14375 0.0152926
0.14375 0.0153126
0.43125 0.014971
0.71875 0.0141873
1.00625 0.0132773
1.29375 0.0119226
1.58125 0.0104826
1.86875 0.0087305
2.15625 0.00708122
2.44375 0.00557036
2.73125 0.00405494
3.01875 0.00290752
3.30625 0.00202289
3.59375 0.0013498
3.88125 0.000859279
4.16875 0.00054465
4.45625 0.000336691
