# f(v_x, v_y, v_z), v_z = const
# nv_x = 32, nv_y = 32, nv_z = 32
# n = 0.988996 , T = 2.26827 , E = 6.72994 , vec_p = {-1.98125e-015 -5.11299e-017 -1.64488e-017}
-4.45625 0.000315495
-4.16875 0.000516008
-3.88125 0.0008164
-3.59375 0.00125192
-3.30625 0.00185556
-3.01875 0.00266354
-2.73125 0.00370071
-2.44375 0.00497102
-2.15625 0.00645962
-1.86875 0.00812869
-1.58125 0.00987363
-1.29375 0.0116205
-1.00625 0.0132309
-0.71875 0.0145654
-0.43125 0.015544
-0.14375 0.016044
0.14375 0.016046
0.43125 0.0155394
0.71875 0.0145652
1.00625 0.0132308
1.29375 0.0116175
1.58125 0.00988366
1.86875 0.00812588
2.15625 0.00645873
2.44375 0.00497342
2.73125 0.00369674
3.01875 0.00266371
3.30625 0.00185539
3.59375 0.00125103
3.88125 0.000816411
4.16875 0.000515388
4.45625 0.000315686
