# f(v_x, v_y, v_z), v_z = const
# nv_x = 32, nv_y = 32, nv_z = 32
# n = 0.988996 , T = 2.26827 , E = 6.72994 , vec_p = {1.97156e-016 -2.29652e-016 -3.92112e-017}
-4.45625 0.00031485
-4.16875 0.000514935
-3.88125 0.000815031
-3.59375 0.00124859
-3.30625 0.00185066
-3.01875 0.00265493
-2.73125 0.00368586
-2.44375 0.00495117
-2.15625 0.00643609
-1.86875 0.00809762
-1.58125 0.0098555
-1.29375 0.0116092
-1.00625 0.0132336
-0.71875 0.0145955
-0.43125 0.0155836
-0.14375 0.0160995
0.14375 0.0161001
0.43125 0.0155823
0.71875 0.0145961
1.00625 0.013233
1.29375 0.0116088
1.58125 0.00985608
1.86875 0.0080967
2.15625 0.00643583
2.44375 0.00495164
2.73125 0.0036855
3.01875 0.00265497
3.30625 0.00185083
3.59375 0.00124847
3.88125 0.000815026
4.16875 0.000514878
4.45625 0.000314869
