# f(v_x, v_y, v_z), v_z = const
# nv_x = 32, nv_y = 32, nv_z = 32
# n = 0.988996 , T = 2.26827 , E = 6.72994 , vec_p = {-2.60803e-015 -2.36401e-016 -4.03307e-017}
-4.45625 0.000316966
-4.16875 0.000518416
-3.88125 0.000819161
-3.59375 0.00125789
-3.30625 0.00186674
-3.01875 0.00267929
-2.73125 0.00373276
-2.44375 0.0050072
-2.15625 0.00649642
-1.86875 0.00818511
-1.58125 0.00991629
-1.29375 0.011646
-1.00625 0.0132315
-0.71875 0.0145244
-0.43125 0.0154897
-0.14375 0.0159635
0.14375 0.0159657
0.43125 0.0154772
0.71875 0.01452
1.00625 0.0132307
1.29375 0.0116361
1.58125 0.00993711
1.86875 0.00817458
2.15625 0.00650237
2.44375 0.00501992
2.73125 0.00371946
3.01875 0.00267945
3.30625 0.00186627
3.59375 0.00125809
3.88125 0.000819514
4.16875 0.000517608
4.45625 0.000317399
