# f(v_x, v_y, v_z), v_z = const
# nv_x = 32, nv_y = 32, nv_z = 32
# n = 0.988996 , T = 2.26827 , E = 6.72994 , vec_p = {1.97889e-015 -2.50263e-016 -7.19992e-018}
-4.45625 0.000384667
-4.16875 0.000657733
-3.88125 0.000979375
-3.59375 0.00156503
-3.30625 0.00245088
-3.01875 0.00344439
-2.73125 0.00508162
-2.44375 0.00667787
-2.15625 0.00811864
-1.86875 0.0104216
-1.58125 0.0117706
-1.29375 0.0129037
-1.00625 0.0138784
-0.71875 0.0137558
-0.43125 0.0142519
-0.14375 0.014223
0.14375 0.0141786
0.43125 0.0141349
0.71875 0.0137293
1.00625 0.0133881
1.29375 0.0125739
1.58125 0.0115871
1.86875 0.00978518
2.15625 0.00853707
2.44375 0.00686524
2.73125 0.00506754
3.01875 0.00357147
3.30625 0.00244009
3.59375 0.00162923
3.88125 0.00101283
4.16875 0.000623455
4.45625 0.000397351
