# f(v_x, v_y, v_z), v_z = const
# nv_x = 32, nv_y = 32, nv_z = 32
# n = 0.988996 , T = 2.26827 , E = 6.72994 , vec_p = {-5.55878e-015 -1.59036e-016 -7.1484e-018}
-4.45625 0.000634859
-4.16875 0.001192
-3.88125 0.00167552
-3.59375 0.0029508
-3.30625 0.0050314
-3.01875 0.00668608
-2.73125 0.00976034
-2.44375 0.0125158
-2.15625 0.014496
-1.86875 0.0162956
-1.58125 0.0166749
-1.29375 0.0163027
-1.00625 0.0155379
-0.71875 0.0130601
-0.43125 0.0119244
-0.14375 0.0114579
0.14375 0.0111465
0.43125 0.0118978
0.71875 0.0129165
1.00625 0.0144964
1.29375 0.0156174
1.58125 0.0166608
1.86875 0.0144219
2.15625 0.0148425
2.44375 0.0129228
2.73125 0.00958678
3.01875 0.00677055
3.30625 0.00468333
3.59375 0.00328702
3.88125 0.0019341
4.16875 0.00101184
4.45625 0.000678577
