# f(v_x, v_y, v_z), v_z = const
# nv_x = 32, nv_y = 32, nv_z = 32
# n = 0.988996 , T = 2.26827 , E = 6.72994 , vec_p = {-4.96745e-015 1.0285e-016 -1.50266e-017}
-4.45625 0.000860337
-4.16875 0.00168992
-3.88125 0.00259228
-3.59375 0.00487202
-3.30625 0.0071542
-3.01875 0.00970248
-2.73125 0.0135706
-2.44375 0.0171327
-2.15625 0.0192327
-1.86875 0.0206601
-1.58125 0.0202272
-1.29375 0.0194619
-1.00625 0.0165197
-0.71875 0.0135161
-0.43125 0.010831
-0.14375 0.00984655
0.14375 0.00995683
0.43125 0.0111739
0.71875 0.013021
1.00625 0.0151369
1.29375 0.0180876
1.58125 0.0206823
1.86875 0.0193676
2.15625 0.0205059
2.44375 0.0178658
2.73125 0.0135762
3.01875 0.00968252
3.30625 0.00671006
3.59375 0.00451016
3.88125 0.00272669
4.16875 0.00148073
4.45625 0.000929665
