# f(v_x, v_y, v_z), v_z = const
# nv_x = 32, nv_y = 32, nv_z = 32
# n = 0.988996 , T = 2.26827 , E = 6.72994 , vec_p = {1.52516e-016 1.33203e-016 4.4254e-018}
-4.45625 0.00033419
-4.16875 0.000549535
-3.88125 0.000858723
-3.59375 0.00132843
-3.30625 0.00199053
-3.01875 0.00285326
-2.73125 0.00409162
-2.44375 0.00540993
-2.15625 0.00692941
-1.86875 0.00872269
-1.58125 0.0104087
-1.29375 0.0119603
-1.00625 0.0133636
-0.71875 0.0142436
-0.43125 0.0150451
-0.14375 0.0153616
0.14375 0.0153782
0.43125 0.0150204
0.71875 0.0142112
1.00625 0.0132463
1.29375 0.0118861
1.58125 0.0104113
1.86875 0.00864576
2.15625 0.00701085
2.44375 0.00550481
2.73125 0.0040139
3.01875 0.00287947
3.30625 0.00200467
3.59375 0.00133601
3.88125 0.000856066
4.16875 0.000542081
4.45625 0.000333683
