# f(v_x, v_y, v_z), v_z = const
# nv_x = 30, nv_y = 30, nv_z = 30
# n = 0.993966 , T = 2.29393 , E = 6.84027 , vec_p = {-1.92371e-015 9.66969e-017 4.13003e-019}
-4.64 0.000221917
-4.32 0.000397249
-4 0.00068696
-3.68 0.00116568
-3.36 0.00186834
-3.04 0.00287259
-2.72 0.00421162
-2.4 0.00580047
-2.08 0.00779082
-1.76 0.00963782
-1.44 0.0114701
-1.12 0.0129311
-0.8 0.0141996
-0.48 0.0150305
-0.16 0.015353
0.16 0.0153845
0.48 0.0150493
0.8 0.0141756
1.12 0.0130162
1.44 0.0115726
1.76 0.00965181
2.08 0.00771654
2.4 0.00584134
2.72 0.00418381
3.04 0.00286561
3.36 0.00186512
3.68 0.00116446
4 0.000695608
4.32 0.000391601
4.64 0.000220668
