# f(v_x, v_y, v_z), v_z = const
# nv_x = 30, nv_y = 30, nv_z = 30
# n = 0.993966 , T = 2.29393 , E = 6.84027 , vec_p = {3.89738e-015 8.41309e-017 5.32374e-018}
-4.64 0.000250354
-4.32 0.000445437
-4 0.000767484
-3.68 0.00136274
-3.36 0.0022273
-3.04 0.00343068
-2.72 0.0050847
-2.4 0.00680994
-2.08 0.0090241
-1.76 0.0108812
-1.44 0.0123233
-1.12 0.0132393
-0.8 0.0139937
-0.48 0.0143985
-0.16 0.0143503
0.16 0.0144566
0.48 0.0143494
0.8 0.0139784
1.12 0.0133262
1.44 0.0125486
1.76 0.0107981
2.08 0.00889949
2.4 0.00691832
2.72 0.00495921
3.04 0.00343014
3.36 0.00222788
3.68 0.00135195
4 0.000786954
4.32 0.000429622
4.64 0.000242506
