# f(v_x, v_y, v_z), v_z = const
# nv_x = 30, nv_y = 30, nv_z = 30
# n = 0.993966 , T = 2.29393 , E = 6.84027 , vec_p = {-1.33475e-015 2.88723e-016 -1.81748e-017}
-4.64 0.000289221
-4.32 0.000523967
-4 0.000900348
-3.68 0.00165353
-3.36 0.00272681
-3.04 0.00434418
-2.72 0.00634635
-2.4 0.00813231
-2.08 0.0108364
-1.76 0.0125979
-1.44 0.0135687
-1.12 0.0137372
-0.8 0.0138199
-0.48 0.0136905
-0.16 0.0133255
0.16 0.013422
0.48 0.0136218
0.8 0.0138376
1.12 0.0138669
1.44 0.0138429
1.76 0.0122931
2.08 0.0105617
2.4 0.00857292
2.72 0.00613139
3.04 0.00423058
3.36 0.00275716
3.68 0.00164208
4 0.00095708
4.32 0.000500563
4.64 0.000277518
