# f(v_x, v_y, v_z), v_z = const
# nv_x = 30, nv_y = 30, nv_z = 30
# n = 0.993966 , T = 2.29393 , E = 6.84027 , vec_p = {-1.86736e-015 6.44045e-017 2.60161e-017}
-4.64 0.000234207
-4.32 0.000419563
-4 0.000725983
-3.68 0.00126665
-3.36 0.00204571
-3.04 0.00316577
-2.72 0.00464504
-2.4 0.0062999
-2.08 0.00841798
-1.76 0.0102578
-1.44 0.0119135
-1.12 0.0130387
-0.8 0.0140834
-0.48 0.0146808
-0.16 0.0148058
0.16 0.0148773
0.48 0.0146722
0.8 0.0140514
1.12 0.0131697
1.44 0.0120434
1.76 0.0102142
2.08 0.00833088
2.4 0.00636779
2.72 0.00460334
3.04 0.0031506
3.36 0.00204174
3.68 0.00125227
4 0.000738873
4.32 0.000408599
4.64 0.000231719
