# f(v_x, v_y, v_z), v_z = const
# nv_x = 30, nv_y = 30, nv_z = 30
# n = 0.993966 , T = 2.29393 , E = 6.84027 , vec_p = {1.4483e-015 -6.51212e-017 2.79243e-018}
-4.64 0.000283018
-4.32 0.000513826
-4 0.000883519
-3.68 0.00160964
-3.36 0.00264025
-3.04 0.00420093
-2.72 0.00614615
-2.4 0.00790663
-2.08 0.010609
-1.76 0.012359
-1.44 0.0133754
-1.12 0.0136975
-0.8 0.0138152
-0.48 0.0137966
-0.16 0.0134655
0.16 0.0135631
0.48 0.0137199
0.8 0.0138353
1.12 0.0137702
1.44 0.0136456
1.76 0.0120713
2.08 0.0103437
2.4 0.00837758
2.72 0.00596766
3.04 0.00409885
3.36 0.00266705
3.68 0.00160301
4 0.00093342
4.32 0.000490201
4.64 0.000271229
