# f(v_x, v_y, v_z), v_z = const
# nv_x = 30, nv_y = 30, nv_z = 30
# n = 0.993966 , T = 2.29393 , E = 6.84027 , vec_p = {-1.23891e-015 -1.24352e-016 -1.16911e-017}
-4.64 0.000513614
-4.32 0.000995224
-4 0.00189057
-3.68 0.00367226
-3.36 0.00635131
-3.04 0.00942811
-2.72 0.0134379
-2.4 0.0157177
-2.08 0.019622
-1.76 0.0201967
-1.44 0.0196048
-1.12 0.0163929
-0.8 0.0139587
-0.48 0.0115136
-0.16 0.0100947
0.16 0.0101615
0.48 0.0115417
0.8 0.0139461
1.12 0.0165911
1.44 0.0193653
1.76 0.0200631
2.08 0.018721
2.4 0.0165043
2.72 0.0128229
3.04 0.00942127
3.36 0.00609983
3.68 0.00375499
4 0.00204061
4.32 0.00099808
4.64 0.00051369
