# f(v_x, v_y, v_z), v_z = const
# nv_x = 30, nv_y = 30, nv_z = 30
# n = 0.993966 , T = 2.29393 , E = 6.84027 , vec_p = {-1.73628e-016 4.64491e-017 1.42153e-017}
-4.64 0.000238532
-4.32 0.000427859
-4 0.000739333
-3.68 0.00129529
-3.36 0.00209574
-3.04 0.00321996
-2.72 0.00477375
-2.4 0.00646002
-2.08 0.00861233
-1.76 0.0104683
-1.44 0.0120057
-1.12 0.0130747
-0.8 0.0140612
-0.48 0.0145808
-0.16 0.0146722
0.16 0.0147487
0.48 0.0145625
0.8 0.0140355
1.12 0.0132135
1.44 0.0121922
1.76 0.0104012
2.08 0.00850089
2.4 0.0065192
2.72 0.00471652
3.04 0.00323718
3.36 0.00209607
3.68 0.00128072
4 0.000750396
4.32 0.000414466
4.64 0.0002349
