# f(v_x, v_y, v_z), v_z = const
# nv_x = 30, nv_y = 30, nv_z = 30
# n = 0.993966 , T = 2.29393 , E = 6.84027 , vec_p = {-3.5714e-016 2.37099e-017 1.23452e-017}
-4.64 0.000237564
-4.32 0.000425613
-4 0.000735701
-3.68 0.00128896
-3.36 0.00208088
-3.04 0.00320496
-2.72 0.00474545
-2.4 0.00642854
-2.08 0.00857981
-1.76 0.0104261
-1.44 0.0119846
-1.12 0.0130692
-0.8 0.0140657
-0.48 0.0146017
-0.16 0.0147038
0.16 0.0147728
0.48 0.0145844
0.8 0.0140395
1.12 0.0132111
1.44 0.0121701
1.76 0.0103578
2.08 0.00847245
2.4 0.00648422
2.72 0.00469821
3.04 0.0032227
3.36 0.00208216
3.68 0.00127365
4 0.000747451
4.32 0.000412936
4.64 0.000233937
