# f(v_x, v_y, v_z), v_z = const
# nv_x = 30, nv_y = 30, nv_z = 30
# n = 0.993966 , T = 2.29393 , E = 6.84027 , vec_p = {2.50994e-015 -1.40261e-017 -3.47278e-019}
-4.64 0.000431958
-4.32 0.000799621
-4 0.00150861
-3.68 0.00283169
-3.36 0.00492414
-3.04 0.00740225
-2.72 0.0106952
-2.4 0.0127926
-2.08 0.0162141
-1.76 0.0173435
-1.44 0.0172375
-1.12 0.015205
-0.8 0.0138658
-0.48 0.0121603
-0.16 0.011048
0.16 0.0111235
0.48 0.0119448
0.8 0.0137613
1.12 0.0155479
1.44 0.0175084
1.76 0.017207
2.08 0.0160258
2.4 0.0136787
2.72 0.0103167
3.04 0.00742224
3.36 0.00477166
3.68 0.00293438
4 0.00159463
4.32 0.000773914
4.64 0.00041816
