# f(v_x, v_y, v_z), v_z = const
# nv_x = 30, nv_y = 30, nv_z = 30
# n = 0.993966 , T = 2.29393 , E = 6.84027 , vec_p = {-2.2523e-015 1.37873e-016 -9.31699e-018}
-4.64 0.000255266
-4.32 0.00045458
-4 0.000783241
-3.68 0.0014004
-3.36 0.00229635
-3.04 0.00354905
-2.72 0.00523512
-2.4 0.00697248
-2.08 0.0093039
-1.76 0.0110955
-1.44 0.0124992
-1.12 0.0133495
-0.8 0.0139646
-0.48 0.0142898
-0.16 0.0141855
0.16 0.0143093
0.48 0.0142498
0.8 0.0139521
1.12 0.0133966
1.44 0.0127446
1.76 0.0110062
2.08 0.0091147
2.4 0.00715945
2.72 0.00509527
3.04 0.00351952
3.36 0.00229018
3.68 0.00138515
4 0.000809153
4.32 0.000439504
4.64 0.000247043
