# f(v_x, v_y, v_z), v_z = const
# nv_x = 30, nv_y = 30, nv_z = 30
# n = 0.993966 , T = 2.29393 , E = 6.84027 , vec_p = {-2.92459e-017 1.4453e-016 -5.03984e-017}
-4.64 0.000331231
-4.32 0.000594633
-4 0.00106764
-3.68 0.00196194
-3.36 0.00323801
-3.04 0.00516142
-2.72 0.00753494
-2.4 0.00937583
-2.08 0.0123976
-1.76 0.0139215
-1.44 0.0146564
-1.12 0.0142009
-0.8 0.0136442
-0.48 0.0131493
-0.16 0.0126153
0.16 0.0126661
0.48 0.0130169
0.8 0.0137859
1.12 0.0142913
1.44 0.0149686
1.76 0.0137122
2.08 0.0121201
2.4 0.00994363
2.72 0.00719193
3.04 0.00501734
3.36 0.00327186
3.68 0.00193626
4 0.00112703
4.32 0.000563166
4.64 0.000313326
