# f(v_x, v_y, v_z), v_z = const
# nv_x = 30, nv_y = 30, nv_z = 30
# n = 0.993966 , T = 2.29393 , E = 6.84027 , vec_p = {-5.38289e-016 -6.17071e-017 1.16005e-017}
-4.64 0.000242296
-4.32 0.000434749
-4 0.00074819
-3.68 0.00132403
-3.36 0.00214258
-3.04 0.00329614
-2.72 0.00490296
-2.4 0.00657142
-2.08 0.00874783
-1.76 0.0106166
-1.44 0.0121215
-1.12 0.013144
-0.8 0.0140433
-0.48 0.0145024
-0.16 0.014547
0.16 0.0146366
0.48 0.0144877
0.8 0.0140131
1.12 0.0132678
1.44 0.0123008
1.76 0.0105487
2.08 0.00862158
2.4 0.00667248
2.72 0.00480602
3.04 0.00330581
3.36 0.00214504
3.68 0.00130238
4 0.000763192
4.32 0.000419488
4.64 0.000237459
