# f(v_x, v_y, v_z), v_z = const
# nv_x = 30, nv_y = 30, nv_z = 30
# n = 0.993966 , T = 2.29393 , E = 6.84027 , vec_p = {1.46103e-015 1.61e-016 -2.41305e-017}
-4.64 0.000373572
-4.32 0.000682847
-4 0.00127368
-3.68 0.00235522
-3.36 0.00400365
-3.04 0.00621932
-2.72 0.00904254
-2.4 0.010929
-2.08 0.0141852
-1.76 0.0154591
-1.44 0.0157983
-1.12 0.0146502
-0.8 0.0137153
-0.48 0.0127464
-0.16 0.0118583
0.16 0.0118916
0.48 0.0124988
0.8 0.0136791
1.12 0.0147708
1.44 0.0161033
1.76 0.0153198
2.08 0.0139079
2.4 0.0115643
2.72 0.00840581
3.04 0.00615273
3.36 0.00395033
3.68 0.0023668
4 0.00133838
4.32 0.000656627
4.64 0.000354826
