# f(v_x, v_y, v_z), v_z = const
# nv_x = 30, nv_y = 30, nv_z = 30
# n = 0.993966 , T = 2.29393 , E = 6.84027 , vec_p = {4.02085e-016 1.07891e-016 3.91429e-017}
-4.64 0.000235512
-4.32 0.00042185
-4 0.000728625
-3.68 0.00127293
-3.36 0.0020592
-3.04 0.00318159
-2.72 0.0046758
-2.4 0.00634496
-2.08 0.00847382
-1.76 0.0103168
-1.44 0.0119421
-1.12 0.0130482
-0.8 0.0140778
-0.48 0.01465
-0.16 0.01477
0.16 0.014844
0.48 0.0146459
0.8 0.0140455
1.12 0.0131916
1.44 0.0120904
1.76 0.010267
2.08 0.0083766
2.4 0.00639764
2.72 0.00463166
3.04 0.00317514
3.36 0.00205574
3.68 0.00126162
4 0.000741556
4.32 0.000409508
4.64 0.000232305
