# f(v_x, v_y, v_z), v_z = const
# nv_x = 30, nv_y = 30, nv_z = 30
# n = 0.993966 , T = 2.29393 , E = 6.84027 , vec_p = {-2.68215e-015 1.53217e-016 2.35403e-017}
-4.64 0.000230607
-4.32 0.000414224
-4 0.000717979
-3.68 0.0012439
-3.36 0.0020136
-3.04 0.00310267
-2.72 0.00455376
-2.4 0.00618231
-2.08 0.00829115
-1.76 0.0101053
-1.44 0.0118176
-1.12 0.0130224
-0.8 0.0141031
-0.48 0.0147478
-0.16 0.0149025
0.16 0.0149639
0.48 0.0147409
0.8 0.0140794
1.12 0.0131531
1.44 0.0119549
1.76 0.0101039
2.08 0.00821054
2.4 0.00623475
2.72 0.00452088
3.04 0.00309285
3.36 0.00200656
3.68 0.00123324
4 0.000729637
4.32 0.000404001
4.64 0.000228668
