# f(v_x, v_y, v_z), v_z = const
# nv_x = 30, nv_y = 30, nv_z = 30
# n = 0.993966 , T = 2.29393 , E = 6.84027 , vec_p = {2.05753e-015 1.35317e-016 -2.52554e-017}
-4.64 0.000275849
-4.32 0.000494603
-4 0.000857375
-3.68 0.00155267
-3.36 0.00253878
-3.04 0.00403661
-2.72 0.00586823
-2.4 0.00766354
-2.08 0.0102972
-1.76 0.012025
-1.44 0.0131468
-1.12 0.013634
-0.8 0.0138551
-0.48 0.0139112
-0.16 0.0136746
0.16 0.0137581
0.48 0.0138733
0.8 0.0138687
1.12 0.0136529
1.44 0.0134078
1.76 0.0118002
2.08 0.00997599
2.4 0.00801103
2.72 0.00571058
3.04 0.00393814
3.36 0.00256545
3.68 0.00153701
4 0.000902005
4.32 0.000475132
4.64 0.000264086
