# f(v_x, v_y, v_z), v_z = const
# nv_x = 30, nv_y = 30, nv_z = 30
# n = 0.993966 , T = 2.29393 , E = 6.84027 , vec_p = {-3.76831e-015 1.59273e-016 -3.30047e-018}
-4.64 0.000404801
-4.32 0.000744978
-4 0.00138756
-3.68 0.00261916
-3.36 0.00447367
-3.04 0.00688727
-2.72 0.00995787
-2.4 0.0119451
-2.08 0.0152856
-1.76 0.0165109
-1.44 0.0166325
-1.12 0.0149363
-0.8 0.0137658
-0.48 0.01243
-0.16 0.0113888
0.16 0.0114959
0.48 0.012169
0.8 0.0137228
1.12 0.0152146
1.44 0.0169193
1.76 0.0162686
2.08 0.0149629
2.4 0.0126005
2.72 0.00938829
3.04 0.00683831
3.36 0.00436596
3.68 0.00267916
4 0.00146705
4.32 0.000715185
4.64 0.000387874
