# f(v_x, v_y, v_z), v_z = const
# nv_x = 30, nv_y = 30, nv_z = 30
# n = 0.993966 , T = 2.29393 , E = 6.84027 , vec_p = {-6.19561e-016 6.29079e-017 7.32436e-018}
-4.64 0.00028423
-4.32 0.000514658
-4 0.00088613
-3.68 0.00161355
-3.36 0.00265533
-3.04 0.00422297
-2.72 0.00618537
-2.4 0.00795247
-2.08 0.0106439
-1.76 0.0124026
-1.44 0.0134048
-1.12 0.013716
-0.8 0.0138081
-0.48 0.0137847
-0.16 0.0134468
0.16 0.0135302
0.48 0.0137037
0.8 0.0138525
1.12 0.0137884
1.44 0.0136885
1.76 0.0121032
2.08 0.0103556
2.4 0.00840823
2.72 0.00598936
3.04 0.00412123
3.36 0.00268094
3.68 0.00160806
4 0.000935651
4.32 0.00049108
4.64 0.00027238
