# f(v_x, v_y, v_z), v_z = const
# nv_x = 30, nv_y = 30, nv_z = 30
# n = 0.993966 , T = 2.29393 , E = 6.84027 , vec_p = {1.41463e-015 6.38654e-017 -3.5385e-018}
-4.64 0.000797382
-4.32 0.00172425
-4 0.00338074
-3.68 0.00643465
-3.36 0.0105822
-3.04 0.0159097
-2.72 0.0211523
-2.4 0.0247906
-2.08 0.0284607
-1.76 0.0274304
-1.44 0.0247752
-1.12 0.0198263
-0.8 0.0148003
-0.48 0.0110346
-0.16 0.00877577
0.16 0.00875093
0.48 0.0109592
0.8 0.0149842
1.12 0.0195946
1.44 0.0247679
1.76 0.0275885
2.08 0.0263388
2.4 0.0251987
2.72 0.0202674
3.04 0.0156561
3.36 0.0103406
3.68 0.00649152
4 0.00358271
4.32 0.00179914
4.64 0.000794497
