# f(v_x, v_y, v_z), v_z = const
# nv_x = 30, nv_y = 30, nv_z = 30
# n = 0.993966 , T = 2.29393 , E = 6.84027 , vec_p = {-1.74619e-015 1.30052e-016 -5.135e-018}
-4.64 0.000285734
-4.32 0.00051658
-4 0.000889937
-3.68 0.00162046
-3.36 0.00266414
-3.04 0.00425077
-2.72 0.00621352
-2.4 0.00799069
-2.08 0.0106707
-1.76 0.012431
-1.44 0.0134404
-1.12 0.0137147
-0.8 0.0138106
-0.48 0.0137732
-0.16 0.0134226
0.16 0.0135112
0.48 0.0136861
0.8 0.0138529
1.12 0.0137951
1.44 0.013699
1.76 0.0121359
2.08 0.0104127
2.4 0.00845459
2.72 0.00601511
3.04 0.00414101
3.36 0.00269539
3.68 0.00161526
4 0.000940113
4.32 0.000493026
4.64 0.000273551
