# f(v_x, v_y, v_z), v_z = const
# nv_x = 30, nv_y = 30, nv_z = 30
# n = 0.993966 , T = 2.29393 , E = 6.84027 , vec_p = {-4.29637e-016 5.51577e-017 -2.58717e-017}
-4.64 0.000661813
-4.32 0.00132087
-4 0.00251123
-3.68 0.00486648
-3.36 0.00811301
-3.04 0.0122424
-2.72 0.0170184
-2.4 0.0191495
-2.08 0.023012
-1.76 0.0235153
-1.44 0.0220469
-1.12 0.0178633
-0.8 0.014118
-0.48 0.0110623
-0.16 0.00924097
0.16 0.00923496
0.48 0.0110795
0.8 0.0142116
1.12 0.0179872
1.44 0.0219491
1.76 0.0235916
2.08 0.0222434
2.4 0.0205667
2.72 0.0158736
3.04 0.0123258
3.36 0.00787968
3.68 0.00501856
4 0.00269585
4.32 0.001314
4.64 0.000631051
