# f(v_x, v_y, v_z), v_z = const
# nv_x = 30, nv_y = 30, nv_z = 30
# n = 0.993966 , T = 2.29393 , E = 6.84027 , vec_p = {-3.1993e-015 1.68824e-016 1.1553e-017}
-4.64 0.000223133
-4.32 0.000399594
-4 0.000691476
-3.68 0.00117489
-3.36 0.00189345
-3.04 0.00290501
-2.72 0.00426048
-2.4 0.00586055
-2.08 0.00787486
-1.76 0.00970126
-1.44 0.0115139
-1.12 0.0129383
-0.8 0.014184
-0.48 0.014978
-0.16 0.0152811
0.16 0.0153201
0.48 0.0150003
0.8 0.0141581
1.12 0.0130427
1.44 0.0116395
1.76 0.0097133
2.08 0.00780251
2.4 0.00589307
2.72 0.00423352
3.04 0.0028945
3.36 0.00188516
3.68 0.00117579
4 0.000700846
4.32 0.000393928
4.64 0.000221789
