# f(v_x, v_y, v_z), v_z = const
# nv_x = 30, nv_y = 30, nv_z = 30
# n = 0.993966 , T = 2.29393 , E = 6.84027 , vec_p = {-7.43845e-015 1.74524e-016 -2.84452e-017}
-4.64 0.000263424
-4.32 0.00047011
-4 0.000811188
-3.68 0.00146129
-3.36 0.00239624
-3.04 0.00373972
-2.72 0.00548103
-2.4 0.00727891
-2.08 0.00970945
-1.76 0.0114466
-1.44 0.0127869
-1.12 0.0135104
-0.8 0.013936
-0.48 0.0141186
-0.16 0.0139611
0.16 0.0140549
0.48 0.0141054
0.8 0.0139414
1.12 0.0135081
1.44 0.0130427
1.76 0.0114023
2.08 0.00946833
2.4 0.00752231
2.72 0.00535209
3.04 0.00369521
3.36 0.00239445
3.68 0.00144595
4 0.00084499
4.32 0.000455996
4.64 0.000254832
