# f(v_x, v_y, v_z), v_z = const
# nv_x = 30, nv_y = 30, nv_z = 30
# n = 0.993966 , T = 2.29393 , E = 6.84027 , vec_p = {-1.27685e-015 4.17506e-017 3.21703e-017}
-4.64 0.000228723
-4.32 0.000410336
-4 0.000710062
-3.68 0.00122214
-3.36 0.00197875
-3.04 0.00304226
-2.72 0.00446125
-2.4 0.0060857
-2.08 0.00816823
-1.76 0.00999903
-1.44 0.0117372
-1.12 0.0129955
-0.8 0.0141257
-0.48 0.0148144
-0.16 0.0150066
0.16 0.0150573
0.48 0.0148067
0.8 0.0140915
1.12 0.0131285
1.44 0.0118785
1.76 0.0099986
2.08 0.00810088
2.4 0.00614656
2.72 0.00444443
3.04 0.00303535
3.36 0.00197139
3.68 0.0012156
4 0.000720401
4.32 0.000401294
4.64 0.000226984
