# f(v_x, v_y, v_z), v_z = const
# nv_x = 30, nv_y = 30, nv_z = 30
# n = 0.993966 , T = 2.29393 , E = 6.84027 , vec_p = {-2.24899e-015 5.753e-017 -6.29803e-017}
-4.64 0.000336922
-4.32 0.000605475
-4 0.00109133
-3.68 0.00200282
-3.36 0.00329994
-3.04 0.00526946
-2.72 0.00769937
-2.4 0.00949707
-2.08 0.0125356
-1.76 0.014091
-1.44 0.0147634
-1.12 0.0142569
-0.8 0.0136629
-0.48 0.0131057
-0.16 0.0125318
0.16 0.0125823
0.48 0.0129671
0.8 0.0137855
1.12 0.014335
1.44 0.0151441
1.76 0.0139374
2.08 0.0123534
2.4 0.0101119
2.72 0.00729071
3.04 0.00510975
3.36 0.00333991
3.68 0.00196618
4 0.00114325
4.32 0.000570288
4.64 0.000317538
