# f(v_x, v_y, v_z), v_z = const
# nv_x = 30, nv_y = 30, nv_z = 30
# n = 0.993966 , T = 2.29393 , E = 6.84027 , vec_p = {-1.98956e-015 4.59064e-017 -4.83613e-018}
-4.64 0.000822211
-4.32 0.00175754
-4 0.00349635
-3.68 0.00665622
-3.36 0.0109534
-3.04 0.0162658
-2.72 0.0213207
-2.4 0.025355
-2.08 0.0287043
-1.76 0.02774
-1.44 0.0250561
-1.12 0.0201001
-0.8 0.0148333
-0.48 0.011063
-0.16 0.00871585
0.16 0.00872037
0.48 0.0109444
0.8 0.0150234
1.12 0.0197639
1.44 0.0249008
1.76 0.0279438
2.08 0.0268333
2.4 0.0254797
2.72 0.0208919
3.04 0.0160573
3.36 0.0105685
3.68 0.00662194
4 0.00364732
4.32 0.00182442
4.64 0.000810911
