# f(v_x, v_y, v_z), v_z = const
# nv_x = 30, nv_y = 30, nv_z = 30
# n = 0.993966 , T = 2.29393 , E = 6.84027 , vec_p = {6.91756e-016 -1.48946e-016 -1.44698e-017}
-4.64 0.000266869
-4.32 0.000475725
-4 0.000825289
-3.68 0.00148784
-3.36 0.00243488
-3.04 0.00380546
-2.72 0.00557314
-2.4 0.00736712
-2.08 0.0098527
-1.76 0.0115971
-1.44 0.012888
-1.12 0.0135418
-0.8 0.0139168
-0.48 0.0140654
-0.16 0.0138818
0.16 0.0139815
0.48 0.0140417
0.8 0.0139303
1.12 0.0135478
1.44 0.0131537
1.76 0.0115341
2.08 0.00958366
2.4 0.00763861
2.72 0.00544407
3.04 0.00375156
3.36 0.00243792
3.68 0.00146844
4 0.000857573
4.32 0.000461278
4.64 0.000257793
