# f(v_x, v_y, v_z), v_z = const
# nv_x = 30, nv_y = 30, nv_z = 30
# n = 0.993966 , T = 2.29393 , E = 6.84027 , vec_p = {2.64453e-015 -7.12168e-017 -2.88658e-020}
-4.64 0.000241502
-4.32 0.000433176
-4 0.000746344
-3.68 0.00131718
-3.36 0.00213327
-3.04 0.0032785
-2.72 0.00486946
-2.4 0.00654329
-2.08 0.0087139
-1.76 0.0105742
-1.44 0.01209
-1.12 0.0131304
-0.8 0.01405
-0.48 0.0145145
-0.16 0.0145753
0.16 0.0146699
0.48 0.0145032
0.8 0.0140144
1.12 0.0132479
1.44 0.0122633
1.76 0.0105159
2.08 0.00858633
2.4 0.00663829
2.72 0.0047909
3.04 0.00329358
3.36 0.00213347
3.68 0.0012981
4 0.00075973
4.32 0.000418142
4.64 0.0002366
