# f(v_x, v_y, v_z), v_z = const
# nv_x = 30, nv_y = 30, nv_z = 30
# n = 0.993966 , T = 2.29393 , E = 6.84027 , vec_p = {3.5209e-015 -3.39107e-017 -6.48548e-018}
-4.64 0.000874385
-4.32 0.00188526
-4 0.00365183
-3.68 0.0069917
-3.36 0.0115632
-3.04 0.0171475
-2.72 0.0220704
-2.4 0.0262739
-2.08 0.02942
-1.76 0.0286712
-1.44 0.0255397
-1.12 0.0203292
-0.8 0.0150602
-0.48 0.0110566
-0.16 0.00867602
0.16 0.00867151
0.48 0.0109416
0.8 0.0152178
1.12 0.020235
1.44 0.0254527
1.76 0.0287681
2.08 0.0279549
2.4 0.0265546
2.72 0.0219171
3.04 0.016874
3.36 0.0112262
3.68 0.00684412
4 0.00381846
4.32 0.00192164
4.64 0.000865771
