# f(v_x, v_y, v_z), v_z = const
# nv_x = 30, nv_y = 30, nv_z = 30
# n = 0.993966 , T = 2.29393 , E = 6.84027 , vec_p = {5.65777e-016 1.42814e-016 3.39142e-017}
-4.64 0.000234859
-4.32 0.00042039
-4 0.000727282
-3.68 0.00127069
-3.36 0.00205461
-3.04 0.00317631
-2.72 0.00466537
-2.4 0.00633029
-2.08 0.00845778
-1.76 0.0103048
-1.44 0.0119275
-1.12 0.0130401
-0.8 0.0140773
-0.48 0.0146587
-0.16 0.0147804
0.16 0.0148555
0.48 0.0146547
0.8 0.014049
1.12 0.0131892
1.44 0.0120763
1.76 0.0102489
2.08 0.0083586
2.4 0.00638638
2.72 0.00462358
3.04 0.0031688
3.36 0.00205118
3.68 0.00125937
4 0.000740454
4.32 0.000409226
4.64 0.000232227
