# f(v_x, v_y, v_z), v_z = const
# nv_x = 30, nv_y = 30, nv_z = 30
# n = 0.993966 , T = 2.29393 , E = 6.84027 , vec_p = {-1.4606e-015 -1.87992e-017 -2.51936e-017}
-4.64 0.00039981
-4.32 0.00073499
-4 0.00137103
-3.68 0.00259226
-3.36 0.00436586
-3.04 0.00679235
-2.72 0.00971968
-2.4 0.0117612
-2.08 0.0150743
-1.76 0.0163562
-1.44 0.016507
-1.12 0.0148885
-0.8 0.0137758
-0.48 0.0124652
-0.16 0.0114349
0.16 0.01156
0.48 0.0122069
0.8 0.0137062
1.12 0.0151167
1.44 0.0167857
1.76 0.0161335
2.08 0.0148513
2.4 0.0124444
2.72 0.00922092
3.04 0.0067261
3.36 0.00429547
3.68 0.00263014
4 0.00144032
4.32 0.000705113
4.64 0.000381844
