# f(v_x, v_y, v_z), v_z = const
# nv_x = 30, nv_y = 30, nv_z = 30
# n = 0.993966 , T = 2.29393 , E = 6.84027 , vec_p = {1.55934e-015 3.94458e-017 -2.98335e-017}
-4.64 0.000376391
-4.32 0.000687123
-4 0.00127787
-3.68 0.00238692
-3.36 0.00402621
-3.04 0.00625733
-2.72 0.00909193
-2.4 0.0109894
-2.08 0.0142562
-1.76 0.0155495
-1.44 0.0158334
-1.12 0.0146792
-0.8 0.0137111
-0.48 0.0127129
-0.16 0.0118001
0.16 0.0118692
0.48 0.0124665
0.8 0.0136598
1.12 0.0148043
1.44 0.0161643
1.76 0.0153819
2.08 0.0139838
2.4 0.0116534
2.72 0.0084718
3.04 0.00621445
3.36 0.00399115
3.68 0.00237822
4 0.00134445
4.32 0.000659604
4.64 0.000356045
