# f(v_x, v_y, v_z), v_z = const
# nv_x = 30, nv_y = 30, nv_z = 30
# n = 0.993966 , T = 2.29393 , E = 6.84027 , vec_p = {-3.69497e-015 -4.64873e-017 -1.13136e-017}
-4.64 0.000521656
-4.32 0.00101053
-4 0.0019228
-3.68 0.00371493
-3.36 0.00640558
-3.04 0.00956122
-2.72 0.0135226
-2.4 0.0157742
-2.08 0.0197519
-1.76 0.0203017
-1.44 0.0196637
-1.12 0.0164416
-0.8 0.013978
-0.48 0.0115174
-0.16 0.0100568
0.16 0.0101039
0.48 0.0114963
0.8 0.0139474
1.12 0.0166403
1.44 0.0194636
1.76 0.020123
2.08 0.0189114
2.4 0.0168101
2.72 0.0129479
3.04 0.00954491
3.36 0.00612484
3.68 0.00378448
4 0.00206111
4.32 0.00100675
4.64 0.000517451
