# f(v_x, v_y, v_z), v_z = const
# nv_x = 30, nv_y = 30, nv_z = 30
# n = 0.993966 , T = 2.29393 , E = 6.84027 , vec_p = {5.55647e-015 -5.68319e-017 -2.54818e-017}
-4.64 0.000262511
-4.32 0.000469225
-4 0.000809835
-3.68 0.00145618
-3.36 0.00238678
-3.04 0.00371543
-2.72 0.00545401
-2.4 0.00724996
-2.08 0.00965479
-1.76 0.0114226
-1.44 0.0127623
-1.12 0.0135003
-0.8 0.0139431
-0.48 0.0141358
-0.16 0.0139756
0.16 0.0140774
0.48 0.0141225
0.8 0.0139423
1.12 0.013503
1.44 0.0130153
1.76 0.0113723
2.08 0.00943731
2.4 0.00748075
2.72 0.00533391
3.04 0.00367776
3.36 0.00238309
3.68 0.00143892
4 0.00083974
4.32 0.000454383
4.64 0.000253718
