# f(v_x, v_y, v_z), v_z = const
# nv_x = 30, nv_y = 30, nv_z = 30
# n = 0.993966 , T = 2.29393 , E = 6.84027 , vec_p = {-3.57485e-015 6.9984e-017 -4.08815e-017}
-4.64 0.000324107
-4.32 0.000584008
-4 0.00103831
-3.68 0.00190929
-3.36 0.00314601
-3.04 0.00503071
-2.72 0.00734324
-2.4 0.00914154
-2.08 0.0121289
-1.76 0.0137457
-1.44 0.0144479
-1.12 0.0141405
-0.8 0.0136861
-0.48 0.0132456
-0.16 0.0127284
0.16 0.0127819
0.48 0.0131129
0.8 0.0138058
1.12 0.01426
1.44 0.0147227
1.76 0.0135084
2.08 0.0118597
2.4 0.00971374
2.72 0.00701513
3.04 0.0048857
3.36 0.00319536
3.68 0.00188461
4 0.00109645
4.32 0.000552481
4.64 0.00030413
