# f(v_x, v_y, v_z), v_z = const
# nv_x = 30, nv_y = 30, nv_z = 30
# n = 0.993966 , T = 2.29393 , E = 6.84027 , vec_p = {4.91085e-015 -3.2081e-017 8.37419e-018}
-4.64 0.000226694
-4.32 0.000406749
-4 0.000703934
-3.68 0.00120504
-3.36 0.00195561
-3.04 0.00299811
-2.72 0.00439598
-2.4 0.00601713
-2.08 0.00807725
-1.76 0.00991683
-1.44 0.0116757
-1.12 0.0129805
-0.8 0.0141449
-0.48 0.0148672
-0.16 0.015085
0.16 0.0151395
0.48 0.0148647
0.8 0.0141191
1.12 0.0131156
1.44 0.0118137
1.76 0.00991009
2.08 0.00799998
2.4 0.00605724
2.72 0.00437893
3.04 0.00298642
3.36 0.00194427
3.68 0.00120282
4 0.000712574
4.32 0.000398841
4.64 0.000225513
