# f(v_x, v_y, v_z), v_z = const
# nv_x = 30, nv_y = 30, nv_z = 30
# n = 0.993966 , T = 2.29393 , E = 6.84027 , vec_p = {-3.499e-016 6.21352e-017 -2.02673e-017}
-4.64 0.000585567
-4.32 0.00114715
-4 0.00216516
-3.68 0.00421552
-3.36 0.00711823
-3.04 0.0105755
-2.72 0.0147104
-2.4 0.0171723
-2.08 0.021341
-1.76 0.0218949
-1.44 0.0206852
-1.12 0.0169289
-0.8 0.014038
-0.48 0.0113119
-0.16 0.00964626
0.16 0.00973218
0.48 0.0112257
0.8 0.013978
1.12 0.0173371
1.44 0.0206392
1.76 0.0218216
2.08 0.0202127
2.4 0.0182833
2.72 0.0141129
3.04 0.0106047
3.36 0.00684889
3.68 0.00425727
4 0.00229878
4.32 0.00112423
4.64 0.000570351
