# f(v_x, v_y, v_z), v_z = const
# nv_x = 30, nv_y = 30, nv_z = 30
# n = 0.993966 , T = 2.29393 , E = 6.84027 , vec_p = {-2.32086e-015 1.911e-016 -5.65858e-018}
-4.64 0.000531087
-4.32 0.00103472
-4 0.00196539
-3.68 0.0038003
-3.36 0.00652618
-3.04 0.00969517
-2.72 0.0137808
-2.4 0.0160029
-2.08 0.0200729
-1.76 0.0205149
-1.44 0.0197888
-1.12 0.0165039
-0.8 0.013984
-0.48 0.0114889
-0.16 0.00997829
0.16 0.0100439
0.48 0.0114261
0.8 0.0138978
1.12 0.0166518
1.44 0.019654
1.76 0.0204835
2.08 0.0191371
2.4 0.0171412
2.72 0.0131432
3.04 0.00974516
3.36 0.00625139
3.68 0.00389351
4 0.00209321
4.32 0.00102251
4.64 0.000520497
