# f(v_x, v_y, v_z), v_z = const
# nv_x = 30, nv_y = 30, nv_z = 30
# n = 0.993966 , T = 2.29393 , E = 6.84027 , vec_p = {-1.59128e-015 2.5814e-017 -4.13292e-017}
-4.64 0.000361591
-4.32 0.000663724
-4 0.0012343
-3.68 0.00229213
-3.36 0.00387163
-3.04 0.00604544
-2.72 0.00881818
-2.4 0.0106901
-2.08 0.0138496
-1.76 0.0152163
-1.44 0.015576
-1.12 0.0145884
-0.8 0.0136891
-0.48 0.0127989
-0.16 0.0120011
0.16 0.0120027
0.48 0.0125919
0.8 0.013695
1.12 0.0146778
1.44 0.0159273
1.76 0.0150021
2.08 0.0136277
2.4 0.0112722
2.72 0.00817305
3.04 0.00596862
3.36 0.00383759
3.68 0.00229852
4 0.00130104
4.32 0.000639967
4.64 0.000346323
