# f(v_x, v_y, v_z), v_z = const
# nv_x = 30, nv_y = 30, nv_z = 30
# n = 0.993966 , T = 2.29393 , E = 6.84027 , vec_p = {6.48136e-016 -2.42064e-017 -2.98872e-017}
-4.64 0.00039436
-4.32 0.0007256
-4 0.00135791
-3.68 0.0025339
-3.36 0.0042716
-3.04 0.00667526
-2.72 0.00955015
-2.4 0.011621
-2.08 0.0149453
-1.76 0.0161785
-1.44 0.0163675
-1.12 0.0148307
-0.8 0.013734
-0.48 0.012492
-0.16 0.0115202
0.16 0.0116365
0.48 0.0122397
0.8 0.0137046
1.12 0.0150897
1.44 0.0166608
1.76 0.0159716
2.08 0.014675
2.4 0.0122953
2.72 0.00904571
3.04 0.00664527
3.36 0.00421206
3.68 0.00257916
4 0.00142351
4.32 0.000695885
4.64 0.000378108
