# f(v_x, v_y, v_z), v_z = const
# nv_x = 30, nv_y = 30, nv_z = 30
# n = 0.993966 , T = 2.29393 , E = 6.84027 , vec_p = {7.73703e-016 -5.29496e-017 -2.79829e-017}
-4.64 0.000765451
-4.32 0.0016153
-4 0.00314186
-3.68 0.00607062
-3.36 0.00980884
-3.04 0.0146891
-2.72 0.0200278
-2.4 0.0235039
-2.08 0.0272
-1.76 0.0267125
-1.44 0.0243487
-1.12 0.0196099
-0.8 0.0146032
-0.48 0.0109669
-0.16 0.00880399
0.16 0.00883176
0.48 0.0109024
0.8 0.0148354
1.12 0.0194055
1.44 0.0241519
1.76 0.0267655
2.08 0.0249326
2.4 0.0239236
2.72 0.0191413
3.04 0.0146153
3.36 0.00984657
3.68 0.00599454
4 0.00339417
4.32 0.00169111
4.64 0.000738238
