# f(v_x, v_y, v_z), v_z = const
# nv_x = 30, nv_y = 30, nv_z = 30
# n = 0.993966 , T = 2.29393 , E = 6.84027 , vec_p = {1.75145e-015 8.39986e-017 -2.54232e-017}
-4.64 0.000674194
-4.32 0.00134533
-4 0.00258245
-3.68 0.00507073
-3.36 0.00835443
-3.04 0.0127476
-2.72 0.0174032
-2.4 0.0198379
-2.08 0.023604
-1.76 0.0241376
-1.44 0.0223606
-1.12 0.0180979
-0.8 0.014172
-0.48 0.0110399
-0.16 0.00914914
0.16 0.00917825
0.48 0.0110357
0.8 0.0143329
1.12 0.0182153
1.44 0.0224958
1.76 0.0241309
2.08 0.0226752
2.4 0.021277
2.72 0.0162695
3.04 0.0126156
3.36 0.00826688
3.68 0.00513416
4 0.00282188
4.32 0.00138578
4.64 0.000645773
