# f(v_x, v_y, v_z), v_z = const
# nv_x = 30, nv_y = 30, nv_z = 30
# n = 0.993966 , T = 2.29393 , E = 6.84027 , vec_p = {-4.36771e-016 -6.47731e-017 -1.04547e-017}
-4.64 0.000883452
-4.32 0.0019029
-4 0.00375149
-3.68 0.00710711
-3.36 0.0116694
-3.04 0.0172504
-2.72 0.0222875
-2.4 0.0267329
-2.08 0.0297326
-1.76 0.0290127
-1.44 0.0257727
-1.12 0.0206283
-0.8 0.0152377
-0.48 0.0110925
-0.16 0.00868376
0.16 0.00868222
0.48 0.0110165
0.8 0.0154209
1.12 0.0204437
1.44 0.0258046
1.76 0.0293719
2.08 0.0287285
2.4 0.0271027
2.72 0.02228
3.04 0.0171783
3.36 0.0113416
3.68 0.0069567
4 0.00386328
4.32 0.0019474
4.64 0.0008837
