# f(v_x, v_y, v_z), v_z = const
# nv_x = 30, nv_y = 30, nv_z = 30
# n = 0.993966 , T = 2.29393 , E = 6.84027 , vec_p = {-3.30958e-015 1.39059e-016 -1.24913e-017}
-4.64 0.00045907
-4.32 0.000859244
-4 0.00159256
-3.68 0.00305917
-3.36 0.00523955
-3.04 0.00797321
-2.72 0.0113806
-2.4 0.0136225
-2.08 0.0171884
-1.76 0.0180851
-1.44 0.0178987
-1.12 0.0155784
-0.8 0.0139392
-0.48 0.0119361
-0.16 0.010762
0.16 0.0108862
0.48 0.011858
0.8 0.0138076
1.12 0.0158076
1.44 0.0181026
1.76 0.0179519
2.08 0.016831
2.4 0.0145265
2.72 0.0109886
3.04 0.00798414
3.36 0.00516703
3.68 0.00316239
4 0.00169708
4.32 0.000830735
4.64 0.000440728
