# f(v_x, v_y, v_z), v_z = const
# nv_x = 30, nv_y = 30, nv_z = 30
# n = 0.993966 , T = 2.29393 , E = 6.84027 , vec_p = {-2.76432e-015 1.38888e-016 -1.7867e-017}
-4.64 0.000381582
-4.32 0.000690703
-4 0.00128609
-3.68 0.00241327
-3.36 0.00405878
-3.04 0.00631401
-2.72 0.0091504
-2.4 0.0110267
-2.08 0.0143392
-1.76 0.0156467
-1.44 0.0158898
-1.12 0.0146794
-0.8 0.013706
-0.48 0.0126809
-0.16 0.0117577
0.16 0.0118372
0.48 0.0124472
0.8 0.0136771
1.12 0.0148297
1.44 0.0162374
1.76 0.0154222
2.08 0.0140321
2.4 0.0117772
2.72 0.00852191
3.04 0.00625927
3.36 0.00402284
3.68 0.00239896
4 0.0013505
4.32 0.000663056
4.64 0.000357116
