# f(v_x, v_y, v_z), v_z = const
# nv_x = 30, nv_y = 30, nv_z = 30
# n = 0.993966 , T = 2.29393 , E = 6.84027 , vec_p = {9.88589e-016 1.31688e-016 -4.60743e-018}
-4.64 0.00024916
-4.32 0.000443973
-4 0.000764176
-3.68 0.00135604
-3.36 0.00221793
-3.04 0.00340878
-2.72 0.00504621
-2.4 0.00676294
-2.08 0.00897311
-1.76 0.010835
-1.44 0.0122956
-1.12 0.0132117
-0.8 0.0139974
-0.48 0.0144072
-0.16 0.014381
0.16 0.0144843
0.48 0.0143631
0.8 0.0139875
1.12 0.0133101
1.44 0.0124979
1.76 0.0107575
2.08 0.00885973
2.4 0.00687585
2.72 0.00493325
3.04 0.00341086
3.36 0.0022093
3.68 0.0013441
4 0.000781988
4.32 0.000427266
4.64 0.000241668
