# f(v_x, v_y, v_z), v_z = const
# nv_x = 30, nv_y = 30, nv_z = 30
# n = 0.993966 , T = 2.29393 , E = 6.84027 , vec_p = {2.21913e-015 4.20819e-017 -9.89431e-018}
-4.64 0.000715301
-4.32 0.00146714
-4 0.00282154
-3.68 0.00545845
-3.36 0.00903856
-3.04 0.0135871
-2.72 0.0187233
-2.4 0.0216252
-2.08 0.0254134
-1.76 0.0255812
-1.44 0.0232238
-1.12 0.0188328
-0.8 0.0142954
-0.48 0.0110021
-0.16 0.00892916
0.16 0.0089876
0.48 0.0109759
0.8 0.0145828
1.12 0.0187599
1.44 0.0234274
1.76 0.025345
2.08 0.0237186
2.4 0.0223828
2.72 0.0175455
3.04 0.0136195
3.36 0.00910819
3.68 0.00544138
4 0.00309471
4.32 0.00151897
4.64 0.000684972
