# f(v_x, v_y, v_z), v_z = const
# nv_x = 30, nv_y = 30, nv_z = 30
# n = 0.993966 , T = 2.29393 , E = 6.84027 , vec_p = {9.80229e-016 -3.93099e-017 -1.96105e-017}
-4.64 0.000305391
-4.32 0.000547841
-4 0.000960014
-3.68 0.00177247
-3.36 0.00291077
-3.04 0.00462319
-2.72 0.00681961
-2.4 0.00855533
-2.08 0.0113678
-1.76 0.0131152
-1.44 0.0139654
-1.12 0.013905
-0.8 0.0137592
-0.48 0.0134894
-0.16 0.0130245
0.16 0.0131289
0.48 0.013398
0.8 0.0138116
1.12 0.0140547
1.44 0.0142308
1.76 0.0128001
2.08 0.0111724
2.4 0.00908757
2.72 0.00651249
3.04 0.00453986
3.36 0.00295238
3.68 0.0017338
4 0.00101632
4.32 0.000523553
4.64 0.000286291
