# f(v_x, v_y, v_z), v_z = const
# nv_x = 30, nv_y = 30, nv_z = 30
# n = 0.993966 , T = 2.29393 , E = 6.84027 , vec_p = {-4.33653e-015 5.88329e-017 -1.45217e-018}
-4.64 0.000825544
-4.32 0.00178565
-4 0.00352056
-3.68 0.00674903
-3.36 0.0110873
-3.04 0.0166692
-2.72 0.0214655
-2.4 0.0256636
-2.08 0.0289789
-1.76 0.0279324
-1.44 0.0251821
-1.12 0.0201457
-0.8 0.0149028
-0.48 0.0110528
-0.16 0.00871129
0.16 0.0087253
0.48 0.0109381
0.8 0.0150953
1.12 0.0198191
1.44 0.0249869
1.76 0.0279866
2.08 0.0271069
2.4 0.0257643
2.72 0.0211687
3.04 0.0162484
3.36 0.0106458
3.68 0.00672563
4 0.00368583
4.32 0.00184626
4.64 0.000831714
