# f(v_x, v_y, v_z), v_z = const
# nv_x = 30, nv_y = 30, nv_z = 30
# n = 0.993966 , T = 2.29393 , E = 6.84027 , vec_p = {2.38746e-015 4.88756e-017 4.49996e-018}
-4.64 0.000273721
-4.32 0.000489262
-4 0.000851724
-3.68 0.00153731
-3.36 0.00250948
-3.04 0.00396539
-2.72 0.00578294
-2.4 0.00757035
-2.08 0.0101779
-1.76 0.0118878
-1.44 0.0130874
-1.12 0.0136091
-0.8 0.0138685
-0.48 0.0139549
-0.16 0.0137262
0.16 0.0138149
0.48 0.0139112
0.8 0.0138825
1.12 0.0136348
1.44 0.0133468
1.76 0.0117141
2.08 0.0098879
2.4 0.00791037
2.72 0.00563888
3.04 0.00388821
3.36 0.00251745
3.68 0.00151645
4 0.000889624
4.32 0.000471647
4.64 0.000262371
