# f(v_x, v_y, v_z), v_z = const
# nv_x = 30, nv_y = 30, nv_z = 30
# n = 0.993966 , T = 2.29393 , E = 6.84027 , vec_p = {-1.13515e-015 9.14628e-017 -3.57225e-017}
-4.64 0.000640176
-4.32 0.00125995
-4 0.00237092
-3.68 0.00468525
-3.36 0.0078354
-3.04 0.0116907
-2.72 0.0161258
-2.4 0.0182898
-2.08 0.0224157
-1.76 0.0230669
-1.44 0.0215921
-1.12 0.0175701
-0.8 0.0141295
-0.48 0.0110823
-0.16 0.00935819
0.16 0.00936485
0.48 0.0110992
0.8 0.0140826
1.12 0.0177805
1.44 0.0215915
1.76 0.0231377
2.08 0.0216013
2.4 0.0198435
2.72 0.0154749
3.04 0.0116901
3.36 0.00757662
3.68 0.00469969
4 0.00255964
4.32 0.00124235
4.64 0.00060579
