# f(v_x, v_y, v_z), v_z = const
# nv_x = 30, nv_y = 30, nv_z = 30
# n = 0.993966 , T = 2.29393 , E = 6.84027 , vec_p = {2.03485e-016 2.12435e-016 -2.51532e-018}
-4.64 0.000418502
-4.32 0.000774512
-4 0.00145972
-3.68 0.00272982
-3.36 0.00473728
-3.04 0.00713464
-2.72 0.0102338
-2.4 0.0123436
-2.08 0.0157414
-1.76 0.0169111
-1.44 0.016913
-1.12 0.0150993
-0.8 0.0138571
-0.48 0.0123023
-0.16 0.0112116
0.16 0.0113098
0.48 0.0120842
0.8 0.0137349
1.12 0.0154001
1.44 0.017191
1.76 0.0166824
2.08 0.0154932
2.4 0.0131916
2.72 0.00976533
3.04 0.00710471
3.36 0.00455793
3.68 0.00279816
4 0.00153368
4.32 0.000746721
4.64 0.000404418
