# f(v_x, v_y, v_z), v_z = const
# nv_x = 30, nv_y = 30, nv_z = 30
# n = 0.993966 , T = 2.29393 , E = 6.84027 , vec_p = {3.67432e-015 1.32068e-016 -7.27027e-017}
-4.64 0.000343973
-4.32 0.000616675
-4 0.00112468
-3.68 0.00206248
-3.36 0.00342121
-3.04 0.00543043
-2.72 0.00793509
-2.4 0.00972742
-2.08 0.0127643
-1.76 0.0142787
-1.44 0.0148826
-1.12 0.014328
-0.8 0.0136639
-0.48 0.0130412
-0.16 0.0123802
0.16 0.0124434
0.48 0.0128839
0.8 0.0137667
1.12 0.0143918
1.44 0.0152883
1.76 0.0141676
2.08 0.012604
2.4 0.0103786
2.72 0.00742454
3.04 0.00525415
3.36 0.00346447
3.68 0.00203202
4 0.00117196
4.32 0.000582617
4.64 0.000323024
