# f(v_x, v_y, v_z), v_z = const
# nv_x = 30, nv_y = 30, nv_z = 30
# n = 0.993966 , T = 2.29393 , E = 6.84027 , vec_p = {-3.27333e-016 -6.45883e-018 -1.85301e-017}
-4.64 0.000908855
-4.32 0.00200391
-4 0.00395666
-3.68 0.0073315
-3.36 0.0119535
-3.04 0.0175168
-2.72 0.0230316
-2.4 0.0277354
-2.08 0.0304047
-1.76 0.0295822
-1.44 0.026138
-1.12 0.0209748
-0.8 0.0153968
-0.48 0.0111206
-0.16 0.00866849
0.16 0.00870699
0.48 0.0111321
0.8 0.015647
1.12 0.0208001
1.44 0.0260715
1.76 0.0297338
2.08 0.0297448
2.4 0.0276955
2.72 0.0232852
3.04 0.0176406
3.36 0.0118369
3.68 0.00711211
4 0.00402871
4.32 0.00200573
4.64 0.000910168
