# f(v_x, v_y, v_z), v_z = const
# nv_x = 30, nv_y = 30, nv_z = 30
# n = 0.993966 , T = 2.29393 , E = 6.84027 , vec_p = {7.33259e-016 4.23519e-017 3.55653e-017}
-4.64 0.000228453
-4.32 0.000410123
-4 0.000708852
-3.68 0.00122005
-3.36 0.00197576
-3.04 0.0030369
-2.72 0.00445512
-2.4 0.00607845
-2.08 0.00815939
-1.76 0.00998776
-1.44 0.0117228
-1.12 0.0129908
-0.8 0.0141229
-0.48 0.0148199
-0.16 0.0150208
0.16 0.0150673
0.48 0.0148131
0.8 0.0140944
1.12 0.0131256
1.44 0.0118703
1.76 0.00998759
2.08 0.00809155
2.4 0.00613755
2.72 0.00443959
3.04 0.00302885
3.36 0.00196706
3.68 0.00121359
4 0.000719609
4.32 0.000400788
4.64 0.000226683
