# f(v_x, v_y, v_z), v_z = const
# nv_x = 30, nv_y = 30, nv_z = 30
# n = 0.993966 , T = 2.29393 , E = 6.84027 , vec_p = {1.38921e-015 1.08404e-016 -2.63394e-017}
-4.64 0.000259738
-4.32 0.000463939
-4 0.000796048
-3.68 0.00143183
-3.36 0.00233655
-3.04 0.00364315
-2.72 0.00535795
-2.4 0.00712133
-2.08 0.00951817
-1.76 0.0112894
-1.44 0.012659
-1.12 0.0134465
-0.8 0.0139492
-0.48 0.0142139
-0.16 0.0140618
0.16 0.014172
0.48 0.0141756
0.8 0.0139582
1.12 0.0134708
1.44 0.012888
1.76 0.0112103
2.08 0.00931592
2.4 0.00735085
2.72 0.00519562
3.04 0.0035934
3.36 0.00234341
3.68 0.00141674
4 0.000825887
4.32 0.000447502
4.64 0.000251214
