# f(v_x, v_y, v_z), v_z = const
# nv_x = 30, nv_y = 30, nv_z = 30
# n = 0.993966 , T = 2.29393 , E = 6.84027 , vec_p = {2.4265e-016 -7.07026e-017 -8.69171e-018}
-4.64 0.000525502
-4.32 0.00102035
-4 0.00194674
-3.68 0.00376553
-3.36 0.00647811
-3.04 0.00961085
-2.72 0.0136589
-2.4 0.0158956
-2.08 0.019942
-1.76 0.0203675
-1.44 0.0196829
-1.12 0.0164739
-0.8 0.0139803
-0.48 0.0115147
-0.16 0.0100163
0.16 0.0100882
0.48 0.0114691
0.8 0.0139023
1.12 0.0166569
1.44 0.0195551
1.76 0.0202519
2.08 0.0189985
2.4 0.0169459
2.72 0.0130527
3.04 0.00962869
3.36 0.00618803
3.68 0.00383035
4 0.00207846
4.32 0.00101576
4.64 0.000519923
