# f(v_x, v_y, v_z), v_z = const
# nv_x = 30, nv_y = 30, nv_z = 30
# n = 0.993966 , T = 2.29393 , E = 6.84027 , vec_p = {8.85848e-016 -5.1303e-017 -3.79696e-019}
-4.64 0.000281558
-4.32 0.000509609
-4 0.000879385
-3.68 0.0016004
-3.36 0.00262024
-3.04 0.00415636
-2.72 0.00606587
-2.4 0.00785809
-2.08 0.0105262
-1.76 0.0122676
-1.44 0.0132935
-1.12 0.0136815
-0.8 0.0138194
-0.48 0.0138233
-0.16 0.0135132
0.16 0.0136095
0.48 0.0137457
0.8 0.0138424
1.12 0.0137287
1.44 0.0135782
1.76 0.0120085
2.08 0.0102478
2.4 0.00828051
2.72 0.00591318
3.04 0.00404694
3.36 0.00264548
3.68 0.00158794
4 0.000926661
4.32 0.000484762
4.64 0.000269651
