# f(v_x, v_y, v_z), v_z = const
# nv_x = 30, nv_y = 30, nv_z = 30
# n = 0.993966 , T = 2.29393 , E = 6.84027 , vec_p = {-2.91157e-015 2.14519e-016 2.498e-018}
-4.64 0.000270584
-4.32 0.000483227
-4 0.000838457
-3.68 0.00151609
-3.36 0.00246552
-3.04 0.00386643
-2.72 0.00566056
-2.4 0.00746531
-2.08 0.00998542
-1.76 0.011728
-1.44 0.0129595
-1.12 0.0135888
-0.8 0.0138821
-0.48 0.0140018
-0.16 0.0138123
0.16 0.0139017
0.48 0.0139809
0.8 0.0138979
1.12 0.0135874
1.44 0.0132607
1.76 0.0116355
2.08 0.00972302
2.4 0.00776464
2.72 0.00554077
3.04 0.00381038
3.36 0.0024759
3.68 0.00148912
4 0.000872624
4.32 0.000464954
4.64 0.000259496
