# f(v_x, v_y, v_z), v_z = const
# nv_x = 30, nv_y = 30, nv_z = 30
# n = 0.993966 , T = 2.29393 , E = 6.84027 , vec_p = {1.90705e-015 2.23461e-016 -1.36913e-017}
-4.64 0.000279461
-4.32 0.000502842
-4 0.000865773
-3.68 0.00157808
-3.36 0.00258379
-3.04 0.00411271
-2.72 0.00598546
-2.4 0.00775186
-2.08 0.0104161
-1.76 0.0121609
-1.44 0.013239
-1.12 0.0136687
-0.8 0.0138441
-0.48 0.013861
-0.16 0.0135805
0.16 0.0136729
0.48 0.0137975
0.8 0.0138609
1.12 0.0137162
1.44 0.0134967
1.76 0.0118815
2.08 0.0101537
2.4 0.00818
2.72 0.00581959
3.04 0.00399454
3.36 0.00261088
3.68 0.00156739
4 0.000918711
4.32 0.000478781
4.64 0.000266794
