# f(v_x, v_y, v_z), v_z = const
# nv_x = 30, nv_y = 30, nv_z = 30
# n = 0.993966 , T = 2.29393 , E = 6.84027 , vec_p = {-1.56429e-015 -1.9817e-016 -2.16911e-017}
-4.64 0.00037036
-4.32 0.000678074
-4 0.00126539
-3.68 0.00234666
-3.36 0.00396783
-3.04 0.00619763
-2.72 0.00899882
-2.4 0.0108737
-2.08 0.0141055
-1.76 0.0153776
-1.44 0.0157477
-1.12 0.0146308
-0.8 0.0137016
-0.48 0.0127649
-0.16 0.0118765
0.16 0.0119062
0.48 0.0125263
0.8 0.0137145
1.12 0.014735
1.44 0.0160518
1.76 0.0152376
2.08 0.0138389
2.4 0.0115013
2.72 0.00833411
3.04 0.00608018
3.36 0.00391905
3.68 0.00235777
4 0.00133306
4.32 0.000652893
4.64 0.000352362
