# f(v_x, v_y, v_z), v_z = const
# nv_x = 30, nv_y = 30, nv_z = 30
# n = 0.993966 , T = 2.29393 , E = 6.84027 , vec_p = {1.17877e-015 1.50839e-016 -1.97078e-017}
-4.64 0.000287569
-4.32 0.000520531
-4 0.000893792
-3.68 0.00163326
-3.36 0.00268624
-3.04 0.00429516
-2.72 0.00628322
-2.4 0.00805832
-2.08 0.0107583
-1.76 0.0125055
-1.44 0.0135048
-1.12 0.0137216
-0.8 0.013807
-0.48 0.0137268
-0.16 0.0133772
0.16 0.0134743
0.48 0.013653
0.8 0.0138468
1.12 0.0138196
1.44 0.0138
1.76 0.0122299
2.08 0.0104932
2.4 0.00852757
2.72 0.00606265
3.04 0.00418274
3.36 0.00271779
3.68 0.00162231
4 0.00094918
4.32 0.000495562
4.64 0.000275462
