# f(v_x, v_y, v_z), v_z = const
# nv_x = 30, nv_y = 30, nv_z = 30
# n = 0.993966 , T = 2.29393 , E = 6.84027 , vec_p = {1.72676e-015 3.38023e-017 -1.77036e-017}
-4.64 0.000258453
-4.32 0.00046077
-4 0.000793008
-3.68 0.00142436
-3.36 0.00232216
-3.04 0.00361102
-2.72 0.00532206
-2.4 0.00707915
-2.08 0.00945027
-1.76 0.011232
-1.44 0.0126008
-1.12 0.0134111
-0.8 0.013962
-0.48 0.0142307
-0.16 0.0141034
0.16 0.014204
0.48 0.0141954
0.8 0.013958
1.12 0.0134483
1.44 0.0128572
1.76 0.0111556
2.08 0.00925469
2.4 0.00728709
2.72 0.00515512
3.04 0.00357208
3.36 0.0023245
3.68 0.0014056
4 0.000821462
4.32 0.000445429
4.64 0.000249994
