# f(v_x, v_y, v_z), v_z = const
# nv_x = 30, nv_y = 30, nv_z = 30
# n = 0.993966 , T = 2.29393 , E = 6.84027 , vec_p = {-5.45615e-016 1.15918e-016 1.8046e-017}
-4.64 0.00023155
-4.32 0.000415539
-4 0.000719686
-3.68 0.00124975
-3.36 0.00201987
-3.04 0.00311668
-2.72 0.00457782
-2.4 0.00621264
-2.08 0.00832254
-1.76 0.0101448
-1.44 0.0118468
-1.12 0.0130272
-0.8 0.0141045
-0.48 0.0147345
-0.16 0.0148787
0.16 0.0149463
0.48 0.0147222
0.8 0.0140733
1.12 0.0131567
1.44 0.0119751
1.76 0.0101208
2.08 0.00823032
2.4 0.0062649
2.72 0.00453364
3.04 0.00310965
3.36 0.00201605
3.68 0.00123687
4 0.000732919
4.32 0.000404927
4.64 0.000229108
