# f(v_x, v_y, v_z), v_z = const
# nv_x = 30, nv_y = 30, nv_z = 30
# n = 0.993966 , T = 2.29393 , E = 6.84027 , vec_p = {-2.65591e-015 4.83613e-017 -1.46443e-017}
-4.64 0.00068623
-4.32 0.00137464
-4 0.00264979
-3.68 0.00519296
-3.36 0.0084844
-3.04 0.0129919
-2.72 0.0177774
-2.4 0.0203526
-2.08 0.0243315
-1.76 0.0246563
-1.44 0.0226103
-1.12 0.0183248
-0.8 0.0142464
-0.48 0.0109945
-0.16 0.00911549
0.16 0.00912244
0.48 0.0110395
0.8 0.0144088
1.12 0.0184007
1.44 0.0227871
1.76 0.0244527
2.08 0.0228699
2.4 0.0217418
2.72 0.0165114
3.04 0.0129468
3.36 0.00851485
3.68 0.00520506
4 0.0028897
4.32 0.00143859
4.64 0.000658532
