# f(v_x, v_y, v_z), v_z = const
# nv_x = 30, nv_y = 30, nv_z = 30
# n = 0.993966 , T = 2.29393 , E = 6.84027 , vec_p = {1.98009e-015 1.88933e-016 -3.27205e-017}
-4.64 0.000481581
-4.32 0.000931894
-4 0.00173452
-3.68 0.00335951
-3.36 0.0057306
-3.04 0.00865642
-2.72 0.0123103
-2.4 0.014647
-2.08 0.0180947
-1.76 0.0191056
-1.44 0.0187466
-1.12 0.0159966
-0.8 0.0139613
-0.48 0.0117336
-0.16 0.0104278
0.16 0.010511
0.48 0.0116987
0.8 0.0138831
1.12 0.0160644
1.44 0.0185961
1.76 0.0190955
2.08 0.0179247
2.4 0.0155365
2.72 0.0119687
3.04 0.00871041
3.36 0.00560171
3.68 0.00347555
4 0.00183433
4.32 0.00089611
4.64 0.000480063
