# f(v_x, v_y, v_z), v_z = const
# nv_x = 30, nv_y = 30, nv_z = 30
# n = 0.993966 , T = 2.29393 , E = 6.84027 , vec_p = {9.93865e-016 2.07874e-016 -1.11364e-017}
-4.64 0.000317419
-4.32 0.000569309
-4 0.00101536
-3.68 0.0018516
-3.36 0.00306858
-3.04 0.00490919
-2.72 0.00718088
-2.4 0.00885467
-2.08 0.0117858
-1.76 0.0134633
-1.44 0.0142785
-1.12 0.0140655
-0.8 0.0137297
-0.48 0.0133409
-0.16 0.0128292
0.16 0.0129254
0.48 0.0132244
0.8 0.0138083
1.12 0.0141978
1.44 0.0145174
1.76 0.0131828
2.08 0.0116076
2.4 0.00944933
2.72 0.00683505
3.04 0.00475273
3.36 0.0031044
3.68 0.00181254
4 0.00107059
4.32 0.00053719
4.64 0.000296334
