# f(v_x, v_y, v_z), v_z = const
# nv_x = 30, nv_y = 30, nv_z = 30
# n = 0.993966 , T = 2.29393 , E = 6.84027 , vec_p = {-4.79865e-016 2.89102e-018 -5.49027e-018}
-4.64 0.000312612
-4.32 0.000558084
-4 0.000983157
-3.68 0.00180989
-3.36 0.00297639
-3.04 0.00477775
-2.72 0.00702002
-2.4 0.00869761
-2.08 0.0115981
-1.76 0.0132811
-1.44 0.0141079
-1.12 0.0139725
-0.8 0.0137513
-0.48 0.0134238
-0.16 0.0129328
0.16 0.0130324
0.48 0.0133057
0.8 0.0137955
1.12 0.0141155
1.44 0.0143533
1.76 0.0129607
2.08 0.0113806
2.4 0.0092999
2.72 0.00662897
3.04 0.00464
3.36 0.00301772
3.68 0.00176601
4 0.00105077
4.32 0.000532077
4.64 0.000290397
