# f(v_x, v_y, v_z), v_z = const
# nv_x = 30, nv_y = 30, nv_z = 30
# n = 0.993966 , T = 2.29393 , E = 6.84027 , vec_p = {-1.29765e-015 1.02808e-016 -1.4218e-017}
-4.64 0.000440134
-4.32 0.000812318
-4 0.00153499
-3.68 0.00288842
-3.36 0.00500662
-3.04 0.00757148
-2.72 0.0109241
-2.4 0.0129771
-2.08 0.0164672
-1.76 0.017563
-1.44 0.01736
-1.12 0.0152677
-0.8 0.013862
-0.48 0.0120906
-0.16 0.0109797
0.16 0.0110762
0.48 0.0118997
0.8 0.0137372
1.12 0.0155785
1.44 0.0176038
1.76 0.01734
2.08 0.0161723
2.4 0.0138511
2.72 0.0104863
3.04 0.00757862
3.36 0.00487488
3.68 0.00299445
4 0.00162619
4.32 0.000792825
4.64 0.000425459
