# f(v_x, v_y, v_z), v_z = const
# nv_x = 30, nv_y = 30, nv_z = 30
# n = 0.993966 , T = 2.29393 , E = 6.84027 , vec_p = {1.03917e-015 -4.04707e-017 -3.328e-017}
-4.64 0.000648111
-4.32 0.00126732
-4 0.00244171
-3.68 0.00473918
-3.36 0.00787433
-3.04 0.0118318
-2.72 0.0163648
-2.4 0.0186076
-2.08 0.0226893
-1.76 0.02319
-1.44 0.021696
-1.12 0.0176345
-0.8 0.0141435
-0.48 0.0110977
-0.16 0.00932752
0.16 0.00934188
0.48 0.0110973
0.8 0.0141405
1.12 0.0178014
1.44 0.0215906
1.76 0.023263
2.08 0.0217624
2.4 0.0200307
2.72 0.0155824
3.04 0.0118542
3.36 0.00762068
3.68 0.00478607
4 0.00260109
4.32 0.00126405
4.64 0.000611107
