# f(v_x, v_y, v_z), v_z = const
# nv_x = 30, nv_y = 30, nv_z = 30
# n = 0.993966 , T = 2.29393 , E = 6.84027 , vec_p = {3.5651e-015 1.38158e-016 -1.06644e-017}
-4.64 0.000465704
-4.32 0.00088332
-4 0.00163271
-3.68 0.00316519
-3.36 0.00538662
-3.04 0.00821235
-2.72 0.0117128
-2.4 0.0138632
-2.08 0.0175484
-1.76 0.0185173
-1.44 0.0182527
-1.12 0.015793
-0.8 0.0139675
-0.48 0.0118571
-0.16 0.0106566
0.16 0.0107613
0.48 0.0117923
0.8 0.0137891
1.12 0.015823
1.44 0.0182222
1.76 0.0184674
2.08 0.0172099
2.4 0.0148486
2.72 0.0112752
3.04 0.00819932
3.36 0.00530299
3.68 0.00323815
4 0.00175311
4.32 0.000846112
4.64 0.000456399
