# f(v_x, v_y, v_z), v_z = const
# nv_x = 30, nv_y = 30, nv_z = 30
# n = 0.993966 , T = 2.29393 , E = 6.84027 , vec_p = {1.38436e-015 1.11832e-016 -2.11826e-017}
-4.64 0.000407458
-4.32 0.000757192
-4 0.00141525
-3.68 0.00266888
-3.36 0.0045978
-3.04 0.00698305
-2.72 0.0100635
-2.4 0.0120999
-2.08 0.0154585
-1.76 0.0167002
-1.44 0.016754
-1.12 0.0150209
-0.8 0.0137822
-0.48 0.0123864
-0.16 0.0113164
0.16 0.0114216
0.48 0.0121355
0.8 0.0137471
1.12 0.0153173
1.44 0.0169865
1.76 0.016432
2.08 0.0151636
2.4 0.0127865
2.72 0.00952554
3.04 0.00691729
3.36 0.00443103
3.68 0.00272695
4 0.00149028
4.32 0.000728653
4.64 0.000395032
