# f(v_x, v_y, v_z), v_z = const
# nv_x = 30, nv_y = 30, nv_z = 30
# n = 0.993966 , T = 2.29393 , E = 6.84027 , vec_p = {1.31036e-015 1.07352e-016 -2.55707e-017}
-4.64 0.000496153
-4.32 0.00096776
-4 0.00181138
-3.68 0.0034921
-3.36 0.0059975
-3.04 0.00901315
-2.72 0.012839
-2.4 0.0151544
-2.08 0.0186407
-1.76 0.019507
-1.44 0.0190843
-1.12 0.0161269
-0.8 0.0139838
-0.48 0.0116638
-0.16 0.0102947
0.16 0.0103549
0.48 0.011604
0.8 0.0139228
1.12 0.0162464
1.44 0.0189325
1.76 0.0195482
2.08 0.0182669
2.4 0.0159721
2.72 0.0123149
3.04 0.00900374
3.36 0.005863
3.68 0.00363097
4 0.00190845
4.32 0.000938681
4.64 0.00049056
