# f(v_x, v_y, v_z), v_z = const
# nv_x = 30, nv_y = 30, nv_z = 30
# n = 0.993966 , T = 2.29393 , E = 6.84027 , vec_p = {-6.68692e-017 -1.74554e-017 9.6132e-018}
-4.64 0.000248422
-4.32 0.000441545
-4 0.000759975
-3.68 0.00134992
-3.36 0.00220127
-3.04 0.00339079
-2.72 0.00502494
-2.4 0.00673166
-2.08 0.00892065
-1.76 0.0107771
-1.44 0.0122612
-1.12 0.0132069
-0.8 0.0140008
-0.48 0.0144235
-0.16 0.0144075
0.16 0.0145214
0.48 0.0143881
0.8 0.0139929
1.12 0.0132987
1.44 0.0124688
1.76 0.0107258
2.08 0.00881543
2.4 0.00684248
2.72 0.00490568
3.04 0.00338802
3.36 0.00219642
3.68 0.00133766
4 0.000777928
4.32 0.000425184
4.64 0.000240173
