# f(v_x, v_y, v_z), v_z = const
# nv_x = 30, nv_y = 30, nv_z = 30
# n = 0.993966 , T = 2.29393 , E = 6.84027 , vec_p = {-1.45417e-015 5.99414e-017 -6.04405e-018}
-4.64 0.000784404
-4.32 0.00166794
-4 0.00319947
-3.68 0.00619416
-3.36 0.00999909
-3.04 0.0150622
-2.72 0.0204643
-2.4 0.0239917
-2.08 0.0275406
-1.76 0.0270323
-1.44 0.0245576
-1.12 0.0196896
-0.8 0.0146312
-0.48 0.0109551
-0.16 0.00879144
0.16 0.00881025
0.48 0.0109322
0.8 0.0148809
1.12 0.019464
1.44 0.0245594
1.76 0.027149
2.08 0.0256344
2.4 0.0245223
2.72 0.0196451
3.04 0.015057
3.36 0.0100333
3.68 0.00613775
4 0.0034916
4.32 0.0017312
4.64 0.000752767
