# f(v_x, v_y, v_z), v_z = const
# nv_x = 30, nv_y = 30, nv_z = 30
# n = 0.993966 , T = 2.29393 , E = 6.84027 , vec_p = {-3.34183e-015 -4.30482e-017 -1.21858e-018}
-4.64 0.000706869
-4.32 0.00144917
-4 0.00277455
-3.68 0.00542409
-3.36 0.00895057
-3.04 0.0134566
-2.72 0.0185101
-2.4 0.0214316
-2.08 0.0250635
-1.76 0.0254021
-1.44 0.0230958
-1.12 0.0186757
-0.8 0.0143026
-0.48 0.0110208
-0.16 0.00896213
0.16 0.00902742
0.48 0.0110301
0.8 0.0145374
1.12 0.0186635
1.44 0.0233996
1.76 0.0252428
2.08 0.0235248
2.4 0.0223645
2.72 0.0174669
3.04 0.0135589
3.36 0.00896416
3.68 0.00539923
4 0.00305221
4.32 0.00151285
4.64 0.000681509
