# f(v_x, v_y, v_z), v_z = const
# nv_x = 30, nv_y = 30, nv_z = 30
# n = 0.993966 , T = 2.29393 , E = 6.84027 , vec_p = {-2.97531e-015 -1.59073e-017 -2.31921e-017}
-4.64 0.000262309
-4.32 0.000468161
-4 0.00080698
-3.68 0.00145086
-3.36 0.00237732
-3.04 0.00370496
-2.72 0.00543646
-2.4 0.007226
-2.08 0.00963099
-1.76 0.0114013
-1.44 0.0127458
-1.12 0.013486
-0.8 0.0139392
-0.48 0.0141485
-0.16 0.0139937
0.16 0.0140932
0.48 0.0141341
0.8 0.013942
1.12 0.0135031
1.44 0.0129931
1.76 0.0113463
2.08 0.00939972
2.4 0.00744697
2.72 0.00530302
3.04 0.00366156
3.36 0.00236915
3.68 0.00143548
4 0.00083731
4.32 0.000453348
4.64 0.000253589
