# f(v_x, v_y, v_z), v_z = const
# nv_x = 30, nv_y = 30, nv_z = 30
# n = 0.993966 , T = 2.29393 , E = 6.84027 , vec_p = {-1.58103e-015 3.00662e-016 -5.67812e-018}
-4.64 0.000221391
-4.32 0.000396442
-4 0.000684916
-3.68 0.00116089
-3.36 0.00185913
-3.04 0.0028583
-2.72 0.00418927
-2.4 0.00576544
-2.08 0.00774987
-1.76 0.0096005
-1.44 0.0114457
-1.12 0.0129173
-0.8 0.014211
-0.48 0.0150527
-0.16 0.0153873
0.16 0.0154151
0.48 0.015074
0.8 0.0141909
1.12 0.0130066
1.44 0.0115479
1.76 0.00960713
2.08 0.0076783
2.4 0.00580676
2.72 0.00415883
3.04 0.00284965
3.36 0.00185681
3.68 0.00115922
4 0.000692732
4.32 0.000390705
4.64 0.00021988
