# f(v_x, v_y, v_z), v_z = const
# nv_x = 30, nv_y = 30, nv_z = 30
# n = 0.993966 , T = 2.29393 , E = 6.84027 , vec_p = {4.53053e-015 1.48014e-016 -8.89244e-018}
-4.64 0.000222446
-4.32 0.000398197
-4 0.000689452
-3.68 0.00116865
-3.36 0.00187934
-3.04 0.00288354
-2.72 0.00422891
-2.4 0.00582651
-2.08 0.0078295
-1.76 0.0096646
-1.44 0.0114876
-1.12 0.0129345
-0.8 0.0141954
-0.48 0.0150109
-0.16 0.0153222
0.16 0.0153612
0.48 0.0150301
0.8 0.0141667
1.12 0.0130299
1.44 0.0116004
1.76 0.00967982
2.08 0.00775233
2.4 0.00586182
2.72 0.0042094
3.04 0.00287894
3.36 0.00187536
3.68 0.00116948
4 0.000697878
4.32 0.000392272
4.64 0.000221324
