# f(v_x, v_y, v_z), v_z = const
# nv_x = 30, nv_y = 30, nv_z = 30
# n = 0.993966 , T = 2.29393 , E = 6.84027 , vec_p = {-1.24639e-015 9.97877e-017 -1.97931e-017}
-4.64 0.000259226
-4.32 0.000461758
-4 0.000794784
-3.68 0.00142862
-3.36 0.00232732
-3.04 0.00363377
-2.72 0.00533433
-2.4 0.0070953
-2.08 0.00948452
-1.76 0.01125
-1.44 0.0126332
-1.12 0.0134281
-0.8 0.0139548
-0.48 0.0142216
-0.16 0.0140842
0.16 0.0141863
0.48 0.0141859
0.8 0.0139619
1.12 0.0134607
1.44 0.0128756
1.76 0.0111894
2.08 0.00928515
2.4 0.00730726
2.72 0.00516813
3.04 0.00358391
3.36 0.00232992
3.68 0.00141048
4 0.000822764
4.32 0.00044643
4.64 0.000250708
