# f(v_x, v_y, v_z), v_z = const
# nv_x = 30, nv_y = 30, nv_z = 30
# n = 0.993966 , T = 2.29393 , E = 6.84027 , vec_p = {3.86832e-015 4.55751e-017 -1.42988e-017}
-4.64 0.00031581
-4.32 0.000565156
-4 0.0010016
-3.68 0.00184189
-3.36 0.00304803
-3.04 0.00489423
-2.72 0.00712889
-2.4 0.008822
-2.08 0.0117429
-1.76 0.0134317
-1.44 0.0142488
-1.12 0.0140348
-0.8 0.0137319
-0.48 0.0133673
-0.16 0.0128509
0.16 0.0129574
0.48 0.0132602
0.8 0.013808
1.12 0.0141902
1.44 0.0144681
1.76 0.0131041
2.08 0.0115434
2.4 0.00942061
2.72 0.00679452
3.04 0.0047182
3.36 0.00308303
3.68 0.00179993
4 0.00106654
4.32 0.000536249
4.64 0.000295712
