# f(v_x, v_y, v_z), v_z = const
# nv_x = 30, nv_y = 30, nv_z = 30
# n = 0.993966 , T = 2.29393 , E = 6.84027 , vec_p = {-2.53895e-015 3.35536e-017 -1.61684e-017}
-4.64 0.000754128
-4.32 0.00159051
-4 0.00309846
-3.68 0.00597275
-3.36 0.00973831
-3.04 0.0145966
-2.72 0.0197959
-2.4 0.0233328
-2.08 0.0270657
-1.76 0.0265768
-1.44 0.024201
-1.12 0.0195285
-0.8 0.0145841
-0.48 0.0109484
-0.16 0.00882695
0.16 0.00886304
0.48 0.0109397
0.8 0.0148063
1.12 0.019317
1.44 0.0239569
1.76 0.0265491
2.08 0.0246949
2.4 0.0237498
2.72 0.0188942
3.04 0.014543
3.36 0.00974166
3.68 0.00591369
4 0.00337042
4.32 0.00166107
4.64 0.000731723
