# f(v_x, v_y, v_z), v_z = const
# nv_x = 30, nv_y = 30, nv_z = 30
# n = 0.993966 , T = 2.29393 , E = 6.84027 , vec_p = {-7.21609e-016 1.1481e-016 -8.85292e-018}
-4.64 0.000253619
-4.32 0.000451948
-4 0.000778718
-3.68 0.00138538
-3.36 0.00227406
-3.04 0.00350391
-2.72 0.0051857
-2.4 0.00691592
-2.08 0.00920089
-1.76 0.0110235
-1.44 0.0124437
-1.12 0.0133156
-0.8 0.013982
-0.48 0.0143355
-0.16 0.0142434
0.16 0.0143521
0.48 0.014286
0.8 0.0139492
1.12 0.0133841
1.44 0.0126656
1.76 0.0109388
2.08 0.00903147
2.4 0.00707044
2.72 0.0050524
3.04 0.00348405
3.36 0.00226617
3.68 0.0013739
4 0.000800033
4.32 0.000435964
4.64 0.000245443
