# f(v_x, v_y, v_z), v_z = const
# nv_x = 30, nv_y = 30, nv_z = 30
# n = 0.993966 , T = 2.29393 , E = 6.84027 , vec_p = {-1.39531e-015 6.75167e-017 -1.79052e-017}
-4.64 0.000255753
-4.32 0.000455767
-4 0.000785078
-3.68 0.00140554
-3.36 0.00230038
-3.04 0.00356271
-2.72 0.00525016
-2.4 0.0069852
-2.08 0.00933548
-1.76 0.0111215
-1.44 0.0125219
-1.12 0.0133717
-0.8 0.0139628
-0.48 0.0142847
-0.16 0.0141697
0.16 0.0142959
0.48 0.0142349
0.8 0.0139619
1.12 0.0134247
1.44 0.0127738
1.76 0.0110316
2.08 0.00914245
2.4 0.00718326
2.72 0.00510517
3.04 0.00352998
3.36 0.00229855
3.68 0.00138704
4 0.000811592
4.32 0.000439966
4.64 0.000247215
