# f(v_x, v_y, v_z), v_z = const
# nv_x = 30, nv_y = 30, nv_z = 30
# n = 0.993966 , T = 2.29393 , E = 6.84027 , vec_p = {-5.30736e-015 2.73319e-017 -5.87317e-017}
-4.64 0.000340494
-4.32 0.000611335
-4 0.00110545
-3.68 0.00203083
-3.36 0.00334721
-3.04 0.00532962
-2.72 0.00782469
-2.4 0.00961193
-2.08 0.0126625
-1.76 0.0141856
-1.44 0.0148001
-1.12 0.0143102
-0.8 0.013661
-0.48 0.0130701
-0.16 0.0124557
0.16 0.0125119
0.48 0.0129283
0.8 0.0137776
1.12 0.0143425
1.44 0.0152122
1.76 0.0140496
2.08 0.0124648
2.4 0.0102802
2.72 0.007359
3.04 0.00518371
3.36 0.00342158
3.68 0.00199649
4 0.00115901
4.32 0.000576288
4.64 0.00031986
