# f(v_x, v_y, v_z), v_z = const
# nv_x = 30, nv_y = 30, nv_z = 30
# n = 0.993966 , T = 2.29393 , E = 6.84027 , vec_p = {1.98404e-015 4.12204e-017 -7.30789e-017}
-4.64 0.000211044
-4.32 0.000377184
-4 0.000647432
-3.68 0.00106575
-3.36 0.00168313
-3.04 0.0025536
-2.72 0.00370377
-2.4 0.00516242
-2.08 0.00690598
-1.76 0.00885002
-1.44 0.0108517
-1.12 0.0127992
-0.8 0.0144586
-0.48 0.0156737
-0.16 0.0163273
0.16 0.0163187
0.48 0.0156677
0.8 0.0144632
1.12 0.0127979
1.44 0.0108672
1.76 0.00884696
2.08 0.0068973
2.4 0.00517035
2.72 0.00370314
3.04 0.00255105
3.36 0.00168283
3.68 0.00106615
4 0.000647289
4.32 0.000377301
4.64 0.000211091
