# f(v_x, v_y, v_z), v_z = const
# nv_x = 30, nv_y = 30, nv_z = 30
# n = 0.993966 , T = 2.29393 , E = 6.84027 , vec_p = {-1.73265e-015 6.48601e-017 -1.6518e-016}
-4.64 0.000210981
-4.32 0.000377027
-4 0.000646356
-3.68 0.0010631
-3.36 0.00167751
-3.04 0.0025395
-2.72 0.00368826
-2.4 0.00513911
-2.08 0.00686976
-1.76 0.0088102
-1.44 0.0108395
-1.12 0.0127947
-0.8 0.0144889
-0.48 0.0157412
-0.16 0.0164073
0.16 0.0164073
0.48 0.015741
0.8 0.0144891
1.12 0.0127947
1.44 0.0108397
1.76 0.00881017
2.08 0.0068697
2.4 0.00513915
2.72 0.00368824
3.04 0.00253951
3.36 0.00167751
3.68 0.00106309
4 0.000646346
4.32 0.000377015
4.64 0.000210981
