# f(v_x, v_y, v_z), v_z = const
# nv_x = 30, nv_y = 30, nv_z = 30
# n = 0.993966 , T = 2.29393 , E = 6.84027 , vec_p = {4.48671e-015 -6.0032e-017 -2.51332e-017}
-4.64 0.000227284
-4.32 0.000397326
-4 0.00071319
-3.68 0.00118172
-3.36 0.00187692
-3.04 0.00306083
-2.72 0.00435684
-2.4 0.00588096
-2.08 0.00788816
-1.76 0.00998052
-1.44 0.0115452
-1.12 0.013126
-0.8 0.0143618
-0.48 0.0148554
-0.16 0.0152554
0.16 0.0151479
0.48 0.0148421
0.8 0.0142146
1.12 0.0131828
1.44 0.0116317
1.76 0.00999215
2.08 0.00791784
2.4 0.00615943
2.72 0.0041829
3.04 0.00296435
3.36 0.00184443
3.68 0.00119483
4 0.000701927
4.32 0.000397314
4.64 0.000228129
