# f(v_x, v_y, v_z), v_z = const
# nv_x = 30, nv_y = 30, nv_z = 30
# n = 0.993966 , T = 2.29393 , E = 6.84027 , vec_p = {-1.62248e-015 9.66773e-017 -1.23247e-016}
-4.64 0.000210971
-4.32 0.00037702
-4 0.00064636
-3.68 0.00106313
-3.36 0.00167757
-3.04 0.00253967
-2.72 0.00368848
-2.4 0.0051394
-2.08 0.00687031
-1.76 0.00881069
-1.44 0.0108396
-1.12 0.0127944
-0.8 0.0144881
-0.48 0.0157395
-0.16 0.0164054
0.16 0.0164051
0.48 0.0157393
0.8 0.0144883
1.12 0.0127946
1.44 0.01084
1.76 0.00881066
2.08 0.00687001
2.4 0.00513951
2.72 0.00368845
3.04 0.00253965
3.36 0.00167757
3.68 0.00106311
4 0.000646335
4.32 0.000377015
4.64 0.000210969
