# f(v_x, v_y, v_z), v_z = const
# nv_x = 30, nv_y = 30, nv_z = 30
# n = 0.993966 , T = 2.29393 , E = 6.84027 , vec_p = {4.15792e-016 -6.10605e-017 -9.68927e-017}
-4.64 0.000210889
-4.32 0.000377004
-4 0.000646802
-3.68 0.0010641
-3.36 0.00168027
-3.04 0.00254648
-2.72 0.00369568
-2.4 0.00515009
-2.08 0.00688665
-1.76 0.0088276
-1.44 0.0108432
-1.12 0.0127947
-0.8 0.0144708
-0.48 0.0157056
-0.16 0.0163649
0.16 0.0163617
0.48 0.0157042
0.8 0.0144756
1.12 0.0127934
1.44 0.010853
1.76 0.00882673
2.08 0.00688159
2.4 0.00515382
2.72 0.0036949
3.04 0.00254427
3.36 0.00167987
3.68 0.0010642
4 0.000646558
4.32 0.000376941
4.64 0.000210988
