# f(v_x, v_y, v_z), v_z = const
# nv_x = 30, nv_y = 30, nv_z = 30
# n = 0.993966 , T = 2.29393 , E = 6.84027 , vec_p = {-1.78965e-015 -2.83713e-016 -4.71254e-017}
-4.64 0.000219647
-4.32 0.000382892
-4 0.000682789
-3.68 0.00113177
-3.36 0.00180161
-3.04 0.00283206
-2.72 0.00408587
-2.4 0.00556967
-2.08 0.00746986
-1.76 0.00954328
-1.44 0.0112552
-1.12 0.0129537
-0.8 0.0143551
-0.48 0.0151154
-0.16 0.0155958
0.16 0.0155468
0.48 0.0151073
0.8 0.0142966
1.12 0.0129988
1.44 0.0112966
1.76 0.00959174
2.08 0.00750632
2.4 0.00572139
2.72 0.00401965
3.04 0.00279049
3.36 0.0017838
3.68 0.00113653
4 0.000676792
4.32 0.000386081
4.64 0.000219799
