# f(v_x, v_y, v_z), v_z = const
# nv_x = 30, nv_y = 30, nv_z = 30
# n = 0.993966 , T = 2.29393 , E = 6.84027 , vec_p = {-2.67772e-015 -9.45057e-017 -2.22218e-017}
-4.64 0.000369994
-4.32 0.000570487
-4 0.00123053
-3.68 0.00229185
-3.36 0.00340121
-3.04 0.00562224
-2.72 0.00790388
-2.4 0.0105167
-2.08 0.0124561
-1.76 0.015702
-1.44 0.0143663
-1.12 0.0145273
-0.8 0.0144681
-0.48 0.0132193
-0.16 0.0125416
0.16 0.0123993
0.48 0.0130014
0.8 0.0143484
1.12 0.0149313
1.44 0.0147639
1.76 0.0137915
2.08 0.0131825
2.4 0.0107158
2.72 0.00669728
3.04 0.00562954
3.36 0.00309708
3.68 0.00203335
4 0.00120137
4.32 0.000569928
4.64 0.000341988
