# f(v_x, v_y, v_z), v_z = const
# nv_x = 30, nv_y = 30, nv_z = 30
# n = 0.993966 , T = 2.29393 , E = 6.84027 , vec_p = {9.93609e-016 1.96136e-017 -3.00053e-017}
-4.64 0.000212001
-4.32 0.000378707
-4 0.000655513
-3.68 0.00108095
-3.36 0.00171436
-3.04 0.00262316
-2.72 0.00378535
-2.4 0.00525059
-2.08 0.00705423
-1.76 0.00901686
-1.44 0.0109225
-1.12 0.0128439
-0.8 0.0143981
-0.48 0.0154965
-0.16 0.0161021
0.16 0.0160659
0.48 0.0154671
0.8 0.0143954
1.12 0.0128416
1.44 0.0109968
1.76 0.00901857
2.08 0.00705403
2.4 0.00531467
2.72 0.003787
3.04 0.00260231
3.36 0.00170786
3.68 0.00108556
4 0.000653348
4.32 0.000377616
4.64 0.000212601
