# f(v_x, v_y, v_z), v_z = const
# nv_x = 30, nv_y = 30, nv_z = 30
# n = 0.993966 , T = 2.29393 , E = 6.84027 , vec_p = {2.62854e-015 -6.27463e-017 -1.1477e-016}
-4.64 0.000210947
-4.32 0.000376984
-4 0.000646427
-3.68 0.00106329
-3.36 0.00167791
-3.04 0.00254078
-2.72 0.00368971
-2.4 0.00514163
-2.08 0.00687334
-1.76 0.00881402
-1.44 0.0108401
-1.12 0.0127935
-0.8 0.0144838
-0.48 0.0157313
-0.16 0.016395
0.16 0.0163943
0.48 0.0157299
0.8 0.0144843
1.12 0.0127939
1.44 0.0108425
1.76 0.00881394
2.08 0.00687265
2.4 0.00514259
2.72 0.00368984
3.04 0.00254057
3.36 0.00167808
3.68 0.00106332
4 0.000646351
4.32 0.000377008
4.64 0.000210921
