# f(v_x, v_y, v_z), v_z = const
# nv_x = 30, nv_y = 30, nv_z = 30
# n = 0.993966 , T = 2.29393 , E = 6.84027 , vec_p = {-3.50625e-015 -6.52811e-017 -1.22773e-016}
-4.64 0.000210965
-4.32 0.000377023
-4 0.000646366
-3.68 0.00106311
-3.36 0.00167761
-3.04 0.00253978
-2.72 0.00368863
-2.4 0.0051397
-2.08 0.00687081
-1.76 0.00881114
-1.44 0.0108397
-1.12 0.0127942
-0.8 0.0144875
-0.48 0.0157384
-0.16 0.0164038
0.16 0.0164035
0.48 0.015738
0.8 0.0144876
1.12 0.0127944
1.44 0.0108404
1.76 0.00881103
2.08 0.00687034
2.4 0.00513984
2.72 0.00368868
3.04 0.00253975
3.36 0.00167761
3.68 0.00106314
4 0.000646335
4.32 0.000377012
4.64 0.000210967
