# f(v_x, v_y, v_z), v_z = const
# nv_x = 30, nv_y = 30, nv_z = 30
# n = 0.993966 , T = 2.29393 , E = 6.84027 , vec_p = {-3.30197e-015 1.23586e-016 -1.15441e-016}
-4.64 0.000210928
-4.32 0.000377016
-4 0.000646522
-3.68 0.00106345
-3.36 0.0016784
-3.04 0.00254202
-2.72 0.00369111
-2.4 0.00514366
-2.08 0.00687648
-1.76 0.0088175
-1.44 0.0108411
-1.12 0.0127934
-0.8 0.01448
-0.48 0.0157232
-0.16 0.0163864
0.16 0.016385
0.48 0.0157225
0.8 0.0144818
1.12 0.0127937
1.44 0.0108457
1.76 0.00881696
2.08 0.0068752
2.4 0.00514545
2.72 0.00369119
3.04 0.00254141
3.36 0.00167848
3.68 0.00106354
4 0.000646415
4.32 0.000376964
4.64 0.000210948
