# f(v_x, v_y, v_z), v_z = const
# nv_x = 30, nv_y = 30, nv_z = 30
# n = 0.993966 , T = 2.29393 , E = 6.84027 , vec_p = {6.23961e-015 5.76632e-017 -1.63148e-016}
-4.64 0.000210978
-4.32 0.000377026
-4 0.000646354
-3.68 0.00106311
-3.36 0.00167752
-3.04 0.00253953
-2.72 0.0036883
-2.4 0.00513918
-2.08 0.00686987
-1.76 0.0088103
-1.44 0.0108395
-1.12 0.0127946
-0.8 0.0144887
-0.48 0.0157409
-0.16 0.0164068
0.16 0.0164068
0.48 0.0157407
0.8 0.0144889
1.12 0.0127947
1.44 0.0108398
1.76 0.0088103
2.08 0.00686976
2.4 0.00513923
2.72 0.00368827
3.04 0.00253955
3.36 0.00167752
3.68 0.0010631
4 0.000646346
4.32 0.000377014
4.64 0.000210979
