# f(v_x, v_y, v_z), v_z = const
# nv_x = 30, nv_y = 30, nv_z = 30
# n = 0.993966 , T = 2.29393 , E = 6.84027 , vec_p = {3.25003e-015 4.29523e-018 -2.57385e-017}
-4.64 0.00021256
-4.32 0.000378307
-4 0.000659743
-3.68 0.00108956
-3.36 0.00172532
-3.04 0.00264821
-2.72 0.00382847
-2.4 0.00530289
-2.08 0.00710241
-1.76 0.00908687
-1.44 0.0109613
-1.12 0.0128535
-0.8 0.0143922
-0.48 0.015448
-0.16 0.0160218
0.16 0.0159791
0.48 0.0154124
0.8 0.014382
1.12 0.0128577
1.44 0.0110349
1.76 0.00908112
2.08 0.00710538
2.4 0.00536496
2.72 0.00380782
3.04 0.0026301
3.36 0.00171324
3.68 0.00109315
4 0.000657339
4.32 0.000378795
4.64 0.000213233
