# f(v_x, v_y, v_z), v_z = const
# nv_x = 30, nv_y = 30, nv_z = 30
# n = 0.993966 , T = 2.29393 , E = 6.84027 , vec_p = {-6.57348e-016 8.92788e-017 -1.0611e-016}
-4.64 0.000210895
-4.32 0.000377029
-4 0.000646617
-3.68 0.00106364
-3.36 0.0016788
-3.04 0.00254327
-2.72 0.00369263
-2.4 0.00514588
-2.08 0.00687966
-1.76 0.0088212
-1.44 0.0108421
-1.12 0.0127937
-0.8 0.0144763
-0.48 0.0157166
-0.16 0.0163787
0.16 0.0163775
0.48 0.0157165
0.8 0.0144799
1.12 0.0127934
1.44 0.0108483
1.76 0.00881992
2.08 0.00687712
2.4 0.00514795
2.72 0.00369226
3.04 0.00254241
3.36 0.00167913
3.68 0.00106371
4 0.000646431
4.32 0.000376928
4.64 0.000210937
