# f(v_x, v_y, v_z), v_z = const
# nv_x = 30, nv_y = 30, nv_z = 30
# n = 0.993966 , T = 2.29393 , E = 6.84027 , vec_p = {4.13163e-016 -1.28722e-016 -4.20597e-018}
-4.64 0.000232264
-4.32 0.000400773
-4 0.000727042
-3.68 0.00121607
-3.36 0.00193088
-3.04 0.0031809
-2.72 0.00458357
-2.4 0.00611757
-2.08 0.00810575
-1.76 0.010215
-1.44 0.0116096
-1.12 0.0132485
-0.8 0.014408
-0.48 0.0147821
-0.16 0.0150696
0.16 0.0149627
0.48 0.0147307
0.8 0.0141683
1.12 0.0132075
1.44 0.0117483
1.76 0.0101947
2.08 0.00810178
2.4 0.00639363
2.72 0.00428593
3.04 0.00304723
3.36 0.00187749
3.68 0.00122174
4 0.000724945
4.32 0.000400211
4.64 0.00023141
