# f(v_x, v_y, v_z), v_z = const
# nv_x = 30, nv_y = 30, nv_z = 30
# n = 0.993966 , T = 2.29393 , E = 6.84027 , vec_p = {1.38119e-015 2.24424e-016 -1.61406e-016}
-4.64 0.000210982
-4.32 0.000377024
-4 0.000646357
-3.68 0.00106309
-3.36 0.0016775
-3.04 0.00253948
-2.72 0.0036882
-2.4 0.00513903
-2.08 0.00686962
-1.76 0.0088101
-1.44 0.0108395
-1.12 0.0127947
-0.8 0.0144891
-0.48 0.0157416
-0.16 0.0164078
0.16 0.0164078
0.48 0.0157415
0.8 0.0144893
1.12 0.0127948
1.44 0.0108396
1.76 0.00881004
2.08 0.00686962
2.4 0.00513907
2.72 0.00368819
3.04 0.00253947
3.36 0.0016775
3.68 0.00106309
4 0.000646352
4.32 0.000377019
4.64 0.000210982
