# f(v_x, v_y, v_z), v_z = const
# nv_x = 30, nv_y = 30, nv_z = 30
# n = 0.993966 , T = 2.29393 , E = 6.84027 , vec_p = {9.47875e-016 1.6585e-017 -1.16167e-016}
-4.64 0.00021097
-4.32 0.000377021
-4 0.000646357
-3.68 0.00106312
-3.36 0.00167756
-3.04 0.00253968
-2.72 0.0036885
-2.4 0.00513943
-2.08 0.00687036
-1.76 0.00881072
-1.44 0.0108396
-1.12 0.0127944
-0.8 0.014488
-0.48 0.0157394
-0.16 0.0164053
0.16 0.016405
0.48 0.0157392
0.8 0.0144883
1.12 0.0127946
1.44 0.01084
1.76 0.00881068
2.08 0.00687003
2.4 0.00513953
2.72 0.00368846
3.04 0.00253967
3.36 0.00167757
3.68 0.00106311
4 0.000646333
4.32 0.000377014
4.64 0.00021097
