# f(v_x, v_y, v_z), v_z = const
# nv_x = 30, nv_y = 30, nv_z = 30
# n = 0.993966 , T = 2.29393 , E = 6.84027 , vec_p = {-3.71474e-015 1.25967e-016 -4.09668e-017}
-4.64 0.000211684
-4.32 0.000378089
-4 0.000652533
-3.68 0.00107777
-3.36 0.00170206
-3.04 0.00260436
-2.72 0.00376287
-2.4 0.00522205
-2.08 0.00701477
-1.76 0.00897544
-1.44 0.0109063
-1.12 0.0128271
-0.8 0.0144249
-0.48 0.0155444
-0.16 0.0161559
0.16 0.016131
0.48 0.0155068
0.8 0.0144101
1.12 0.0128321
1.44 0.0109647
1.76 0.00897102
2.08 0.0070122
2.4 0.00527171
2.72 0.00376167
3.04 0.00258846
3.36 0.00169962
3.68 0.00107909
4 0.000651334
4.32 0.000377656
4.64 0.000212092
