# f(v_x, v_y, v_z), v_z = const
# nv_x = 30, nv_y = 30, nv_z = 30
# n = 0.993966 , T = 2.29393 , E = 6.84027 , vec_p = {4.45812e-015 4.34728e-017 -1.38449e-017}
-4.64 0.000648239
-4.32 0.00122072
-4 0.00255895
-3.68 0.00513652
-3.36 0.00768201
-3.04 0.0119212
-2.72 0.0150713
-2.4 0.0198243
-2.08 0.0202093
-1.76 0.0228203
-1.44 0.0195762
-1.12 0.017165
-0.8 0.0153995
-0.48 0.0114031
-0.16 0.00976243
0.16 0.00973955
0.48 0.011305
0.8 0.0140482
1.12 0.0177162
1.44 0.0198559
1.76 0.022834
2.08 0.0209554
2.4 0.0195942
2.72 0.0133896
3.04 0.0109703
3.36 0.00703575
3.68 0.00447837
4 0.0024955
4.32 0.00125236
4.64 0.000604234
