# f(v_x, v_y, v_z), v_z = const
# nv_x = 30, nv_y = 30, nv_z = 30
# n = 0.993966 , T = 2.29393 , E = 6.84027 , vec_p = {-3.28856e-015 -3.86713e-017 -3.1374e-017}
-4.64 0.000212548
-4.32 0.000378761
-4 0.000659093
-3.68 0.00108665
-3.36 0.00172407
-3.04 0.00264593
-2.72 0.00381866
-2.4 0.00529278
-2.08 0.00709447
-1.76 0.00907472
-1.44 0.0109493
-1.12 0.0128541
-0.8 0.0143869
-0.48 0.0154586
-0.16 0.0160392
0.16 0.0159922
0.48 0.0154268
0.8 0.014386
1.12 0.0128554
1.44 0.0110288
1.76 0.00907214
2.08 0.0071
2.4 0.00535639
2.72 0.00380051
3.04 0.00262446
3.36 0.00171252
3.68 0.00109144
4 0.000656791
4.32 0.000378356
4.64 0.000213119
