# f(v_x, v_y, v_z), v_z = const
# nv_x = 30, nv_y = 30, nv_z = 30
# n = 0.993966 , T = 2.29393 , E = 6.84027 , vec_p = {-1.08895e-015 1.79098e-016 -7.74274e-017}
-4.64 0.000210928
-4.32 0.000377027
-4 0.000646972
-3.68 0.00106447
-3.36 0.00168123
-3.04 0.00254772
-2.72 0.0036977
-2.4 0.00515276
-2.08 0.0068908
-1.76 0.00883244
-1.44 0.010846
-1.12 0.0127955
-0.8 0.0144674
-0.48 0.0156961
-0.16 0.0163552
0.16 0.0163502
0.48 0.0156949
0.8 0.014472
1.12 0.0127951
1.44 0.0108567
1.76 0.0088325
2.08 0.00688565
2.4 0.00515793
2.72 0.00369763
3.04 0.00254603
3.36 0.00168052
3.68 0.00106464
4 0.000646692
4.32 0.000377052
4.64 0.000210983
