# f(v_x, v_y, v_z), v_z = const
# nv_x = 30, nv_y = 30, nv_z = 30
# n = 0.993966 , T = 2.29393 , E = 6.84027 , vec_p = {8.89546e-016 -1.15881e-017 -1.2244e-016}
-4.64 0.00021097
-4.32 0.000377018
-4 0.000646361
-3.68 0.00106312
-3.36 0.00167758
-3.04 0.0025397
-2.72 0.00368854
-2.4 0.00513954
-2.08 0.00687051
-1.76 0.00881084
-1.44 0.0108397
-1.12 0.0127943
-0.8 0.0144879
-0.48 0.0157391
-0.16 0.0164049
0.16 0.0164044
0.48 0.0157389
0.8 0.0144881
1.12 0.0127945
1.44 0.0108402
1.76 0.00881075
2.08 0.00687012
2.4 0.00513962
2.72 0.00368848
3.04 0.00253968
3.36 0.00167757
3.68 0.00106313
4 0.000646337
4.32 0.000377014
4.64 0.000210969
