# f(v_x, v_y, v_z), v_z = const
# nv_x = 30, nv_y = 30, nv_z = 30
# n = 0.993966 , T = 2.29393 , E = 6.84027 , vec_p = {-4.32428e-015 8.77201e-017 -5.1239e-018}
-4.64 0.000548644
-4.32 0.000893396
-4 0.00211474
-3.68 0.00394991
-3.36 0.00568761
-3.04 0.00964934
-2.72 0.0130471
-2.4 0.016518
-2.08 0.0172197
-1.76 0.0203166
-1.44 0.0170541
-1.12 0.0164111
-0.8 0.0149348
-0.48 0.0121849
-0.16 0.0104106
0.16 0.0104784
0.48 0.0117002
0.8 0.0140056
1.12 0.0165607
1.44 0.0179711
1.76 0.0195014
2.08 0.0187491
2.4 0.0162886
2.72 0.0100513
3.04 0.00872808
3.36 0.00538244
3.68 0.00357113
4 0.00201128
4.32 0.000858495
4.64 0.000501819
