# f(v_x, v_y, v_z), v_z = const
# nv_x = 30, nv_y = 30, nv_z = 30
# n = 0.993966 , T = 2.29393 , E = 6.84027 , vec_p = {-1.47914e-015 7.0111e-017 -1.39559e-017}
-4.64 0.000464751
-4.32 0.000768644
-4 0.00178917
-3.68 0.00345988
-3.36 0.00488322
-3.04 0.0084385
-2.72 0.0112494
-2.4 0.0138835
-2.08 0.0155101
-1.76 0.0189175
-1.44 0.0162658
-1.12 0.0154891
-0.8 0.0148255
-0.48 0.0124746
-0.16 0.0109781
0.16 0.0111354
0.48 0.012038
0.8 0.0144073
1.12 0.0161373
1.44 0.0166669
1.76 0.0180979
2.08 0.0167391
2.4 0.0147213
2.72 0.00921883
3.04 0.00759404
3.36 0.00441268
3.68 0.00287854
4 0.00178675
4.32 0.000715112
4.64 0.000430342
