# f(v_x, v_y, v_z), v_z = const
# nv_x = 30, nv_y = 30, nv_z = 30
# n = 0.993966 , T = 2.29393 , E = 6.84027 , vec_p = {6.91987e-016 2.24988e-016 -1.267e-016}
-4.64 0.000210971
-4.32 0.000377021
-4 0.000646358
-3.68 0.00106312
-3.36 0.00167756
-3.04 0.00253965
-2.72 0.00368847
-2.4 0.00513939
-2.08 0.00687028
-1.76 0.00881067
-1.44 0.0108396
-1.12 0.0127944
-0.8 0.0144882
-0.48 0.0157396
-0.16 0.0164055
0.16 0.0164053
0.48 0.0157394
0.8 0.0144884
1.12 0.0127946
1.44 0.01084
1.76 0.00881064
2.08 0.00687
2.4 0.00513948
2.72 0.00368844
3.04 0.00253964
3.36 0.00167756
3.68 0.00106311
4 0.000646337
4.32 0.000377014
4.64 0.00021097
