# f(v_x, v_y, v_z), v_z = const
# nv_x = 30, nv_y = 30, nv_z = 30
# n = 0.993966 , T = 2.29393 , E = 6.84027 , vec_p = {-2.91022e-015 1.63831e-016 -3.0389e-017}
-4.64 0.000215033
-4.32 0.00037963
-4 0.000667026
-3.68 0.00110343
-3.36 0.00175409
-3.04 0.00271356
-2.72 0.00391126
-2.4 0.00537883
-2.08 0.00724757
-1.76 0.00922787
-1.44 0.0110781
-1.12 0.0128929
-0.8 0.0143878
-0.48 0.015325
-0.16 0.0158638
0.16 0.0157997
0.48 0.0152884
0.8 0.0143513
1.12 0.0129154
1.44 0.0111287
1.76 0.00924537
2.08 0.00721518
2.4 0.00549569
2.72 0.00387908
3.04 0.00267859
3.36 0.00173858
3.68 0.00111007
4 0.000665792
4.32 0.000381171
4.64 0.000215007
