# f(v_x, v_y, v_z), v_z = const
# nv_x = 30, nv_y = 30, nv_z = 30
# n = 0.993966 , T = 2.29393 , E = 6.84027 , vec_p = {-1.34232e-016 6.45164e-017 -1.07125e-016}
-4.64 0.000210987
-4.32 0.000377024
-4 0.000646357
-3.68 0.00106309
-3.36 0.00167748
-3.04 0.00253943
-2.72 0.00368815
-2.4 0.00513892
-2.08 0.0068695
-1.76 0.00880991
-1.44 0.0108394
-1.12 0.0127949
-0.8 0.0144896
-0.48 0.0157423
-0.16 0.0164087
0.16 0.0164087
0.48 0.0157422
0.8 0.0144896
1.12 0.0127949
1.44 0.0108395
1.76 0.00880991
2.08 0.00686948
2.4 0.00513891
2.72 0.00368814
3.04 0.00253944
3.36 0.00167748
3.68 0.00106308
4 0.000646357
4.32 0.000377025
4.64 0.000210986
