# f(v_x, v_y, v_z), v_z = const
# nv_x = 30, nv_y = 30, nv_z = 30
# n = 0.993966 , T = 2.29393 , E = 6.84027 , vec_p = {2.07709e-016 4.77307e-017 -5.29021e-017}
-4.64 0.00022087
-4.32 0.000384653
-4 0.00068803
-3.68 0.0011456
-3.36 0.00181089
-3.04 0.00285398
-2.72 0.0041354
-2.4 0.00561151
-2.08 0.00753758
-1.76 0.00961786
-1.44 0.0112862
-1.12 0.0129869
-0.8 0.0143593
-0.48 0.0150741
-0.16 0.0155439
0.16 0.0154867
0.48 0.0150761
0.8 0.014293
1.12 0.013032
1.44 0.0113326
1.76 0.00967356
2.08 0.0075806
2.4 0.00577371
2.72 0.00405263
3.04 0.00281649
3.36 0.00179536
3.68 0.00114084
4 0.000684495
4.32 0.000386686
4.64 0.000221148
