# f(v_x, v_y, v_z), v_z = const
# nv_x = 30, nv_y = 30, nv_z = 30
# n = 0.993966 , T = 2.29393 , E = 6.84027 , vec_p = {5.23322e-016 -3.52518e-017 -3.02069e-018}
-4.64 0.000481408
-4.32 0.000830131
-4 0.00193053
-3.68 0.00378667
-3.36 0.00534942
-3.04 0.0092128
-2.72 0.0125229
-2.4 0.0153829
-2.08 0.0163895
-1.76 0.0195234
-1.44 0.0166605
-1.12 0.0156784
-0.8 0.0149808
-0.48 0.0121912
-0.16 0.0106965
0.16 0.0108267
0.48 0.0119123
0.8 0.0144311
1.12 0.0163967
1.44 0.01711
1.76 0.0186997
2.08 0.0174282
2.4 0.0153334
2.72 0.00961278
3.04 0.00812432
3.36 0.00485124
3.68 0.00325181
4 0.00186463
4.32 0.000786854
4.64 0.000438311
