# f(v_x, v_y, v_z), v_z = const
# nv_x = 30, nv_y = 30, nv_z = 30
# n = 0.993966 , T = 2.29393 , E = 6.84027 , vec_p = {-2.09108e-015 1.03411e-016 -9.80585e-017}
-4.64 0.000210896
-4.32 0.000377015
-4 0.00064662
-3.68 0.00106367
-3.36 0.00167889
-3.04 0.0025434
-2.72 0.00369288
-2.4 0.00514614
-2.08 0.00688015
-1.76 0.00882179
-1.44 0.010842
-1.12 0.0127937
-0.8 0.0144756
-0.48 0.0157158
-0.16 0.0163778
0.16 0.0163767
0.48 0.0157156
0.8 0.0144796
1.12 0.0127932
1.44 0.0108486
1.76 0.00882014
2.08 0.00687737
2.4 0.00514847
2.72 0.00369243
3.04 0.00254253
3.36 0.00167922
3.68 0.00106372
4 0.000646467
4.32 0.000376914
4.64 0.000210942
