# f(v_x, v_y, v_z), v_z = const
# nv_x = 30, nv_y = 30, nv_z = 30
# n = 0.993966 , T = 2.29393 , E = 6.84027 , vec_p = {2.82251e-015 -8.91793e-017 -3.22808e-017}
-4.64 0.000211784
-4.32 0.000378165
-4 0.000653293
-3.68 0.0010787
-3.36 0.00170546
-3.04 0.00260987
-2.72 0.00376916
-2.4 0.00523097
-2.08 0.00702432
-1.76 0.0089903
-1.44 0.0109088
-1.12 0.0128284
-0.8 0.014415
-0.48 0.0155275
-0.16 0.0161401
0.16 0.0161132
0.48 0.0154928
0.8 0.0144089
1.12 0.0128332
1.44 0.0109721
1.76 0.00898706
2.08 0.00702953
2.4 0.0052828
2.72 0.00376904
3.04 0.0025935
3.36 0.00170183
3.68 0.00108075
4 0.000651767
4.32 0.000377617
4.64 0.00021214
