# f(v_x, v_y, v_z), v_z = const
# nv_x = 30, nv_y = 30, nv_z = 30
# n = 0.993966 , T = 2.29393 , E = 6.84027 , vec_p = {-1.75324e-015 1.40441e-016 -1.18372e-016}
-4.64 0.000210912
-4.32 0.000377025
-4 0.000646568
-3.68 0.00106359
-3.36 0.00167868
-3.04 0.00254277
-2.72 0.00369218
-2.4 0.00514476
-2.08 0.00687842
-1.76 0.00881926
-1.44 0.0108417
-1.12 0.0127935
-0.8 0.0144781
-0.48 0.015719
-0.16 0.0163824
0.16 0.0163811
0.48 0.0157191
0.8 0.0144805
1.12 0.0127933
1.44 0.0108469
1.76 0.00881905
2.08 0.00687649
2.4 0.00514687
2.72 0.0036919
3.04 0.00254199
3.36 0.00167882
3.68 0.00106362
4 0.000646386
4.32 0.000376928
4.64 0.000210926
