# f(v_x, v_y, v_z), v_z = const
# nv_x = 30, nv_y = 30, nv_z = 30
# n = 0.993966 , T = 2.29393 , E = 6.84027 , vec_p = {-3.4869e-015 8.99201e-017 -2.5048e-017}
-4.64 0.000226427
-4.32 0.000393025
-4 0.00070943
-3.68 0.00117719
-3.36 0.00187257
-3.04 0.00301814
-2.72 0.00430283
-2.4 0.00580442
-2.08 0.00784118
-1.76 0.00993682
-1.44 0.0114931
-1.12 0.0130918
-0.8 0.014356
-0.48 0.0148863
-0.16 0.0152772
0.16 0.0151828
0.48 0.014864
0.8 0.0142491
1.12 0.0131874
1.44 0.0115777
1.76 0.00997871
2.08 0.00787328
2.4 0.00612546
2.72 0.00416107
3.04 0.00293983
3.36 0.00183542
3.68 0.00118675
4 0.00069677
4.32 0.000397053
4.64 0.000226417
