# f(v_x, v_y, v_z), v_z = const
# nv_x = 30, nv_y = 30, nv_z = 30
# n = 0.993966 , T = 2.29393 , E = 6.84027 , vec_p = {-1.40198e-015 4.29594e-017 -1.49182e-016}
-4.64 0.000210978
-4.32 0.000377026
-4 0.000646357
-3.68 0.00106311
-3.36 0.00167753
-3.04 0.00253954
-2.72 0.00368831
-2.4 0.0051392
-2.08 0.00686989
-1.76 0.00881031
-1.44 0.0108395
-1.12 0.0127946
-0.8 0.0144886
-0.48 0.0157408
-0.16 0.0164068
0.16 0.0164067
0.48 0.0157406
0.8 0.0144889
1.12 0.0127947
1.44 0.0108398
1.76 0.00881032
2.08 0.00686977
2.4 0.00513926
2.72 0.00368827
3.04 0.00253955
3.36 0.00167752
3.68 0.00106311
4 0.000646348
4.32 0.000377013
4.64 0.000210978
