# f(v_x, v_y, v_z), v_z = const
# nv_x = 30, nv_y = 30, nv_z = 30
# n = 0.993966 , T = 2.29393 , E = 6.84027 , vec_p = {2.28566e-015 1.20259e-017 -9.73368e-017}
-4.64 0.000210994
-4.32 0.000377072
-4 0.000647202
-3.68 0.00106498
-3.36 0.00168202
-3.04 0.00254963
-2.72 0.00369993
-2.4 0.00515604
-2.08 0.00689586
-1.76 0.00883833
-1.44 0.0108478
-1.12 0.0127979
-0.8 0.0144647
-0.48 0.0156885
-0.16 0.0163449
0.16 0.0163377
0.48 0.0156848
0.8 0.014469
1.12 0.012796
1.44 0.0108622
1.76 0.0088376
2.08 0.00688995
2.4 0.00516151
2.72 0.00369925
3.04 0.00254768
3.36 0.00168103
3.68 0.00106502
4 0.000646928
4.32 0.000377229
4.64 0.000211054
