# f(v_x, v_y, v_z), v_z = const
# nv_x = 30, nv_y = 30, nv_z = 30
# n = 0.993966 , T = 2.29393 , E = 6.84027 , vec_p = {4.47632e-015 6.63105e-017 -1.5377e-016}
-4.64 0.000210984
-4.32 0.000377022
-4 0.000646356
-3.68 0.00106309
-3.36 0.00167749
-3.04 0.00253946
-2.72 0.00368818
-2.4 0.005139
-2.08 0.00686958
-1.76 0.00881003
-1.44 0.0108395
-1.12 0.0127948
-0.8 0.0144893
-0.48 0.0157419
-0.16 0.0164081
0.16 0.0164081
0.48 0.0157418
0.8 0.0144894
1.12 0.0127948
1.44 0.0108395
1.76 0.00881001
2.08 0.00686957
2.4 0.005139
2.72 0.00368817
3.04 0.00253946
3.36 0.00167749
3.68 0.00106309
4 0.000646355
4.32 0.000377021
4.64 0.000210982
