# f(v_x, v_y, v_z), v_z = const
# nv_x = 30, nv_y = 30, nv_z = 30
# n = 0.993966 , T = 2.29393 , E = 6.84027 , vec_p = {3.99734e-016 1.02859e-016 -9.41132e-017}
-4.64 0.000210875
-4.32 0.000377026
-4 0.000646661
-3.68 0.0010638
-3.36 0.00167897
-3.04 0.00254385
-2.72 0.00369326
-2.4 0.0051465
-2.08 0.0068812
-1.76 0.0088227
-1.44 0.0108421
-1.12 0.012794
-0.8 0.0144749
-0.48 0.0157143
-0.16 0.0163758
0.16 0.0163739
0.48 0.0157133
0.8 0.0144787
1.12 0.0127932
1.44 0.0108497
1.76 0.00882108
2.08 0.00687794
2.4 0.00514928
2.72 0.00369282
3.04 0.00254262
3.36 0.00167931
3.68 0.00106381
4 0.000646526
4.32 0.000376909
4.64 0.000210951
