# f(v_x, v_y, v_z), v_z = const
# nv_x = 30, nv_y = 30, nv_z = 30
# n = 0.993966 , T = 2.29393 , E = 6.84027 , vec_p = {2.87436e-016 -5.91456e-017 -1.25415e-017}
-4.64 0.000238691
-4.32 0.000407284
-4 0.000748893
-3.68 0.00126619
-3.36 0.00198872
-3.04 0.00333108
-2.72 0.00472424
-2.4 0.00637955
-2.08 0.00836809
-1.76 0.0105175
-1.44 0.0117204
-1.12 0.0133063
-0.8 0.0144969
-0.48 0.0146558
-0.16 0.0148488
0.16 0.0147515
0.48 0.0146211
0.8 0.0141288
1.12 0.0132755
1.44 0.012031
1.76 0.0104009
2.08 0.00838636
2.4 0.00661524
2.72 0.00444227
3.04 0.00313856
3.36 0.00197475
3.68 0.00125416
4 0.000747543
4.32 0.000404735
4.64 0.000236448
