# f(v_x, v_y, v_z), v_z = const
# nv_x = 30, nv_y = 30, nv_z = 30
# n = 0.993966 , T = 2.29393 , E = 6.84027 , vec_p = {7.60277e-016 -8.29097e-017 -1.68729e-016}
-4.64 0.000210981
-4.32 0.000377025
-4 0.000646359
-3.68 0.0010631
-3.36 0.0016775
-3.04 0.00253949
-2.72 0.00368825
-2.4 0.00513909
-2.08 0.00686971
-1.76 0.00881016
-1.44 0.0108395
-1.12 0.0127947
-0.8 0.014489
-0.48 0.0157413
-0.16 0.0164075
0.16 0.0164074
0.48 0.0157412
0.8 0.0144892
1.12 0.0127947
1.44 0.0108397
1.76 0.00881012
2.08 0.00686967
2.4 0.00513911
2.72 0.00368822
3.04 0.0025395
3.36 0.00167751
3.68 0.00106309
4 0.000646347
4.32 0.000377016
4.64 0.000210981
