# f(v_x, v_y, v_z), v_z = const
# nv_x = 30, nv_y = 30, nv_z = 30
# n = 0.993966 , T = 2.29393 , E = 6.84027 , vec_p = {1.92056e-016 1.11442e-016 -1.07196e-016}
-4.64 0.000210914
-4.32 0.000377032
-4 0.000646553
-3.68 0.0010636
-3.36 0.00167863
-3.04 0.00254255
-2.72 0.003692
-2.4 0.00514464
-2.08 0.00687809
-1.76 0.00881895
-1.44 0.0108414
-1.12 0.0127936
-0.8 0.0144784
-0.48 0.0157197
-0.16 0.0163831
0.16 0.0163819
0.48 0.0157197
0.8 0.0144808
1.12 0.0127934
1.44 0.0108468
1.76 0.00881859
2.08 0.0068763
2.4 0.00514668
2.72 0.00369166
3.04 0.00254184
3.36 0.00167877
3.68 0.0010636
4 0.00064638
4.32 0.000376949
4.64 0.000210944
