# f(v_x, v_y, v_z), v_z = const
# nv_x = 30, nv_y = 30, nv_z = 30
# n = 0.993966 , T = 2.29393 , E = 6.84027 , vec_p = {1.41613e-015 -1.23261e-016 -3.86522e-017}
-4.64 0.000224989
-4.32 0.000390436
-4 0.000700297
-3.68 0.00115889
-3.36 0.00184655
-3.04 0.00293946
-2.72 0.00422563
-2.4 0.00572661
-2.08 0.00773436
-1.76 0.00982073
-1.44 0.0114231
-1.12 0.0130276
-0.8 0.0143602
-0.48 0.014936
-0.16 0.0153763
0.16 0.0152959
0.48 0.0149574
0.8 0.0142677
1.12 0.0131264
1.44 0.011476
1.76 0.00984969
2.08 0.00775642
2.4 0.0059435
2.72 0.00412745
3.04 0.00288926
3.36 0.00182044
3.68 0.00116708
4 0.000695014
4.32 0.000392423
4.64 0.000224166
