# f(v_x, v_y, v_z), v_z = const
# nv_x = 30, nv_y = 30, nv_z = 30
# n = 0.993966 , T = 2.29393 , E = 6.84027 , vec_p = {-3.68659e-015 2.68983e-016 -1.28856e-016}
-4.64 0.000210961
-4.32 0.000377017
-4 0.000646364
-3.68 0.00106312
-3.36 0.00167764
-3.04 0.00253989
-2.72 0.0036887
-2.4 0.00513985
-2.08 0.00687102
-1.76 0.0088114
-1.44 0.0108396
-1.12 0.0127941
-0.8 0.014487
-0.48 0.0157378
-0.16 0.0164032
0.16 0.0164026
0.48 0.0157373
0.8 0.0144873
1.12 0.0127944
1.44 0.0108407
1.76 0.0088112
2.08 0.00687047
2.4 0.0051401
2.72 0.00368879
3.04 0.0025398
3.36 0.00167763
3.68 0.00106316
4 0.000646342
4.32 0.00037701
4.64 0.000210968
