# f(v_x, v_y, v_z), v_z = const
# nv_x = 30, nv_y = 30, nv_z = 30
# n = 0.993966 , T = 2.29393 , E = 6.84027 , vec_p = {-1.03774e-015 2.29001e-016 -3.62301e-017}
-4.64 0.000226175
-4.32 0.000392855
-4 0.000704747
-3.68 0.00117248
-3.36 0.0018631
-3.04 0.00298101
-2.72 0.00426578
-2.4 0.00577297
-2.08 0.00781829
-1.76 0.00990204
-1.44 0.0114585
-1.12 0.0130579
-0.8 0.0143482
-0.48 0.014903
-0.16 0.0153094
0.16 0.0152165
0.48 0.0149065
0.8 0.0142627
1.12 0.0131752
1.44 0.0115354
1.76 0.00992672
2.08 0.0078422
2.4 0.00603822
2.72 0.00415188
3.04 0.00292226
3.36 0.00183141
3.68 0.0011765
4 0.000697846
4.32 0.000395468
4.64 0.000225849
