# f(v_x, v_y, v_z), v_z = const
# nv_x = 30, nv_y = 30, nv_z = 30
# n = 0.993966 , T = 2.29393 , E = 6.84027 , vec_p = {-5.11975e-015 -8.56559e-017 -4.66294e-019}
-4.64 0.000764578
-4.32 0.00149506
-4 0.00286022
-3.68 0.00593769
-3.36 0.00881991
-3.04 0.0142063
-2.72 0.0187432
-2.4 0.0220895
-2.08 0.0235031
-1.76 0.0262351
-1.44 0.0217201
-1.12 0.0173837
-0.8 0.0154007
-0.48 0.011338
-0.16 0.00930341
0.16 0.00961219
0.48 0.010807
0.8 0.0147635
1.12 0.0184226
1.44 0.0210567
1.76 0.025691
2.08 0.0235169
2.4 0.0227877
2.72 0.0159828
3.04 0.012922
3.36 0.00833313
3.68 0.00552071
4 0.00310183
4.32 0.00149118
4.64 0.000727852
