# f(v_x, v_y, v_z), v_z = const
# nv_x = 30, nv_y = 30, nv_z = 30
# n = 0.993966 , T = 2.29393 , E = 6.84027 , vec_p = {-2.39394e-015 -4.1755e-017 -1.01876e-016}
-4.64 0.000210884
-4.32 0.00037704
-4 0.000646674
-3.68 0.00106384
-3.36 0.0016792
-3.04 0.00254413
-2.72 0.00369365
-2.4 0.0051467
-2.08 0.00688181
-1.76 0.00882326
-1.44 0.0108421
-1.12 0.0127944
-0.8 0.0144747
-0.48 0.0157134
-0.16 0.0163748
0.16 0.0163726
0.48 0.0157119
0.8 0.0144781
1.12 0.0127932
1.44 0.0108502
1.76 0.00882152
2.08 0.00687849
2.4 0.00514999
2.72 0.00369323
3.04 0.00254272
3.36 0.00167941
3.68 0.00106384
4 0.000646499
4.32 0.000376901
4.64 0.000210955
