# f(v_x, v_y, v_z), v_z = const
# nv_x = 30, nv_y = 30, nv_z = 30
# n = 0.993966 , T = 2.29393 , E = 6.84027 , vec_p = {3.96105e-015 -4.25926e-017 -3.32689e-017}
-4.64 0.000211855
-4.32 0.000378221
-4 0.000654004
-3.68 0.00108021
-3.36 0.00170996
-3.04 0.00261664
-2.72 0.00377985
-2.4 0.00524218
-2.08 0.00704316
-1.76 0.00900114
-1.44 0.0109148
-1.12 0.0128343
-0.8 0.0144055
-0.48 0.0155118
-0.16 0.0161265
0.16 0.0160939
0.48 0.0154843
0.8 0.0144058
1.12 0.0128341
1.44 0.010983
1.76 0.00899957
2.08 0.00703781
2.4 0.00529955
2.72 0.00377876
3.04 0.00259908
3.36 0.00170585
3.68 0.00108313
4 0.000652053
4.32 0.000377896
4.64 0.000212352
