# f(v_x, v_y, v_z), v_z = const
# nv_x = 30, nv_y = 30, nv_z = 30
# n = 0.993966 , T = 2.29393 , E = 6.84027 , vec_p = {-2.23104e-015 1.68661e-016 -1.70319e-016}
-4.64 0.000210982
-4.32 0.000377024
-4 0.000646357
-3.68 0.00106309
-3.36 0.0016775
-3.04 0.00253948
-2.72 0.00368821
-2.4 0.00513905
-2.08 0.00686965
-1.76 0.00881012
-1.44 0.0108395
-1.12 0.0127947
-0.8 0.0144891
-0.48 0.0157415
-0.16 0.0164077
0.16 0.0164077
0.48 0.0157414
0.8 0.0144892
1.12 0.0127948
1.44 0.0108396
1.76 0.00881008
2.08 0.00686964
2.4 0.00513908
2.72 0.00368821
3.04 0.00253948
3.36 0.0016775
3.68 0.00106309
4 0.000646352
4.32 0.000377019
4.64 0.000210982
