# f(v_x, v_y, v_z), v_z = const
# nv_x = 30, nv_y = 30, nv_z = 30
# n = 0.993966 , T = 2.29393 , E = 6.84027 , vec_p = {2.48591e-015 5.05072e-017 -3.43254e-017}
-4.64 0.000225541
-4.32 0.000390376
-4 0.00070202
-3.68 0.00116366
-3.36 0.00185673
-3.04 0.0029532
-2.72 0.0042426
-2.4 0.00576903
-2.08 0.00778172
-1.76 0.00984763
-1.44 0.0114505
-1.12 0.0130482
-0.8 0.0143516
-0.48 0.014911
-0.16 0.0153474
0.16 0.0152466
0.48 0.0149368
0.8 0.0142773
1.12 0.0131486
1.44 0.0115045
1.76 0.00987013
2.08 0.00779845
2.4 0.00596755
2.72 0.00414212
3.04 0.0029137
3.36 0.00182455
3.68 0.0011706
4 0.000695337
4.32 0.000395179
4.64 0.000224798
