# f(v_x, v_y, v_z), v_z = const
# nv_x = 30, nv_y = 30, nv_z = 30
# n = 0.993966 , T = 2.29393 , E = 6.84027 , vec_p = {-4.29134e-015 2.56861e-016 -2.76894e-017}
-4.64 0.000308135
-4.32 0.000496252
-4 0.00099244
-3.68 0.00186161
-3.36 0.00286631
-3.04 0.00461415
-2.72 0.00666105
-2.4 0.00859898
-2.08 0.0110599
-1.76 0.0137012
-1.44 0.0134742
-1.12 0.0142267
-0.8 0.0142551
-0.48 0.0138668
-0.16 0.0134251
0.16 0.013155
0.48 0.0135794
0.8 0.0141322
1.12 0.0139214
1.44 0.0137345
1.76 0.0124792
2.08 0.0113307
2.4 0.0090151
2.72 0.00572126
3.04 0.00439465
3.36 0.0026249
3.68 0.00170752
4 0.000973072
4.32 0.000470847
4.64 0.000297875
