# f(v_x, v_y, v_z), v_z = const
# nv_x = 30, nv_y = 30, nv_z = 30
# n = 0.993966 , T = 2.29393 , E = 6.84027 , vec_p = {7.44223e-015 2.91299e-016 -1.15186e-016}
-4.64 0.000210945
-4.32 0.000377004
-4 0.000646374
-3.68 0.00106328
-3.36 0.00167781
-3.04 0.0025405
-2.72 0.0036894
-2.4 0.00514104
-2.08 0.00687277
-1.76 0.00881328
-1.44 0.0108398
-1.12 0.0127937
-0.8 0.0144846
-0.48 0.0157329
-0.16 0.0163974
0.16 0.0163962
0.48 0.0157319
0.8 0.0144851
1.12 0.0127939
1.44 0.010842
1.76 0.00881308
2.08 0.00687209
2.4 0.0051418
2.72 0.00368963
3.04 0.00254037
3.36 0.00167796
3.68 0.00106325
4 0.000646355
4.32 0.000377011
4.64 0.000210933
