# f(v_x, v_y, v_z), v_z = const
# nv_x = 30, nv_y = 30, nv_z = 30
# n = 0.993966 , T = 2.29393 , E = 6.84027 , vec_p = {2.99868e-015 -1.73864e-016 -1.05256e-016}
-4.64 0.000210945
-4.32 0.000376981
-4 0.000646457
-3.68 0.00106331
-3.36 0.00167801
-3.04 0.00254104
-2.72 0.00368993
-2.4 0.00514188
-2.08 0.00687392
-1.76 0.0088146
-1.44 0.0108403
-1.12 0.0127934
-0.8 0.0144831
-0.48 0.0157298
-0.16 0.0163933
0.16 0.0163927
0.48 0.0157284
0.8 0.0144839
1.12 0.0127939
1.44 0.0108431
1.76 0.00881463
2.08 0.00687308
2.4 0.00514306
2.72 0.00368995
3.04 0.00254073
3.36 0.00167812
3.68 0.00106333
4 0.000646349
4.32 0.000377015
4.64 0.000210926
