# f(v_x, v_y, v_z), v_z = const
# nv_x = 30, nv_y = 30, nv_z = 30
# n = 0.993966 , T = 2.29393 , E = 6.84027 , vec_p = {9.10475e-016 -1.90289e-016 -1.2792e-017}
-4.64 0.00030039
-4.32 0.00046753
-4 0.000967261
-3.68 0.00174564
-3.36 0.00267636
-3.04 0.00435684
-2.72 0.00633029
-2.4 0.00836427
-2.08 0.010802
-1.76 0.0129764
-1.44 0.0131402
-1.12 0.0140827
-0.8 0.0142594
-0.48 0.0139748
-0.16 0.0135871
0.16 0.0133666
0.48 0.0137741
0.8 0.0141194
1.12 0.0138085
1.44 0.0134302
1.76 0.012159
2.08 0.0109528
2.4 0.0087411
2.72 0.00554355
3.04 0.00412574
3.36 0.00255725
3.68 0.00163257
4 0.000931425
4.32 0.000462745
4.64 0.000291479
