# f(v_x, v_y, v_z), v_z = const
# nv_x = 30, nv_y = 30, nv_z = 30
# n = 0.993966 , T = 2.29393 , E = 6.84027 , vec_p = {-1.59258e-015 -1.06747e-016 -8.70459e-017}
-4.64 0.000210923
-4.32 0.000377065
-4 0.000646895
-3.68 0.0010643
-3.36 0.00168082
-3.04 0.0025471
-2.72 0.00369627
-2.4 0.00515115
-2.08 0.00688828
-1.76 0.0088297
-1.44 0.0108446
-1.12 0.0127958
-0.8 0.0144688
-0.48 0.0157021
-0.16 0.0163605
0.16 0.0163555
0.48 0.0156993
0.8 0.0144736
1.12 0.0127949
1.44 0.0108544
1.76 0.00882932
2.08 0.00688322
2.4 0.00515608
2.72 0.0036961
3.04 0.00254509
3.36 0.00168016
3.68 0.00106431
4 0.000646576
4.32 0.000377005
4.64 0.000210977
