# f(v_x, v_y, v_z), v_z = const
# nv_x = 30, nv_y = 30, nv_z = 30
# n = 0.993966 , T = 2.29393 , E = 6.84027 , vec_p = {-2.83499e-016 -2.30098e-016 -1.14725e-016}
-4.64 0.000210949
-4.32 0.000376986
-4 0.000646447
-3.68 0.0010633
-3.36 0.00167791
-3.04 0.00254085
-2.72 0.00368976
-2.4 0.00514175
-2.08 0.00687338
-1.76 0.00881412
-1.44 0.0108401
-1.12 0.0127935
-0.8 0.0144837
-0.48 0.0157307
-0.16 0.0163945
0.16 0.0163937
0.48 0.0157294
0.8 0.014484
1.12 0.0127938
1.44 0.0108427
1.76 0.0088142
2.08 0.0068727
2.4 0.00514271
2.72 0.00368994
3.04 0.00254062
3.36 0.00167809
3.68 0.00106331
4 0.000646337
4.32 0.000377009
4.64 0.000210921
