# f(v_x, v_y, v_z), v_z = const
# nv_x = 30, nv_y = 30, nv_z = 30
# n = 0.993966 , T = 2.29393 , E = 6.84027 , vec_p = {1.72911e-015 1.10262e-016 -1.07965e-016}
-4.64 0.000210929
-4.32 0.000377026
-4 0.000646521
-3.68 0.00106356
-3.36 0.00167856
-3.04 0.0025424
-2.72 0.00369172
-2.4 0.00514425
-2.08 0.00687772
-1.76 0.00881876
-1.44 0.0108412
-1.12 0.0127936
-0.8 0.0144789
-0.48 0.0157209
-0.16 0.016384
0.16 0.0163828
0.48 0.0157209
0.8 0.014481
1.12 0.0127935
1.44 0.0108467
1.76 0.00881785
2.08 0.00687594
2.4 0.00514641
2.72 0.00369168
3.04 0.00254174
3.36 0.00167866
3.68 0.0010636
4 0.000646416
4.32 0.000376961
4.64 0.00021095
