# f(v_x, v_y, v_z), v_z = const
# nv_x = 30, nv_y = 30, nv_z = 30
# n = 0.993966 , T = 2.29393 , E = 6.84027 , vec_p = {2.60533e-015 -5.32516e-017 -6.2137e-018}
-4.64 0.000837945
-4.32 0.00190956
-4 0.00344615
-3.68 0.00690982
-3.36 0.0112766
-3.04 0.0170315
-2.72 0.022904
-2.4 0.027632
-2.08 0.0298443
-1.76 0.0286046
-1.44 0.0250842
-1.12 0.0196596
-0.8 0.0155987
-0.48 0.0111204
-0.16 0.00883633
0.16 0.00900969
0.48 0.0107268
0.8 0.0152384
1.12 0.019521
1.44 0.0247096
1.76 0.0290258
2.08 0.0280498
2.4 0.027491
2.72 0.0210991
3.04 0.0167298
3.36 0.01051
3.68 0.0071448
4 0.00385056
4.32 0.00182622
4.64 0.000865092
