# f(v_x, v_y, v_z), v_z = const
# nv_x = 30, nv_y = 30, nv_z = 30
# n = 0.993966 , T = 2.29393 , E = 6.84027 , vec_p = {-7.74293e-016 -5.10134e-017 -1.68228e-016}
-4.64 0.000210981
-4.32 0.000377025
-4 0.000646358
-3.68 0.00106309
-3.36 0.0016775
-3.04 0.00253949
-2.72 0.00368822
-2.4 0.00513906
-2.08 0.00686966
-1.76 0.00881014
-1.44 0.0108395
-1.12 0.0127947
-0.8 0.0144891
-0.48 0.0157415
-0.16 0.0164076
0.16 0.0164076
0.48 0.0157414
0.8 0.0144892
1.12 0.0127948
1.44 0.0108396
1.76 0.00881008
2.08 0.00686964
2.4 0.00513909
2.72 0.00368821
3.04 0.00253948
3.36 0.00167751
3.68 0.00106309
4 0.000646351
4.32 0.000377018
4.64 0.000210982
