# f(v_x, v_y, v_z), v_z = const
# nv_x = 30, nv_y = 30, nv_z = 30
# n = 0.993966 , T = 2.29393 , E = 6.84027 , vec_p = {4.41535e-015 2.66223e-017 -2.73919e-017}
-4.64 0.000213945
-4.32 0.000378699
-4 0.000663833
-3.68 0.0010956
-3.36 0.00174098
-3.04 0.00268768
-2.72 0.00387965
-2.4 0.0053416
-2.08 0.00718174
-1.76 0.00915917
-1.44 0.0110184
-1.12 0.0128724
-0.8 0.014382
-0.48 0.0153769
-0.16 0.0159314
0.16 0.0158729
0.48 0.0153377
0.8 0.0143617
1.12 0.0128796
1.44 0.0110722
1.76 0.00917106
2.08 0.00716378
2.4 0.0054306
2.72 0.00384187
3.04 0.00265118
3.36 0.00172645
3.68 0.00110404
4 0.000662555
4.32 0.000379639
4.64 0.000214414
