# f(v_x, v_y, v_z), v_z = const
# nv_x = 30, nv_y = 30, nv_z = 30
# n = 0.993966 , T = 2.29393 , E = 6.84027 , vec_p = {5.72776e-016 2.15579e-017 -1.61728e-017}
-4.64 0.000404369
-4.32 0.00065369
-4 0.00152475
-3.68 0.00281484
-3.36 0.00413297
-3.04 0.00701009
-2.72 0.00955625
-2.4 0.0123266
-2.08 0.0138792
-1.76 0.0172664
-1.44 0.0152515
-1.12 0.0150472
-0.8 0.0145174
-0.48 0.0126538
-0.16 0.0116953
0.16 0.0117223
0.48 0.0125751
0.8 0.014421
1.12 0.0156632
1.44 0.0157676
1.76 0.0158516
2.08 0.0148282
2.4 0.012706
2.72 0.00792002
3.04 0.0068289
3.36 0.00384534
3.68 0.00246182
4 0.00145036
4.32 0.00063769
4.64 0.000380158
