# f(v_x, v_y, v_z), v_z = const
# nv_x = 30, nv_y = 30, nv_z = 30
# n = 0.993966 , T = 2.29393 , E = 6.84027 , vec_p = {1.28073e-015 1.25882e-017 -1.28277e-016}
-4.64 0.000210946
-4.32 0.00037701
-4 0.000646352
-3.68 0.00106325
-3.36 0.00167777
-3.04 0.00254039
-2.72 0.00368921
-2.4 0.00514069
-2.08 0.00687226
-1.76 0.00881269
-1.44 0.0108397
-1.12 0.0127939
-0.8 0.0144852
-0.48 0.0157341
-0.16 0.016399
0.16 0.0163978
0.48 0.0157333
0.8 0.0144856
1.12 0.0127939
1.44 0.0108417
1.76 0.00881254
2.08 0.00687168
2.4 0.00514121
2.72 0.00368939
3.04 0.00254022
3.36 0.00167789
3.68 0.00106323
4 0.000646364
4.32 0.000377016
4.64 0.000210941
