# f(v_x, v_y, v_z), v_z = const
# nv_x = 30, nv_y = 30, nv_z = 30
# n = 0.993966 , T = 2.29393 , E = 6.84027 , vec_p = {2.83702e-015 1.14309e-018 -4.19784e-017}
-4.64 0.000221919
-4.32 0.000385135
-4 0.00069244
-3.68 0.0011489
-3.36 0.00181941
-3.04 0.00288228
-2.72 0.00416945
-2.4 0.00566539
-2.08 0.00761088
-1.76 0.00970731
-1.44 0.0113343
-1.12 0.0130071
-0.8 0.0143614
-0.48 0.0150151
-0.16 0.0154829
0.16 0.0154016
0.48 0.0150187
0.8 0.0142773
1.12 0.0130624
1.44 0.0113949
1.76 0.0097466
2.08 0.00764199
2.4 0.00585868
2.72 0.00408658
3.04 0.00284174
3.36 0.00180288
3.68 0.0011498
4 0.000688039
4.32 0.000388687
4.64 0.000222895
