# f(v_x, v_y, v_z), v_z = const
# nv_x = 30, nv_y = 30, nv_z = 30
# n = 0.993966 , T = 2.29393 , E = 6.84027 , vec_p = {9.86265e-016 -1.72719e-016 -9.41824e-018}
-4.64 0.000228826
-4.32 0.000399976
-4 0.000724498
-3.68 0.00119752
-3.36 0.00189917
-3.04 0.00311818
-2.72 0.00445798
-2.4 0.00599462
-2.08 0.00801405
-1.76 0.0100713
-1.44 0.0115795
-1.12 0.0132398
-0.8 0.0143775
-0.48 0.0148153
-0.16 0.015167
0.16 0.0150453
0.48 0.0147749
0.8 0.0141916
1.12 0.0131916
1.44 0.0116605
1.76 0.0100703
2.08 0.00801569
2.4 0.00622621
2.72 0.00425613
3.04 0.00299556
3.36 0.00186372
3.68 0.00120868
4 0.000709542
4.32 0.000397699
4.64 0.000228908
