# f(v_x, v_y, v_z), v_z = const
# nv_x = 30, nv_y = 30, nv_z = 30
# n = 0.993966 , T = 2.29393 , E = 6.84027 , vec_p = {2.24157e-015 -6.98348e-017 -1.18459e-016}
-4.64 0.00021097
-4.32 0.00037702
-4 0.00064636
-3.68 0.00106312
-3.36 0.00167758
-3.04 0.00253969
-2.72 0.00368854
-2.4 0.0051395
-2.08 0.00687045
-1.76 0.0088108
-1.44 0.0108397
-1.12 0.0127943
-0.8 0.0144879
-0.48 0.0157392
-0.16 0.016405
0.16 0.0164046
0.48 0.015739
0.8 0.0144881
1.12 0.0127946
1.44 0.0108401
1.76 0.00881073
2.08 0.00687011
2.4 0.00513959
2.72 0.00368848
3.04 0.00253968
3.36 0.00167758
3.68 0.00106312
4 0.000646334
4.32 0.000377014
4.64 0.00021097
