# f(v_x, v_y, v_z), v_z = const
# nv_x = 30, nv_y = 30, nv_z = 30
# n = 0.993966 , T = 2.29393 , E = 6.84027 , vec_p = {1.53797e-017 -1.7513e-016 -3.84484e-017}
-4.64 0.000218298
-4.32 0.000382119
-4 0.000676772
-3.68 0.00112338
-3.36 0.0017844
-3.04 0.00278566
-2.72 0.00402692
-2.4 0.0055231
-2.08 0.00738867
-1.76 0.00944725
-1.44 0.0112003
-1.12 0.0129606
-0.8 0.0143566
-0.48 0.015175
-0.16 0.015691
0.16 0.0156063
0.48 0.0151653
0.8 0.0143218
1.12 0.0129702
1.44 0.0112492
1.76 0.00945485
2.08 0.00740605
2.4 0.00564095
2.72 0.0039731
3.04 0.00274632
3.36 0.00177125
3.68 0.00112823
4 0.000674143
4.32 0.000384843
4.64 0.000218531
