# f(v_x, v_y, v_z), v_z = const
# nv_x = 30, nv_y = 30, nv_z = 30
# n = 0.993966 , T = 2.29393 , E = 6.84027 , vec_p = {-5.60019e-015 1.23419e-016 -9.4329e-017}
-4.64 0.000210897
-4.32 0.00037703
-4 0.00064678
-3.68 0.00106418
-3.36 0.00168006
-3.04 0.00254598
-2.72 0.00369536
-2.4 0.00514971
-2.08 0.00688595
-1.76 0.00882694
-1.44 0.0108433
-1.12 0.0127945
-0.8 0.0144713
-0.48 0.0157064
-0.16 0.0163658
0.16 0.0163632
0.48 0.0157051
0.8 0.0144758
1.12 0.0127931
1.44 0.0108525
1.76 0.00882606
2.08 0.00688104
2.4 0.00515293
2.72 0.00369451
3.04 0.002544
3.36 0.00167975
3.68 0.00106407
4 0.000646548
4.32 0.000376922
4.64 0.000210982
