# f(v_x, v_y, v_z), v_z = const
# nv_x = 30, nv_y = 30, nv_z = 30
# n = 0.993966 , T = 2.29393 , E = 6.84027 , vec_p = {-3.85574e-015 -2.55863e-016 -7.03886e-017}
-4.64 0.000211448
-4.32 0.000378113
-4 0.000650193
-3.68 0.00107053
-3.36 0.00169158
-3.04 0.00257918
-2.72 0.00372718
-2.4 0.00519282
-2.08 0.00696832
-1.76 0.008913
-1.44 0.0108745
-1.12 0.0128081
-0.8 0.0144332
-0.48 0.0156084
-0.16 0.0162435
0.16 0.0162184
0.48 0.0155844
0.8 0.0144375
1.12 0.012813
1.44 0.0109126
1.76 0.00890356
2.08 0.00695183
2.4 0.0052211
2.72 0.00373358
3.04 0.00256806
3.36 0.001691
3.68 0.00107147
4 0.00064944
4.32 0.000377265
4.64 0.000211588
