# f(v_x, v_y, v_z), v_z = const
# nv_x = 30, nv_y = 30, nv_z = 30
# n = 0.993966 , T = 2.29393 , E = 6.84027 , vec_p = {7.67322e-016 -5.45342e-017 -1.1747e-017}
-4.64 0.000579379
-4.32 0.00103977
-4 0.00237921
-3.68 0.00465793
-3.36 0.00679514
-3.04 0.0112269
-2.72 0.0145559
-2.4 0.0187732
-2.08 0.0192265
-1.76 0.0218763
-1.44 0.0186092
-1.12 0.0170439
-0.8 0.0148
-0.48 0.0117179
-0.16 0.0100136
0.16 0.010054
0.48 0.0114379
0.8 0.0143732
1.12 0.017205
1.44 0.0191821
1.76 0.0213414
2.08 0.0202711
2.4 0.0184542
2.72 0.0118633
3.04 0.0103151
3.36 0.00616288
3.68 0.00392277
4 0.0023758
4.32 0.00112123
4.64 0.000567679
