# f(v_x, v_y, v_z), v_z = const
# nv_x = 30, nv_y = 30, nv_z = 30
# n = 0.993966 , T = 2.29393 , E = 6.84027 , vec_p = {2.2398e-015 1.18636e-016 -1.55807e-016}
-4.64 0.000210979
-4.32 0.000377026
-4 0.000646356
-3.68 0.0010631
-3.36 0.00167752
-3.04 0.00253952
-2.72 0.00368829
-2.4 0.00513915
-2.08 0.00686983
-1.76 0.00881026
-1.44 0.0108395
-1.12 0.0127946
-0.8 0.0144888
-0.48 0.015741
-0.16 0.016407
0.16 0.0164069
0.48 0.0157408
0.8 0.0144889
1.12 0.0127947
1.44 0.0108397
1.76 0.00881026
2.08 0.00686973
2.4 0.00513919
2.72 0.00368826
3.04 0.00253953
3.36 0.00167751
3.68 0.0010631
4 0.000646347
4.32 0.000377014
4.64 0.000210979
