# f(v_x, v_y, v_z), v_z = const
# nv_x = 30, nv_y = 30, nv_z = 30
# n = 0.993966 , T = 2.29393 , E = 6.84027 , vec_p = {5.48046e-015 -1.13285e-016 -3.06617e-017}
-4.64 0.000353668
-4.32 0.000551681
-4 0.00116298
-3.68 0.00218929
-3.36 0.00318345
-3.04 0.00544371
-2.72 0.00742492
-2.4 0.0099573
-2.08 0.0121586
-1.76 0.0151898
-1.44 0.0140733
-1.12 0.0143024
-0.8 0.0142524
-0.48 0.0134155
-0.16 0.012823
0.16 0.0125311
0.48 0.0131205
0.8 0.014276
1.12 0.0146567
1.44 0.014541
1.76 0.0133102
2.08 0.0128674
2.4 0.010261
2.72 0.00658244
3.04 0.0051872
3.36 0.0030082
3.68 0.00197376
4 0.00113267
4.32 0.000535185
4.64 0.000331459
