# f(v_x, v_y, v_z), v_z = const
# nv_x = 30, nv_y = 30, nv_z = 30
# n = 0.993966 , T = 2.29393 , E = 6.84027 , vec_p = {-1.44033e-015 -3.58824e-017 -2.13931e-017}
-4.64 0.000378905
-4.32 0.000575439
-4 0.00134975
-3.68 0.00249471
-3.36 0.00361701
-3.04 0.00599809
-2.72 0.00840521
-2.4 0.011194
-2.08 0.0127067
-1.76 0.0162266
-1.44 0.0145914
-1.12 0.0146873
-0.8 0.0145407
-0.48 0.0129827
-0.16 0.0123388
0.16 0.0121674
0.48 0.0129276
0.8 0.0143817
1.12 0.0150961
1.44 0.0150099
1.76 0.0141976
2.08 0.0137953
2.4 0.0113369
2.72 0.00705738
3.04 0.00611572
3.36 0.00333916
3.68 0.00215695
4 0.00125736
4.32 0.000593723
4.64 0.000354468
