# f(v_x, v_y, v_z), v_z = const
# nv_x = 30, nv_y = 30, nv_z = 30
# n = 0.993966 , T = 2.29393 , E = 6.84027 , vec_p = {3.21999e-015 6.45164e-017 -1.7943e-017}
-4.64 0.000278776
-4.32 0.000451425
-4 0.000906959
-3.68 0.00165294
-3.36 0.00252122
-3.04 0.00413651
-2.72 0.00602107
-2.4 0.00789824
-2.08 0.0102768
-1.76 0.0124349
-1.44 0.0128753
-1.12 0.0139046
-0.8 0.0143226
-0.48 0.0141601
-0.16 0.0138241
0.16 0.0136346
0.48 0.0139333
0.8 0.0141169
1.12 0.01376
1.44 0.0130227
1.76 0.0119099
2.08 0.0103653
2.4 0.0084184
2.72 0.00525518
3.04 0.00395016
3.36 0.00240588
3.68 0.0015212
4 0.000891256
4.32 0.000449881
4.64 0.00028449
