# f(v_x, v_y, v_z), v_z = const
# nv_x = 30, nv_y = 30, nv_z = 30
# n = 0.993966 , T = 2.29393 , E = 6.84027 , vec_p = {-1.90272e-015 5.76534e-017 -8.09108e-017}
-4.64 0.000211241
-4.32 0.00037784
-4 0.000649163
-3.68 0.00106866
-3.36 0.00168861
-3.04 0.00257093
-2.72 0.00372053
-2.4 0.00517937
-2.08 0.00694805
-1.76 0.00889322
-1.44 0.0108671
-1.12 0.0128075
-0.8 0.0144418
-0.48 0.0156237
-0.16 0.016269
0.16 0.0162486
0.48 0.0156088
0.8 0.0144439
1.12 0.0128061
1.44 0.0108979
1.76 0.00888321
2.08 0.0069298
2.4 0.00520043
2.72 0.00372597
3.04 0.00256287
3.36 0.00168791
3.68 0.00107004
4 0.000648875
4.32 0.000377219
4.64 0.000211431
