# f(v_x, v_y, v_z), v_z = const
# nv_x = 30, nv_y = 30, nv_z = 30
# n = 0.993966 , T = 2.29393 , E = 6.84027 , vec_p = {-3.44366e-015 1.99023e-017 -8.81037e-017}
-4.64 0.000210956
-4.32 0.000377075
-4 0.000647112
-3.68 0.00106463
-3.36 0.00168147
-3.04 0.00254853
-2.72 0.00369861
-2.4 0.00515398
-2.08 0.00689263
-1.76 0.00883492
-1.44 0.0108466
-1.12 0.0127954
-0.8 0.0144664
-0.48 0.0156935
-0.16 0.0163511
0.16 0.016346
0.48 0.0156916
0.8 0.0144704
1.12 0.0127954
1.44 0.0108586
1.76 0.00883454
2.08 0.00688669
2.4 0.00515953
2.72 0.00369819
3.04 0.00254708
3.36 0.0016805
3.68 0.00106471
4 0.000646809
4.32 0.00037709
4.64 0.00021101
