# f(v_x, v_y, v_z), v_z = const
# nv_x = 30, nv_y = 30, nv_z = 30
# n = 0.993966 , T = 2.29393 , E = 6.84027 , vec_p = {2.01286e-015 1.31413e-016 -1.0618e-016}
-4.64 0.000210949
-4.32 0.000376992
-4 0.000646409
-3.68 0.00106328
-3.36 0.00167791
-3.04 0.0025407
-2.72 0.00368962
-2.4 0.0051415
-2.08 0.00687326
-1.76 0.00881381
-1.44 0.01084
-1.12 0.0127936
-0.8 0.014484
-0.48 0.0157316
-0.16 0.0163956
0.16 0.0163946
0.48 0.0157303
0.8 0.0144844
1.12 0.0127939
1.44 0.0108424
1.76 0.00881375
2.08 0.00687257
2.4 0.00514241
2.72 0.00368974
3.04 0.00254052
3.36 0.00167803
3.68 0.0010633
4 0.000646372
4.32 0.000377013
4.64 0.000210924
