# f(v_x, v_y, v_z), v_z = const
# nv_x = 30, nv_y = 30, nv_z = 30
# n = 0.993966 , T = 2.29393 , E = 6.84027 , vec_p = {-1.38022e-015 -8.31699e-017 -6.52802e-017}
-4.64 0.000211079
-4.32 0.000377216
-4 0.000647692
-3.68 0.00106633
-3.36 0.00168442
-3.04 0.00255622
-2.72 0.0037072
-2.4 0.00516749
-2.08 0.00691157
-1.76 0.00885862
-1.44 0.0108526
-1.12 0.0127991
-0.8 0.0144545
-0.48 0.0156633
-0.16 0.0163162
0.16 0.0163036
0.48 0.0156543
0.8 0.0144597
1.12 0.0128002
1.44 0.0108706
1.76 0.00885294
2.08 0.00690145
2.4 0.00517602
2.72 0.00370582
3.04 0.00255349
3.36 0.00168382
3.68 0.00106692
4 0.000647689
4.32 0.000377201
4.64 0.000211168
