# f(v_x, v_y, v_z), v_z = const
# nv_x = 30, nv_y = 30, nv_z = 30
# n = 0.993966 , T = 2.29393 , E = 6.84027 , vec_p = {-1.80728e-015 6.79101e-017 -7.32094e-017}
-4.64 0.000211129
-4.32 0.000377396
-4 0.000647907
-3.68 0.00106677
-3.36 0.00168616
-3.04 0.00256094
-2.72 0.00371414
-2.4 0.00517229
-2.08 0.00692849
-1.76 0.00887078
-1.44 0.0108589
-1.12 0.0128046
-0.8 0.0144502
-0.48 0.0156501
-0.16 0.0162965
0.16 0.0162824
0.48 0.0156352
0.8 0.0144536
1.12 0.0128026
1.44 0.0108793
1.76 0.0088633
2.08 0.00691485
2.4 0.00518748
2.72 0.0037118
3.04 0.00255627
3.36 0.00168557
3.68 0.00106849
4 0.000647901
4.32 0.000377258
4.64 0.000211229
