# f(v_x, v_y, v_z), v_z = const
# nv_x = 30, nv_y = 30, nv_z = 30
# n = 0.993966 , T = 2.29393 , E = 6.84027 , vec_p = {-2.67239e-015 3.86002e-018 -8.80096e-018}
-4.64 0.000551614
-4.32 0.000939288
-4 0.00216881
-3.68 0.00409704
-3.36 0.00595018
-3.04 0.00999864
-2.72 0.0136681
-2.4 0.0172654
-2.08 0.0176123
-1.76 0.0204181
-1.44 0.0175822
-1.12 0.016529
-0.8 0.0148357
-0.48 0.0119974
-0.16 0.0103245
0.16 0.0104772
0.48 0.0116908
0.8 0.0140145
1.12 0.0167952
1.44 0.0180508
1.76 0.0198403
2.08 0.0189599
2.4 0.0169011
2.72 0.0103299
3.04 0.00902878
3.36 0.00563511
3.68 0.0036574
4 0.00211477
4.32 0.000927032
4.64 0.000527436
