# f(v_x, v_y, v_z), v_z = const
# nv_x = 30, nv_y = 30, nv_z = 30
# n = 0.993966 , T = 2.29393 , E = 6.84027 , vec_p = {1.71415e-015 -7.4329e-017 -1.04185e-016}
-4.64 0.000210928
-4.32 0.000377027
-4 0.000646532
-3.68 0.00106349
-3.36 0.00167846
-3.04 0.0025421
-2.72 0.00369127
-2.4 0.00514372
-2.08 0.00687696
-1.76 0.00881774
-1.44 0.0108412
-1.12 0.0127933
-0.8 0.0144795
-0.48 0.0157227
-0.16 0.0163857
0.16 0.0163842
0.48 0.015722
0.8 0.0144815
1.12 0.0127937
1.44 0.0108461
1.76 0.00881734
2.08 0.00687538
2.4 0.00514577
2.72 0.00369135
3.04 0.00254156
3.36 0.00167853
3.68 0.00106355
4 0.000646413
4.32 0.000376977
4.64 0.000210943
