# f(v_x, v_y, v_z), v_z = const
# nv_x = 30, nv_y = 30, nv_z = 30
# n = 0.993966 , T = 2.29393 , E = 6.84027 , vec_p = {-3.29997e-015 -8.99281e-018 -1.92513e-017}
-4.64 0.000253244
-4.32 0.000423529
-4 0.000790387
-3.68 0.00137563
-3.36 0.00219084
-3.04 0.00363748
-2.72 0.00510257
-2.4 0.00677057
-2.08 0.00904945
-1.76 0.0112626
-1.44 0.0120869
-1.12 0.0135162
-0.8 0.0144503
-0.48 0.0144191
-0.16 0.0143719
0.16 0.0143388
0.48 0.014409
0.8 0.0140874
1.12 0.0134657
1.44 0.012497
1.76 0.0110036
2.08 0.0089652
2.4 0.00729314
2.72 0.00474783
3.04 0.00337301
3.36 0.00213316
3.68 0.00131061
4 0.000784153
4.32 0.000415715
4.64 0.000253716
