# f(v_x, v_y, v_z), v_z = const
# nv_x = 30, nv_y = 30, nv_z = 30
# n = 0.993966 , T = 2.29393 , E = 6.84027 , vec_p = {4.90289e-016 5.12363e-017 -3.01448e-017}
-4.64 0.000213153
-4.32 0.000377929
-4 0.000661659
-3.68 0.00109108
-3.36 0.00173043
-3.04 0.00266789
-2.72 0.00385968
-2.4 0.00532282
-2.08 0.00714595
-1.76 0.00911898
-1.44 0.0110013
-1.12 0.0128685
-0.8 0.0143844
-0.48 0.0154157
-0.16 0.0159785
0.16 0.0159369
0.48 0.0153729
0.8 0.0143672
1.12 0.012873
1.44 0.0110469
1.76 0.00912806
2.08 0.00712899
2.4 0.00540041
2.72 0.00382798
3.04 0.00264265
3.36 0.00171808
3.68 0.00109887
4 0.000659699
4.32 0.000379148
4.64 0.000213966
