# f(v_x, v_y, v_z), v_z = const
# nv_x = 30, nv_y = 30, nv_z = 30
# n = 0.993966 , T = 2.29393 , E = 6.84027 , vec_p = {7.95524e-017 -8.78462e-017 -7.24909e-017}
-4.64 0.000211301
-4.32 0.000377841
-4 0.00064935
-3.68 0.00106858
-3.36 0.00168952
-3.04 0.00257205
-2.72 0.00372211
-2.4 0.00518047
-2.08 0.00695125
-1.76 0.00889516
-1.44 0.0108688
-1.12 0.012808
-0.8 0.0144408
-0.48 0.0156218
-0.16 0.0162643
0.16 0.0162427
0.48 0.0156027
0.8 0.0144416
1.12 0.012808
1.44 0.0108996
1.76 0.00888727
2.08 0.00693406
2.4 0.00520183
2.72 0.00372732
3.04 0.00256354
3.36 0.00168872
3.68 0.00107032
4 0.000648764
4.32 0.000377319
4.64 0.000211459
