# f(v_x, v_y, v_z), v_z = const
# nv_x = 30, nv_y = 30, nv_z = 30
# n = 0.993966 , T = 2.29393 , E = 6.84027 , vec_p = {-4.11544e-015 8.51186e-017 -1.57876e-016}
-4.64 0.000210978
-4.32 0.000377026
-4 0.000646354
-3.68 0.0010631
-3.36 0.00167752
-3.04 0.00253953
-2.72 0.00368829
-2.4 0.00513917
-2.08 0.00686986
-1.76 0.00881028
-1.44 0.0108395
-1.12 0.0127946
-0.8 0.0144888
-0.48 0.0157409
-0.16 0.0164069
0.16 0.0164069
0.48 0.0157407
0.8 0.0144889
1.12 0.0127947
1.44 0.0108398
1.76 0.00881028
2.08 0.00686975
2.4 0.00513921
2.72 0.00368826
3.04 0.00253954
3.36 0.00167751
3.68 0.0010631
4 0.000646345
4.32 0.000377015
4.64 0.000210979
