# f(v_x, v_y, v_z), v_z = const
# nv_x = 30, nv_y = 30, nv_z = 30
# n = 0.993966 , T = 2.29393 , E = 6.84027 , vec_p = {-5.13474e-016 7.35048e-017 -1.11546e-016}
-4.64 0.000210944
-4.32 0.000376974
-4 0.000646456
-3.68 0.00106337
-3.36 0.00167811
-3.04 0.0025412
-2.72 0.00369016
-2.4 0.00514221
-2.08 0.00687429
-1.76 0.00881505
-1.44 0.0108404
-1.12 0.0127933
-0.8 0.0144827
-0.48 0.0157289
-0.16 0.0163922
0.16 0.0163913
0.48 0.0157276
0.8 0.0144835
1.12 0.0127937
1.44 0.0108434
1.76 0.00881521
2.08 0.00687344
2.4 0.00514354
2.72 0.00369015
3.04 0.00254086
3.36 0.00167819
3.68 0.00106333
4 0.000646363
4.32 0.000377002
4.64 0.000210934
