# f(v_x, v_y, v_z), v_z = const
# nv_x = 30, nv_y = 30, nv_z = 30
# n = 0.993966 , T = 2.29393 , E = 6.84027 , vec_p = {-1.69024e-016 2.11839e-016 -1.49081e-016}
-4.64 0.000210977
-4.32 0.000377025
-4 0.000646358
-3.68 0.00106311
-3.36 0.00167754
-3.04 0.00253956
-2.72 0.00368834
-2.4 0.00513922
-2.08 0.00686995
-1.76 0.00881039
-1.44 0.0108395
-1.12 0.0127946
-0.8 0.0144886
-0.48 0.0157405
-0.16 0.0164065
0.16 0.0164064
0.48 0.0157403
0.8 0.0144888
1.12 0.0127947
1.44 0.0108398
1.76 0.00881036
2.08 0.00686981
2.4 0.0051393
2.72 0.0036883
3.04 0.00253957
3.36 0.00167753
3.68 0.00106311
4 0.000646347
4.32 0.000377011
4.64 0.000210974
