# f(v_x, v_y, v_z), v_z = const
# nv_x = 30, nv_y = 30, nv_z = 30
# n = 0.993966 , T = 2.29393 , E = 6.84027 , vec_p = {-3.98295e-016 -1.79846e-016 -2.73803e-017}
-4.64 0.000259566
-4.32 0.000435853
-4 0.000840203
-3.68 0.00146853
-3.36 0.00231865
-3.04 0.00383307
-2.72 0.00546241
-2.4 0.00721548
-2.08 0.00975693
-1.76 0.0118049
-1.44 0.012435
-1.12 0.0137163
-0.8 0.0144283
-0.48 0.0142699
-0.16 0.0141121
0.16 0.0140875
0.48 0.0142069
0.8 0.014056
1.12 0.0135958
1.44 0.0127048
1.76 0.0113346
2.08 0.00944256
2.4 0.00767563
2.72 0.00495414
3.04 0.00355511
3.36 0.00222843
3.68 0.00138323
4 0.000833228
4.32 0.000428763
4.64 0.000268197
