# f(v_x, v_y, v_z), v_z = const
# nv_x = 30, nv_y = 30, nv_z = 30
# n = 0.993966 , T = 2.29393 , E = 6.84027 , vec_p = {-2.18538e-016 -1.09274e-016 -9.10618e-017}
-4.64 0.000210908
-4.32 0.000377043
-4 0.000646823
-3.68 0.00106426
-3.36 0.00168063
-3.04 0.00254701
-2.72 0.00369613
-2.4 0.00515082
-2.08 0.00688743
-1.76 0.00882843
-1.44 0.010844
-1.12 0.012795
-0.8 0.0144698
-0.48 0.0157035
-0.16 0.0163617
0.16 0.0163571
0.48 0.0157013
0.8 0.014474
1.12 0.012794
1.44 0.010854
1.76 0.00882823
2.08 0.00688293
2.4 0.00515539
2.72 0.00369582
3.04 0.00254486
3.36 0.00168012
3.68 0.00106425
4 0.000646509
4.32 0.000376981
4.64 0.000210985
