# f(v_x, v_y, v_z), v_z = const
# nv_x = 30, nv_y = 30, nv_z = 30
# n = 0.993966 , T = 2.29393 , E = 6.84027 , vec_p = {1.93909e-015 2.14154e-016 -1.6948e-016}
-4.64 0.000210981
-4.32 0.000377026
-4 0.000646356
-3.68 0.0010631
-3.36 0.00167751
-3.04 0.00253951
-2.72 0.00368827
-2.4 0.00513911
-2.08 0.00686978
-1.76 0.0088102
-1.44 0.0108395
-1.12 0.0127947
-0.8 0.0144889
-0.48 0.0157411
-0.16 0.0164072
0.16 0.0164072
0.48 0.015741
0.8 0.014489
1.12 0.0127947
1.44 0.0108397
1.76 0.00881021
2.08 0.00686971
2.4 0.00513916
2.72 0.00368824
3.04 0.00253951
3.36 0.00167751
3.68 0.00106309
4 0.000646345
4.32 0.000377015
4.64 0.00021098
