# f(v_x, v_y, v_z), v_z = const
# nv_x = 30, nv_y = 30, nv_z = 30
# n = 0.993966 , T = 2.29393 , E = 6.84027 , vec_p = {-7.73316e-016 1.58439e-016 -9.85789e-017}
-4.64 0.000210889
-4.32 0.000377021
-4 0.00064676
-3.68 0.00106411
-3.36 0.00167976
-3.04 0.00254573
-2.72 0.00369496
-2.4 0.00514908
-2.08 0.00688514
-1.76 0.00882628
-1.44 0.0108432
-1.12 0.0127947
-0.8 0.0144718
-0.48 0.0157075
-0.16 0.0163673
0.16 0.0163649
0.48 0.0157065
0.8 0.0144757
1.12 0.0127933
1.44 0.0108519
1.76 0.00882542
2.08 0.00687994
2.4 0.00515257
2.72 0.0036942
3.04 0.00254386
3.36 0.00167961
3.68 0.00106408
4 0.000646515
4.32 0.000376909
4.64 0.000210981
