# f(v_x, v_y, v_z), v_z = const
# nv_x = 30, nv_y = 30, nv_z = 30
# n = 0.993966 , T = 2.29393 , E = 6.84027 , vec_p = {-1.02315e-015 -6.41354e-018 -8.39528e-017}
-4.64 0.00021099
-4.32 0.000377183
-4 0.000647164
-3.68 0.00106537
-3.36 0.00168232
-3.04 0.00255137
-2.72 0.00370198
-2.4 0.0051585
-2.08 0.00689931
-1.76 0.00884304
-1.44 0.0108487
-1.12 0.0127981
-0.8 0.0144627
-0.48 0.0156817
-0.16 0.0163377
0.16 0.016331
0.48 0.0156787
0.8 0.0144666
1.12 0.012796
1.44 0.0108643
1.76 0.00884086
2.08 0.00689358
2.4 0.00516477
2.72 0.00370086
3.04 0.00254908
3.36 0.00168155
3.68 0.00106549
4 0.000647055
4.32 0.000377244
4.64 0.000211074
