# f(v_x, v_y, v_z), v_z = const
# nv_x = 30, nv_y = 30, nv_z = 30
# n = 0.993966 , T = 2.29393 , E = 6.84027 , vec_p = {-6.48839e-016 -1.74448e-016 -1.07251e-016}
-4.64 0.000210951
-4.32 0.000376987
-4 0.000646428
-3.68 0.00106341
-3.36 0.00167823
-3.04 0.0025415
-2.72 0.00369046
-2.4 0.00514273
-2.08 0.00687532
-1.76 0.0088159
-1.44 0.0108405
-1.12 0.0127935
-0.8 0.0144816
-0.48 0.0157268
-0.16 0.0163899
0.16 0.016389
0.48 0.0157258
0.8 0.0144829
1.12 0.0127939
1.44 0.0108443
1.76 0.00881583
2.08 0.0068741
2.4 0.00514436
2.72 0.00369041
3.04 0.00254124
3.36 0.00167827
3.68 0.00106339
4 0.000646352
4.32 0.000377014
4.64 0.000210939
