# f(v_x, v_y, v_z), v_z = const
# nv_x = 30, nv_y = 30, nv_z = 30
# n = 0.993966 , T = 2.29393 , E = 6.84027 , vec_p = {-3.8468e-015 3.12568e-017 1.00773e-017}
-4.64 0.000541377
-4.32 0.00105051
-4 0.00215979
-3.68 0.0040301
-3.36 0.00666302
-3.04 0.0103445
-2.72 0.014075
-2.4 0.0172706
-2.08 0.0197964
-1.76 0.0206772
-1.44 0.0196781
-1.12 0.0171256
-0.8 0.014001
-0.48 0.0115789
-0.16 0.0100507
0.16 0.00999745
0.48 0.0114476
0.8 0.0138034
1.12 0.0168476
1.44 0.0194535
1.76 0.0201309
2.08 0.0195195
2.4 0.0175025
2.72 0.0143802
3.04 0.00996086
3.36 0.00673093
3.68 0.00401171
4 0.00214
4.32 0.00106665
4.64 0.00053501
