# f(v_x, v_y, v_z), v_z = const
# nv_x = 30, nv_y = 30, nv_z = 30
# n = 0.993966 , T = 2.29393 , E = 6.84027 , vec_p = {9.21041e-016 8.27347e-017 -9.47575e-017}
-4.64 0.000306972
-4.32 0.00053621
-4 0.00102907
-3.68 0.00187696
-3.36 0.00314579
-3.04 0.00496577
-2.72 0.00700193
-2.4 0.00944817
-2.08 0.0115606
-1.76 0.013225
-1.44 0.0143267
-1.12 0.0142504
-0.8 0.0137763
-0.48 0.0133275
-0.16 0.0129928
0.16 0.0129124
0.48 0.0133595
0.8 0.013734
1.12 0.0142356
1.44 0.014172
1.76 0.0130707
2.08 0.0114938
2.4 0.00928376
2.72 0.00706199
3.04 0.00480916
3.36 0.00309003
3.68 0.00189835
4 0.00102334
4.32 0.00054576
4.64 0.000305974
