# f(v_x, v_y, v_z), v_z = const
# nv_x = 30, nv_y = 30, nv_z = 30
# n = 0.993966 , T = 2.29393 , E = 6.84027 , vec_p = {-1.05943e-015 7.96767e-017 2.00338e-017}
-4.64 0.000809983
-4.32 0.00173354
-4 0.00346537
-3.68 0.00632442
-3.36 0.0103736
-3.04 0.0153955
-2.72 0.0205633
-2.4 0.0247314
-2.08 0.0270199
-1.76 0.0269771
-1.44 0.0242943
-1.12 0.0197834
-0.8 0.0148493
-0.48 0.0109945
-0.16 0.00880609
0.16 0.00886054
0.48 0.0109646
0.8 0.014872
1.12 0.0193595
1.44 0.0240626
1.76 0.0261953
2.08 0.0269169
2.4 0.0251768
2.72 0.0206841
3.04 0.0152428
3.36 0.0102777
3.68 0.00626384
4 0.00340823
4.32 0.001722
4.64 0.000797161
