# f(v_x, v_y, v_z), v_z = const
# nv_x = 30, nv_y = 30, nv_z = 30
# n = 0.993966 , T = 2.29393 , E = 6.84027 , vec_p = {2.62585e-016 3.12847e-016 -2.61302e-017}
-4.64 0.000375354
-4.32 0.000667876
-4 0.0013296
-3.68 0.00245625
-3.36 0.00407085
-3.04 0.00643836
-2.72 0.00902284
-2.4 0.0119138
-2.08 0.014028
-1.76 0.0156125
-1.44 0.0160839
-1.12 0.0150298
-0.8 0.0138704
-0.48 0.0125791
-0.16 0.0118514
0.16 0.0117736
0.48 0.0125192
0.8 0.0136677
1.12 0.0151379
1.44 0.0159049
1.76 0.0153065
2.08 0.0139699
2.4 0.0116704
2.72 0.0091891
3.04 0.00623478
3.36 0.00410718
3.68 0.00245818
4 0.00132403
4.32 0.000676207
4.64 0.00036815
