# f(v_x, v_y, v_z), v_z = const
# nv_x = 30, nv_y = 30, nv_z = 30
# n = 0.993966 , T = 2.29393 , E = 6.84027 , vec_p = {2.96031e-015 2.59472e-016 1.39044e-018}
-4.64 0.000411216
-4.32 0.000742569
-4 0.00149968
-3.68 0.00279898
-3.36 0.00466721
-3.04 0.00737314
-2.72 0.0102424
-2.4 0.013099
-2.08 0.0154516
-1.76 0.0167865
-1.44 0.0169082
-1.12 0.0154202
-0.8 0.013849
-0.48 0.0122815
-0.16 0.0113887
0.16 0.0112726
0.48 0.0121971
0.8 0.0136286
1.12 0.015424
1.44 0.0167105
1.76 0.0163776
2.08 0.0153139
2.4 0.0129903
2.72 0.0103865
3.04 0.00714198
3.36 0.00468388
3.68 0.0028256
4 0.00147974
4.32 0.000754424
4.64 0.000401324
