# f(v_x, v_y, v_z), v_z = const
# nv_x = 30, nv_y = 30, nv_z = 30
# n = 0.993966 , T = 2.29393 , E = 6.84027 , vec_p = {-3.37984e-015 1.36747e-016 -1.09638e-016}
-4.64 0.000301286
-4.32 0.000526586
-4 0.000996169
-3.68 0.00182731
-3.36 0.00306457
-3.04 0.00484179
-2.72 0.00683495
-2.4 0.00925169
-2.08 0.0113678
-1.76 0.013056
-1.44 0.014184
-1.12 0.0141929
-0.8 0.0138157
-0.48 0.0133908
-0.16 0.0130841
0.16 0.0130234
0.48 0.013414
0.8 0.0137534
1.12 0.0141852
1.44 0.0140439
1.76 0.012898
2.08 0.0112756
2.4 0.00908173
2.72 0.00688446
3.04 0.0046894
3.36 0.00300522
3.68 0.00185415
4 0.000997985
4.32 0.000534772
4.64 0.000300797
