# f(v_x, v_y, v_z), v_z = const
# nv_x = 30, nv_y = 30, nv_z = 30
# n = 0.993966 , T = 2.29393 , E = 6.84027 , vec_p = {2.85068e-015 1.18848e-016 -1.00346e-016}
-4.64 0.000300221
-4.32 0.000525552
-4 0.000988604
-3.68 0.00181893
-3.36 0.00305104
-3.04 0.00482209
-2.72 0.00680189
-2.4 0.00920417
-2.08 0.011306
-1.76 0.0130234
-1.44 0.014136
-1.12 0.014164
-0.8 0.0138277
-0.48 0.0134166
-0.16 0.0131124
0.16 0.0130511
0.48 0.0134304
0.8 0.0137517
1.12 0.0141567
1.44 0.0140159
1.76 0.0128528
2.08 0.0112302
2.4 0.00905799
2.72 0.00686057
3.04 0.00466186
3.36 0.00298906
3.68 0.00184457
4 0.000992065
4.32 0.000534063
4.64 0.000299209
