# f(v_x, v_y, v_z), v_z = const
# nv_x = 30, nv_y = 30, nv_z = 30
# n = 0.993966 , T = 2.29393 , E = 6.84027 , vec_p = {-1.87902e-015 -4.17852e-017 -4.52971e-018}
-4.64 0.000854544
-4.32 0.0018041
-4 0.00368862
-3.68 0.00669843
-3.36 0.0109611
-3.04 0.0161067
-2.72 0.0213422
-2.4 0.0259377
-2.08 0.0280281
-1.76 0.0279395
-1.44 0.0251227
-1.12 0.0201096
-0.8 0.0151598
-0.48 0.0110127
-0.16 0.00873182
0.16 0.0087784
0.48 0.0109561
0.8 0.0151062
1.12 0.0199941
1.44 0.0247675
1.76 0.0270833
2.08 0.0283545
2.4 0.0259375
2.72 0.0217789
3.04 0.016036
3.36 0.0108451
3.68 0.00662649
4 0.00363022
4.32 0.00183791
4.64 0.000846804
