# f(v_x, v_y, v_z), v_z = const
# nv_x = 30, nv_y = 30, nv_z = 30
# n = 0.993966 , T = 2.29393 , E = 6.84027 , vec_p = {-2.91239e-015 1.56284e-016 -8.61444e-018}
-4.64 0.000612106
-4.32 0.00121984
-4 0.00252805
-3.68 0.00463858
-3.36 0.00761394
-3.04 0.0117121
-2.72 0.0158116
-2.4 0.0192485
-2.08 0.0218559
-1.76 0.0223163
-1.44 0.0209892
-1.12 0.017919
-0.8 0.0141935
-0.48 0.0113102
-0.16 0.00957449
0.16 0.00958732
0.48 0.0112603
0.8 0.0139889
1.12 0.0174096
1.44 0.0207339
1.76 0.0219236
2.08 0.0217056
2.4 0.0194892
2.72 0.0160465
3.04 0.011288
3.36 0.00759701
3.68 0.00454934
4 0.00247733
4.32 0.00124473
4.64 0.000604395
