# f(v_x, v_y, v_z), v_z = const
# nv_x = 30, nv_y = 30, nv_z = 30
# n = 0.993966 , T = 2.29393 , E = 6.84027 , vec_p = {-5.30298e-015 5.40465e-017 -9.37099e-017}
-4.64 0.000359731
-4.32 0.000632316
-4 0.00125117
-3.68 0.00232224
-3.36 0.00384823
-3.04 0.00607162
-2.72 0.00852739
-2.4 0.0113188
-2.08 0.0133792
-1.76 0.015019
-1.44 0.015631
-1.12 0.0148246
-0.8 0.0138681
-0.48 0.012732
-0.16 0.0121001
0.16 0.01204
0.48 0.0127253
0.8 0.0136674
1.12 0.0148876
1.44 0.0154707
1.76 0.0147272
2.08 0.0133956
2.4 0.0111492
2.72 0.00869269
3.04 0.00586961
3.36 0.00383649
3.68 0.00231401
4 0.00123818
4.32 0.00064075
4.64 0.00035011
