# f(v_x, v_y, v_z), v_z = const
# nv_x = 30, nv_y = 30, nv_z = 30
# n = 0.993966 , T = 2.29393 , E = 6.84027 , vec_p = {-4.44449e-015 -1.06944e-016 -3.30047e-018}
-4.64 0.000678034
-4.32 0.00137513
-4 0.00280417
-3.68 0.005159
-3.36 0.00855149
-3.04 0.0129526
-2.72 0.0174523
-2.4 0.0209608
-2.08 0.023556
-1.76 0.0237461
-1.44 0.022384
-1.12 0.0184614
-0.8 0.0143216
-0.48 0.0110854
-0.16 0.00926803
0.16 0.00926865
0.48 0.0110864
0.8 0.014225
1.12 0.0180435
1.44 0.0216626
1.76 0.0234674
2.08 0.0234452
2.4 0.0213598
2.72 0.0177041
3.04 0.0125625
3.36 0.00846206
3.68 0.00504427
4 0.00281608
4.32 0.00138787
4.64 0.000670003
