# f(v_x, v_y, v_z), v_z = const
# nv_x = 30, nv_y = 30, nv_z = 30
# n = 0.993966 , T = 2.29393 , E = 6.84027 , vec_p = {-3.88968e-015 9.46851e-017 3.65796e-018}
-4.64 0.000472378
-4.32 0.000886892
-4 0.00181221
-3.68 0.00340045
-3.36 0.00561047
-3.04 0.00885268
-2.72 0.0121394
-2.4 0.0150542
-2.08 0.0174493
-1.76 0.0185742
-1.44 0.018208
-1.12 0.016194
-0.8 0.0138693
-0.48 0.0118304
-0.16 0.0107324
0.16 0.010603
0.48 0.011804
0.8 0.013687
1.12 0.0160433
1.44 0.0179867
1.76 0.0182125
2.08 0.0172082
2.4 0.0150414
2.72 0.0122091
3.04 0.00840084
3.36 0.00562783
3.68 0.00334013
4 0.0017942
4.32 0.000896551
4.64 0.000461987
