# f(v_x, v_y, v_z), v_z = const
# nv_x = 30, nv_y = 30, nv_z = 30
# n = 0.993966 , T = 2.29393 , E = 6.84027 , vec_p = {4.60053e-015 1.24337e-016 -8.9436e-017}
-4.64 0.000323165
-4.32 0.000566672
-4 0.00110418
-3.68 0.00200917
-3.36 0.00338675
-3.04 0.00535746
-2.72 0.00746987
-2.4 0.0100639
-2.08 0.0121167
-1.76 0.0137909
-1.44 0.0147529
-1.12 0.0144281
-0.8 0.0138049
-0.48 0.0131723
-0.16 0.012693
0.16 0.012602
0.48 0.0131531
0.8 0.0137016
1.12 0.0144652
1.44 0.0146071
1.76 0.0135969
2.08 0.0120655
2.4 0.00985324
2.72 0.00757259
3.04 0.00517147
3.36 0.00332341
3.68 0.00204065
4 0.00109176
4.32 0.000572447
4.64 0.000320874
