# f(v_x, v_y, v_z), v_z = const
# nv_x = 30, nv_y = 30, nv_z = 30
# n = 0.993966 , T = 2.29393 , E = 6.84027 , vec_p = {2.33584e-016 1.78082e-016 -8.3062e-017}
-4.64 0.000320605
-4.32 0.000563831
-4 0.00109494
-3.68 0.00199222
-3.36 0.00336128
-3.04 0.0053091
-2.72 0.00741878
-2.4 0.0100026
-2.08 0.0120512
-1.76 0.0137501
-1.44 0.0147136
-1.12 0.0144145
-0.8 0.0138199
-0.48 0.0131835
-0.16 0.0127203
0.16 0.0126284
0.48 0.0131715
0.8 0.0137031
1.12 0.0144391
1.44 0.0145513
1.76 0.0135407
2.08 0.0120094
2.4 0.00980824
2.72 0.00750166
3.04 0.0051263
3.36 0.00330669
3.68 0.00202912
4 0.00108638
4.32 0.000569387
4.64 0.00031928
