# f(v_x, v_y, v_z), v_z = const
# nv_x = 30, nv_y = 30, nv_z = 30
# n = 0.993966 , T = 2.29393 , E = 6.84027 , vec_p = {5.22178e-016 1.66445e-018 2.90168e-018}
-4.64 0.000707959
-4.32 0.00147023
-4 0.00295175
-3.68 0.00544451
-3.36 0.00908424
-3.04 0.0135739
-2.72 0.0183577
-2.4 0.0220727
-2.08 0.0246358
-1.76 0.024599
-1.44 0.0229795
-1.12 0.018781
-0.8 0.0144324
-0.48 0.0110676
-0.16 0.00913099
0.16 0.00911607
0.48 0.0110271
0.8 0.014384
1.12 0.0182601
1.44 0.022234
1.76 0.0241849
2.08 0.0242652
2.4 0.022365
2.72 0.0185205
3.04 0.0131968
3.36 0.00893851
3.68 0.00542946
4 0.0029668
4.32 0.00146456
4.64 0.000703931
