# f(v_x, v_y, v_z), v_z = const
# nv_x = 30, nv_y = 30, nv_z = 30
# n = 0.993966 , T = 2.29393 , E = 6.84027 , vec_p = {8.97352e-016 4.8896e-017 7.32392e-018}
-4.64 0.000722141
-4.32 0.00150596
-4 0.00301697
-3.68 0.00554567
-3.36 0.00930202
-3.04 0.0139046
-2.72 0.018681
-2.4 0.022432
-2.08 0.0249671
-1.76 0.0249631
-1.44 0.023112
-1.12 0.0189501
-0.8 0.0145012
-0.48 0.0110268
-0.16 0.0090932
0.16 0.00906808
0.48 0.011027
0.8 0.0144429
1.12 0.0184713
1.44 0.0224622
1.76 0.0244474
2.08 0.0246906
2.4 0.0226925
2.72 0.0188567
3.04 0.0134747
3.36 0.00911867
3.68 0.00555081
4 0.00300561
4.32 0.00150055
4.64 0.000720206
