# f(v_x, v_y, v_z), v_z = const
# nv_x = 30, nv_y = 30, nv_z = 30
# n = 0.993966 , T = 2.29393 , E = 6.84027 , vec_p = {-3.18848e-015 5.53264e-017 -6.4162e-018}
-4.64 0.000452298
-4.32 0.000835486
-4 0.00170639
-3.68 0.00321379
-3.36 0.00529247
-3.04 0.00839799
-2.72 0.0116001
-2.4 0.0144497
-2.08 0.0167991
-1.76 0.0179528
-1.44 0.0177115
-1.12 0.0159045
-0.8 0.0138494
-0.48 0.011956
-0.16 0.010916
0.16 0.0107957
0.48 0.011924
0.8 0.013656
1.12 0.0158681
1.44 0.0175223
1.76 0.0176145
2.08 0.0166024
2.4 0.0143886
2.72 0.0116287
3.04 0.00802905
3.36 0.00533729
3.68 0.00318042
4 0.00169554
4.32 0.000853931
4.64 0.000440013
