# f(v_x, v_y, v_z), v_z = const
# nv_x = 30, nv_y = 30, nv_z = 30
# n = 0.993966 , T = 2.29393 , E = 6.84027 , vec_p = {3.62306e-015 1.18792e-016 -1.05455e-016}
-4.64 0.000342563
-4.32 0.000604269
-4 0.00116955
-3.68 0.00216602
-3.36 0.00361403
-3.04 0.00573632
-2.72 0.0080323
-2.4 0.0106945
-2.08 0.0127498
-1.76 0.0144528
-1.44 0.0152127
-1.12 0.0146059
-0.8 0.0138329
-0.48 0.0129334
-0.16 0.012369
0.16 0.0122756
0.48 0.0129076
0.8 0.0137006
1.12 0.0147071
1.44 0.0150578
1.76 0.0142309
2.08 0.0127902
2.4 0.0105232
2.72 0.00814275
3.04 0.00550841
3.36 0.00359647
3.68 0.00219435
4 0.0011635
4.32 0.000607836
4.64 0.00033423
