# f(v_x, v_y, v_z), v_z = const
# nv_x = 30, nv_y = 30, nv_z = 30
# n = 0.993966 , T = 2.29393 , E = 6.84027 , vec_p = {-5.71622e-015 3.78737e-017 -3.92264e-018}
-4.64 0.000500307
-4.32 0.000954176
-4 0.00194572
-3.68 0.00367656
-3.36 0.0060935
-3.04 0.00957041
-2.72 0.0131015
-2.4 0.0162424
-2.08 0.0186775
-1.76 0.0195367
-1.44 0.0190104
-1.12 0.0165699
-0.8 0.0139285
-0.48 0.0116682
-0.16 0.0104182
0.16 0.0102867
0.48 0.0116042
0.8 0.0137878
1.12 0.0163085
1.44 0.0186265
1.76 0.0190968
2.08 0.0183357
2.4 0.0160708
2.72 0.0131883
3.04 0.00911701
3.36 0.00607795
3.68 0.00365119
4 0.0019483
4.32 0.000987059
4.64 0.000497913
