# f(v_x, v_y, v_z), v_z = const
# nv_x = 30, nv_y = 30, nv_z = 30
# n = 0.993966 , T = 2.29393 , E = 6.84027 , vec_p = {8.5933e-016 2.07105e-016 -8.76232e-018}
-4.64 0.000383672
-4.32 0.000685861
-4 0.00137231
-3.68 0.00255025
-3.36 0.00423806
-3.04 0.00673308
-2.72 0.00937881
-2.4 0.0122698
-2.08 0.0144471
-1.76 0.0159793
-1.44 0.0163042
-1.12 0.0151763
-0.8 0.0138364
-0.48 0.0124691
-0.16 0.0117095
0.16 0.0116286
0.48 0.0124388
0.8 0.0136473
1.12 0.0152572
1.44 0.0161587
1.76 0.0156179
2.08 0.014257
2.4 0.0121089
2.72 0.0095087
3.04 0.00651881
3.36 0.00428654
3.68 0.00255419
4 0.00137801
4.32 0.00069758
4.64 0.000377355
