# f(v_x, v_y, v_z), v_z = const
# nv_x = 30, nv_y = 30, nv_z = 30
# n = 0.993966 , T = 2.29393 , E = 6.84027 , vec_p = {-3.09253e-015 5.76161e-018 -7.25673e-017}
-4.64 0.000337889
-4.32 0.000596818
-4 0.00115178
-3.68 0.00211923
-3.36 0.00354063
-3.04 0.00558466
-2.72 0.00785864
-2.4 0.0104871
-2.08 0.0125622
-1.76 0.0142383
-1.44 0.015081
-1.12 0.0145299
-0.8 0.0138124
-0.48 0.0130107
-0.16 0.0124645
0.16 0.012374
0.48 0.0129777
0.8 0.0136888
1.12 0.0146251
1.44 0.0149107
1.76 0.0140397
2.08 0.0125931
2.4 0.0103336
2.72 0.00796124
3.04 0.00539105
3.36 0.00349868
3.68 0.00214125
4 0.00114152
4.32 0.000594701
4.64 0.000329508
