# f(v_x, v_y, v_z), v_z = const
# nv_x = 30, nv_y = 30, nv_z = 30
# n = 0.993966 , T = 2.29393 , E = 6.84027 , vec_p = {-1.98895e-015 -5.57776e-017 1.34452e-017}
-4.64 0.000753524
-4.32 0.00157661
-4 0.00319552
-3.68 0.00584962
-3.36 0.00982023
-3.04 0.0144908
-2.72 0.0194686
-2.4 0.0233587
-2.08 0.0259457
-1.76 0.0258572
-1.44 0.023581
-1.12 0.019241
-0.8 0.0146425
-0.48 0.0109845
-0.16 0.00898685
0.16 0.0089501
0.48 0.0109981
0.8 0.0145948
1.12 0.0187539
1.44 0.0229201
1.76 0.0250248
2.08 0.0254599
2.4 0.0234838
2.72 0.0195126
3.04 0.0141861
3.36 0.00963168
3.68 0.00580434
4 0.00315425
4.32 0.00159599
4.64 0.000757415
