# f(v_x, v_y, v_z), v_z = const
# nv_x = 30, nv_y = 30, nv_z = 30
# n = 0.993966 , T = 2.29393 , E = 6.84027 , vec_p = {-5.71883e-015 -3.27809e-017 2.30225e-017}
-4.64 0.000786314
-4.32 0.00163917
-4 0.0033032
-3.68 0.0060467
-3.36 0.0101343
-3.04 0.0149368
-2.72 0.0199946
-2.4 0.0239564
-2.08 0.026391
-1.76 0.0264669
-1.44 0.0239129
-1.12 0.0194298
-0.8 0.0146858
-0.48 0.0109695
-0.16 0.00890195
0.16 0.00891279
0.48 0.0110356
0.8 0.0147078
1.12 0.0190618
1.44 0.0234787
1.76 0.0254736
2.08 0.0261256
2.4 0.0241093
2.72 0.0199887
3.04 0.0146457
3.36 0.00991947
3.68 0.00602187
4 0.00325528
4.32 0.00164794
4.64 0.000778523
