# f(v_x, v_y, v_z), v_z = const
# nv_x = 30, nv_y = 30, nv_z = 30
# n = 0.993966 , T = 2.29393 , E = 6.84027 , vec_p = {6.00483e-016 1.65199e-016 -7.87672e-017}
-4.64 0.000320351
-4.32 0.000562454
-4 0.00109002
-3.68 0.00198089
-3.36 0.00335087
-3.04 0.00528766
-2.72 0.00738142
-2.4 0.00996484
-2.08 0.0120196
-1.76 0.0137248
-1.44 0.0146995
-1.12 0.0144125
-0.8 0.0138272
-0.48 0.0131947
-0.16 0.0127299
0.16 0.0126442
0.48 0.01318
0.8 0.0137101
1.12 0.014427
1.44 0.0145447
1.76 0.0135113
2.08 0.0119837
2.4 0.00977939
2.72 0.00748374
3.04 0.00510152
3.36 0.00329537
3.68 0.00202025
4 0.00108123
4.32 0.000568045
4.64 0.000318715
