# f(v_x, v_y, v_z), v_z = const
# nv_x = 30, nv_y = 30, nv_z = 30
# n = 0.993966 , T = 2.29393 , E = 6.84027 , vec_p = {-5.51486e-015 1.08161e-016 9.3916e-018}
-4.64 0.000636749
-4.32 0.00128109
-4 0.00264835
-3.68 0.00484867
-3.36 0.00798716
-3.04 0.0121094
-2.72 0.0164178
-2.4 0.0199245
-2.08 0.0225609
-1.76 0.022954
-1.44 0.0216281
-1.12 0.018093
-0.8 0.0142618
-0.48 0.0112024
-0.16 0.00940851
0.16 0.00944964
0.48 0.0111552
0.8 0.014078
1.12 0.0176657
1.44 0.0211355
1.76 0.0225164
2.08 0.0222937
2.4 0.020188
2.72 0.0166983
3.04 0.0117599
3.36 0.00790635
3.68 0.00473489
4 0.00259921
4.32 0.00131081
4.64 0.000624605
