# f(v_x, v_y, v_z), v_z = const
# nv_x = 30, nv_y = 30, nv_z = 30
# n = 0.993966 , T = 2.29393 , E = 6.84027 , vec_p = {2.7304e-016 1.5337e-016 -3.1207e-017}
-4.64 0.000371431
-4.32 0.000659044
-4 0.001312
-3.68 0.00242304
-3.36 0.00401202
-3.04 0.00634018
-2.72 0.00886704
-2.4 0.0117388
-2.08 0.0138748
-1.76 0.0154858
-1.44 0.0159564
-1.12 0.0149799
-0.8 0.0138707
-0.48 0.0126068
-0.16 0.0119067
0.16 0.0118333
0.48 0.0125749
0.8 0.0136591
1.12 0.0150709
1.44 0.0158274
1.76 0.0151815
2.08 0.0138052
2.4 0.0115191
2.72 0.00907541
3.04 0.0061374
3.36 0.00401845
3.68 0.00241145
4 0.00129898
4.32 0.000667396
4.64 0.000363353
