# f(v_x, v_y, v_z), v_z = const
# nv_x = 30, nv_y = 30, nv_z = 30
# n = 0.993966 , T = 2.29393 , E = 6.84027 , vec_p = {2.44733e-015 -6.00853e-017 -4.44e-018}
-4.64 0.00069431
-4.32 0.00143785
-4 0.00288511
-3.68 0.00532516
-3.36 0.00891642
-3.04 0.0133493
-2.72 0.0180114
-2.4 0.0215699
-2.08 0.0240995
-1.76 0.0242936
-1.44 0.022708
-1.12 0.0186784
-0.8 0.014412
-0.48 0.0110669
-0.16 0.00919854
0.16 0.00917513
0.48 0.0110346
0.8 0.0143022
1.12 0.0181359
1.44 0.0218865
1.76 0.0239202
2.08 0.0239317
2.4 0.0220347
2.72 0.0183439
3.04 0.0130467
3.36 0.00877087
3.68 0.00530332
4 0.0028937
4.32 0.00143483
4.64 0.000689051
