# f(v_x, v_y, v_z), v_z = const
# nv_x = 30, nv_y = 30, nv_z = 30
# n = 0.993966 , T = 2.29393 , E = 6.84027 , vec_p = {4.0523e-015 2.16135e-016 -1.83769e-017}
-4.64 0.000387
-4.32 0.000690781
-4 0.00138524
-3.68 0.00256517
-3.36 0.00428086
-3.04 0.0068009
-2.72 0.00945141
-2.4 0.0123628
-2.08 0.014501
-1.76 0.0160494
-1.44 0.0163926
-1.12 0.0152007
-0.8 0.0138418
-0.48 0.0124517
-0.16 0.0116759
0.16 0.0115931
0.48 0.0124102
0.8 0.0136446
1.12 0.0152791
1.44 0.0162038
1.76 0.0156914
2.08 0.0143564
2.4 0.0121615
2.72 0.00957932
3.04 0.00657793
3.36 0.00432298
3.68 0.00258699
4 0.00138566
4.32 0.00070013
4.64 0.000379412
