# f(v_x, v_y, v_z), v_z = const
# nv_x = 30, nv_y = 30, nv_z = 30
# n = 0.993966 , T = 2.29393 , E = 6.84027 , vec_p = {-3.16582e-015 -5.77316e-019 8.81872e-018}
-4.64 0.000731624
-4.32 0.00152633
-4 0.0030526
-3.68 0.00561679
-3.36 0.00939334
-3.04 0.0141049
-2.72 0.019013
-2.4 0.0228026
-2.08 0.0252407
-1.76 0.0251879
-1.44 0.0232323
-1.12 0.0190048
-0.8 0.0145204
-0.48 0.0109943
-0.16 0.00905955
0.16 0.00902903
0.48 0.011064
0.8 0.0144329
1.12 0.0185111
1.44 0.0225769
1.76 0.0245668
2.08 0.024953
2.4 0.0229352
2.72 0.0190205
3.04 0.0136393
3.36 0.00923887
3.68 0.00560024
4 0.00303121
4.32 0.00152515
4.64 0.000728873
