# f(v_x, v_y, v_z), v_z = const
# nv_x = 30, nv_y = 30, nv_z = 30
# n = 0.993966 , T = 2.29393 , E = 6.84027 , vec_p = {-3.95929e-015 3.00403e-016 -1.33658e-017}
-4.64 0.000377761
-4.32 0.000669401
-4 0.00133829
-3.68 0.00247846
-3.36 0.00409702
-3.04 0.00649543
-2.72 0.00910624
-2.4 0.0120059
-2.08 0.0141207
-1.76 0.015706
-1.44 0.0161417
-1.12 0.0150699
-0.8 0.0138591
-0.48 0.0125472
-0.16 0.0118227
0.16 0.0117446
0.48 0.0125024
0.8 0.0136596
1.12 0.0151786
1.44 0.0159463
1.76 0.0153491
2.08 0.0140409
2.4 0.0117769
2.72 0.00925747
3.04 0.00630309
3.36 0.00413923
3.68 0.00247939
4 0.00134011
4.32 0.000680091
4.64 0.000370053
