# f(v_x, v_y, v_z), v_z = const
# nv_x = 30, nv_y = 30, nv_z = 30
# n = 0.993966 , T = 2.29393 , E = 6.84027 , vec_p = {5.28746e-015 -3.42606e-017 6.10356e-018}
-4.64 0.000489132
-4.32 0.000923571
-4 0.00187904
-3.68 0.00355824
-3.36 0.00588397
-3.04 0.00928515
-2.72 0.0127102
-2.4 0.015708
-2.08 0.018154
-1.76 0.019097
-1.44 0.0186602
-1.12 0.0164461
-0.8 0.0139039
-0.48 0.0117051
-0.16 0.0105188
0.16 0.0103982
0.48 0.0117172
0.8 0.0137935
1.12 0.0161807
1.44 0.0183911
1.76 0.0187258
2.08 0.0178008
2.4 0.0155538
2.72 0.0127088
3.04 0.00877065
3.36 0.00587818
3.68 0.0035091
4 0.00187099
4.32 0.000951905
4.64 0.000482435
