# f(v_x, v_y, v_z), v_z = const
# nv_x = 30, nv_y = 30, nv_z = 30
# n = 0.993966 , T = 2.29393 , E = 6.84027 , vec_p = {-3.55776e-016 2.83633e-016 -5.33231e-017}
-4.64 0.000316638
-4.32 0.000557978
-4 0.00107511
-3.68 0.00195704
-3.36 0.00329545
-3.04 0.00519368
-2.72 0.00730955
-2.4 0.00986874
-2.08 0.0119009
-1.76 0.0136283
-1.44 0.0146199
-1.12 0.014354
-0.8 0.0138133
-0.48 0.0132248
-0.16 0.0127941
0.16 0.0127046
0.48 0.0132095
0.8 0.0137108
1.12 0.0143796
1.44 0.0144722
1.76 0.0134267
2.08 0.011864
2.4 0.00967791
2.72 0.00740815
3.04 0.00503575
3.36 0.00324077
3.68 0.00198732
4 0.00106896
4.32 0.000564704
4.64 0.000316035
