# f(v_x, v_y, v_z), v_z = const
# nv_x = 30, nv_y = 30, nv_z = 30
# n = 0.993966 , T = 2.29393 , E = 6.84027 , vec_p = {1.19717e-015 -5.58007e-017 -9.38005e-018}
-4.64 0.000859621
-4.32 0.00182168
-4 0.00372172
-3.68 0.00678285
-3.36 0.0110554
-3.04 0.0162472
-2.72 0.0214943
-2.4 0.0261357
-2.08 0.0281653
-1.76 0.0281838
-1.44 0.0252217
-1.12 0.0203002
-0.8 0.0152207
-0.48 0.0110115
-0.16 0.0087142
0.16 0.0087683
0.48 0.010945
0.8 0.0151564
1.12 0.0200526
1.44 0.0249815
1.76 0.0273497
2.08 0.0285725
2.4 0.0260887
2.72 0.021977
3.04 0.0161927
3.36 0.0110091
3.68 0.00670957
4 0.0037165
4.32 0.00186612
4.64 0.000859462
