# f(v_x, v_y, v_z), v_z = const
# nv_x = 30, nv_y = 30, nv_z = 30
# n = 0.993966 , T = 2.29393 , E = 6.84027 , vec_p = {1.19444e-015 1.19119e-016 -9.58633e-017}
-4.64 0.000323976
-4.32 0.000568568
-4 0.00110827
-3.68 0.00201649
-3.36 0.00339475
-3.04 0.00537214
-2.72 0.00748889
-2.4 0.0100882
-2.08 0.0121482
-1.76 0.0138277
-1.44 0.0147777
-1.12 0.0144285
-0.8 0.0138019
-0.48 0.0131688
-0.16 0.012681
0.16 0.0125895
0.48 0.0131422
0.8 0.0137012
1.12 0.0144696
1.44 0.0146296
1.76 0.0136253
2.08 0.0121001
2.4 0.00987314
2.72 0.00761072
3.04 0.00518132
3.36 0.00332952
3.68 0.00204703
4 0.00109464
4.32 0.00057376
4.64 0.000322177
