# f(v_x, v_y, v_z), v_z = const
# nv_x = 30, nv_y = 30, nv_z = 30
# n = 0.993966 , T = 2.29393 , E = 6.84027 , vec_p = {-8.21132e-016 8.52589e-017 -8.47873e-017}
-4.64 0.000312757
-4.32 0.000549401
-4 0.001062
-3.68 0.00193164
-3.36 0.00324641
-3.04 0.00509761
-2.72 0.00718147
-2.4 0.00972748
-2.08 0.0117944
-1.76 0.0135093
-1.44 0.0145048
-1.12 0.0143165
-0.8 0.0137992
-0.48 0.0132553
-0.16 0.0128679
0.16 0.0127842
0.48 0.0132581
0.8 0.0137166
1.12 0.0143273
1.44 0.0143724
1.76 0.0133179
2.08 0.0117352
2.4 0.00953096
2.72 0.00730802
3.04 0.00494698
3.36 0.0031816
3.68 0.00195345
4 0.00105294
4.32 0.000557632
4.64 0.000313182
