# f(v_x, v_y, v_z), v_z = const
# nv_x = 30, nv_y = 30, nv_z = 30
# n = 0.993966 , T = 2.29393 , E = 6.84027 , vec_p = {-1.27412e-015 1.70228e-017 -7.21165e-017}
-4.64 0.000313424
-4.32 0.000550656
-4 0.00106426
-3.68 0.00193622
-3.36 0.00325511
-3.04 0.00511729
-2.72 0.00720143
-2.4 0.00975181
-2.08 0.0118088
-1.76 0.0135272
-1.44 0.0145219
-1.12 0.0143189
-0.8 0.0138022
-0.48 0.013263
-0.16 0.012853
0.16 0.0127681
0.48 0.0132475
0.8 0.0137086
1.12 0.0143409
1.44 0.0143851
1.76 0.0133484
2.08 0.0117638
2.4 0.00954824
2.72 0.00732757
3.04 0.00496661
3.36 0.00319654
3.68 0.00195942
4 0.00105591
4.32 0.000558293
4.64 0.000313721
