# f(v_x, v_y, v_z), v_z = const
# nv_x = 30, nv_y = 30, nv_z = 30
# n = 0.993966 , T = 2.29393 , E = 6.84027 , vec_p = {-7.17975e-016 -5.6664e-017 -3.94884e-018}
-4.64 0.000876469
-4.32 0.00188541
-4 0.0037829
-3.68 0.00687374
-3.36 0.011192
-3.04 0.0164695
-2.72 0.0218727
-2.4 0.0262736
-2.08 0.0285428
-1.76 0.0284224
-1.44 0.0253974
-1.12 0.0205055
-0.8 0.0152826
-0.48 0.0110229
-0.16 0.0086821
0.16 0.0087609
0.48 0.0109906
0.8 0.0152886
1.12 0.0201962
1.44 0.0252618
1.76 0.0276987
2.08 0.0288592
2.4 0.0265383
2.72 0.0221949
3.04 0.0164249
3.36 0.0111586
3.68 0.00677372
4 0.00377863
4.32 0.0019006
4.64 0.000871364
