# f(v_x, v_y, v_z), v_z = const
# nv_x = 30, nv_y = 30, nv_z = 30
# n = 0.993966 , T = 2.29393 , E = 6.84027 , vec_p = {-4.91735e-015 1.38265e-016 -4.83569e-018}
-4.64 0.000400756
-4.32 0.000716723
-4 0.00144184
-3.68 0.00270317
-3.36 0.00445954
-3.04 0.00711525
-2.72 0.00986823
-2.4 0.0127624
-2.08 0.015002
-1.76 0.0164537
-1.44 0.0166597
-1.12 0.0153258
-0.8 0.0138487
-0.48 0.0123509
-0.16 0.0115284
0.16 0.0114234
0.48 0.0122904
0.8 0.0136009
1.12 0.0153528
1.44 0.016496
1.76 0.016046
2.08 0.0148934
2.4 0.0126618
2.72 0.0100297
3.04 0.0068601
3.36 0.00451399
3.68 0.00272594
4 0.00144003
4.32 0.000731578
4.64 0.000390789
