# f(v_x, v_y, v_z), v_z = const
# nv_x = 30, nv_y = 30, nv_z = 30
# n = 0.993966 , T = 2.29393 , E = 6.84027 , vec_p = {-1.32604e-015 1.43867e-017 -8.09308e-018}
-4.64 0.000457737
-4.32 0.000857227
-4 0.00173174
-3.68 0.0032614
-3.36 0.00539421
-3.04 0.00851354
-2.72 0.0117422
-2.4 0.0145935
-2.08 0.0169707
-1.76 0.0181307
-1.44 0.0178822
-1.12 0.0159514
-0.8 0.0138829
-0.48 0.0119181
-0.16 0.0108659
0.16 0.0107307
0.48 0.0118911
0.8 0.0136456
1.12 0.0159158
1.44 0.0176052
1.76 0.0178072
2.08 0.0167377
2.4 0.0145905
2.72 0.0117877
3.04 0.00811174
3.36 0.00541216
3.68 0.00321666
4 0.00171513
4.32 0.00086417
4.64 0.000447521
