# f(v_x, v_y, v_z), v_z = const
# nv_x = 30, nv_y = 30, nv_z = 30
# n = 0.993966 , T = 2.29393 , E = 6.84027 , vec_p = {-4.01889e-015 1.09935e-016 1.08074e-017}
-4.64 0.00052756
-4.32 0.00103055
-4 0.00209882
-3.68 0.00394115
-3.36 0.0065111
-3.04 0.0101055
-2.72 0.0138366
-2.4 0.0169494
-2.08 0.0194751
-1.76 0.0203776
-1.44 0.0194766
-1.12 0.0169691
-0.8 0.0139401
-0.48 0.0116088
-0.16 0.0101362
0.16 0.0100401
0.48 0.0114856
0.8 0.0137539
1.12 0.016741
1.44 0.0192455
1.76 0.0199121
2.08 0.0191215
2.4 0.017077
2.72 0.0141169
3.04 0.00968709
3.36 0.00657106
3.68 0.00392002
4 0.00208554
4.32 0.00104382
4.64 0.00052532
