# f(v_x, v_y, v_z), v_z = const
# nv_x = 30, nv_y = 30, nv_z = 30
# n = 0.993966 , T = 2.29393 , E = 6.84027 , vec_p = {-3.30354e-015 1.12623e-016 1.17728e-018}
-4.64 0.000453473
-4.32 0.000849197
-4 0.00171867
-3.68 0.00323955
-3.36 0.00532707
-3.04 0.00843087
-2.72 0.0116453
-2.4 0.0145157
-2.08 0.0168422
-1.76 0.0180072
-1.44 0.0177451
-1.12 0.0159166
-0.8 0.0138728
-0.48 0.0119488
-0.16 0.0109042
0.16 0.0107678
0.48 0.0119028
0.8 0.0136498
1.12 0.0158819
1.44 0.0175487
1.76 0.0177202
2.08 0.0166524
2.4 0.0144619
2.72 0.0116807
3.04 0.00805376
3.36 0.0053599
3.68 0.00318987
4 0.00170129
4.32 0.000858193
4.64 0.000440965
