# f(v_x, v_y, v_z), v_z = const
# nv_x = 30, nv_y = 30, nv_z = 30
# n = 0.993966 , T = 2.29393 , E = 6.84027 , vec_p = {-2.87074e-015 -1.2399e-018 1.01386e-018}
-4.64 0.000465265
-4.32 0.000872012
-4 0.001768
-3.68 0.00333999
-3.36 0.00550682
-3.04 0.00864259
-2.72 0.0119522
-2.4 0.0148163
-2.08 0.0172015
-1.76 0.0183338
-1.44 0.0180866
-1.12 0.0160432
-0.8 0.0138878
-0.48 0.0119046
-0.16 0.0107978
0.16 0.010668
0.48 0.011839
0.8 0.0136569
1.12 0.0160064
1.44 0.0178471
1.76 0.018043
2.08 0.0169344
2.4 0.0147776
2.72 0.0119606
3.04 0.00825769
3.36 0.00552522
3.68 0.00328544
4 0.00175901
4.32 0.000882663
4.64 0.000454576
