# f(v_x, v_y, v_z), v_z = const
# nv_x = 30, nv_y = 30, nv_z = 30
# n = 0.993966 , T = 2.29393 , E = 6.84027 , vec_p = {3.07975e-015 7.67866e-017 -3.64944e-017}
-4.64 0.000372113
-4.32 0.000660275
-4 0.00131611
-3.68 0.00243186
-3.36 0.00401952
-3.04 0.00636997
-2.72 0.00889781
-2.4 0.0117913
-2.08 0.0139047
-1.76 0.0155085
-1.44 0.0159962
-1.12 0.0150066
-0.8 0.0138746
-0.48 0.0125958
-0.16 0.011887
0.16 0.0118194
0.48 0.0125544
0.8 0.013667
1.12 0.0151058
1.44 0.0158573
1.76 0.0152051
2.08 0.0138661
2.4 0.0115563
2.72 0.00910324
3.04 0.00616206
3.36 0.00404195
3.68 0.00241867
4 0.00130577
4.32 0.000668258
4.64 0.000364266
