# f(v_x, v_y, v_z), v_z = const
# nv_x = 30, nv_y = 30, nv_z = 30
# n = 0.993966 , T = 2.29393 , E = 6.84027 , vec_p = {-1.02514e-015 1.13332e-017 3.5838e-018}
-4.64 0.000597523
-4.32 0.00118072
-4 0.00242933
-3.68 0.00451957
-3.36 0.00740467
-3.04 0.01141
-2.72 0.0154219
-2.4 0.0187107
-2.08 0.0213153
-1.76 0.0219127
-1.44 0.0205318
-1.12 0.0176832
-0.8 0.0141663
-0.48 0.0114095
-0.16 0.00970201
0.16 0.00967431
0.48 0.0112606
0.8 0.013907
1.12 0.0171952
1.44 0.0203005
1.76 0.0215231
2.08 0.021209
2.4 0.0190171
2.72 0.0157219
3.04 0.011033
3.36 0.00741273
3.68 0.00440613
4 0.00241019
4.32 0.00120865
4.64 0.000582657
