# f(v_x, v_y, v_z), v_z = const
# nv_x = 30, nv_y = 30, nv_z = 30
# n = 0.993966 , T = 2.29393 , E = 6.84027 , vec_p = {1.71498e-015 6.38103e-017 5.3455e-018}
-4.64 0.000461144
-4.32 0.000865644
-4 0.00175354
-3.68 0.00329737
-3.36 0.00545141
-3.04 0.00857641
-2.72 0.011824
-2.4 0.0147064
-2.08 0.0171
-1.76 0.0182115
-1.44 0.017963
-1.12 0.0160011
-0.8 0.0138813
-0.48 0.0119067
-0.16 0.0108326
0.16 0.0107007
0.48 0.0118671
0.8 0.0136503
1.12 0.0159557
1.44 0.0177537
1.76 0.0178964
2.08 0.0168333
2.4 0.0146862
2.72 0.0118648
3.04 0.00819657
3.36 0.00546105
3.68 0.00324864
4 0.00173471
4.32 0.000872947
4.64 0.000451725
