# f(v_x, v_y, v_z), v_z = const
# nv_x = 30, nv_y = 30, nv_z = 30
# n = 0.993966 , T = 2.29393 , E = 6.84027 , vec_p = {1.23158e-015 -1.05391e-017 4.6958e-018}
-4.64 0.000508519
-4.32 0.000967907
-4 0.00198071
-3.68 0.0037354
-3.36 0.00619414
-3.04 0.00967641
-2.72 0.0132433
-2.4 0.0163805
-2.08 0.0189125
-1.76 0.019726
-1.44 0.0191273
-1.12 0.0166598
-0.8 0.0139203
-0.48 0.0116494
-0.16 0.01035
0.16 0.0102339
0.48 0.0115757
0.8 0.0137687
1.12 0.0163467
1.44 0.0186934
1.76 0.0192491
2.08 0.0185283
2.4 0.0162339
2.72 0.0133984
3.04 0.0092583
3.36 0.00619872
3.68 0.00370913
4 0.0019767
4.32 0.00099534
4.64 0.000504532
