# f(v_x, v_y, v_z), v_z = const
# nv_x = 30, nv_y = 30, nv_z = 30
# n = 0.993966 , T = 2.29393 , E = 6.84027 , vec_p = {1.26707e-015 -1.08436e-016 -3.87246e-018}
-4.64 0.000928486
-4.32 0.00206321
-4 0.00405763
-3.68 0.00739916
-3.36 0.0120535
-3.04 0.0175817
-2.72 0.0233867
-2.4 0.0279193
-2.08 0.0302877
-1.76 0.0299528
-1.44 0.0262486
-1.12 0.0211303
-0.8 0.0155566
-0.48 0.0111595
-0.16 0.00868912
0.16 0.00870499
0.48 0.0110915
0.8 0.0155853
1.12 0.0210776
1.44 0.0262827
1.76 0.0294994
2.08 0.0302449
2.4 0.0278983
2.72 0.023565
3.04 0.0176282
3.36 0.0120001
3.68 0.00735627
4 0.00406669
4.32 0.00207578
4.64 0.000929784
