# f(v_x, v_y, v_z), v_z = const
# nv_x = 30, nv_y = 30, nv_z = 30
# n = 0.993966 , T = 2.29393 , E = 6.84027 , vec_p = {3.61575e-015 6.8006e-017 3.75344e-018}
-4.64 0.000573663
-4.32 0.00113056
-4 0.00233908
-3.68 0.00434209
-3.36 0.00715829
-3.04 0.0110764
-2.72 0.0149698
-2.4 0.018355
-2.08 0.0208761
-1.76 0.0215269
-1.44 0.0202448
-1.12 0.0174561
-0.8 0.0140921
-0.48 0.0114428
-0.16 0.00983386
0.16 0.00976712
0.48 0.0112806
0.8 0.0138994
1.12 0.0170597
1.44 0.0199831
1.76 0.0209675
2.08 0.0206706
2.4 0.0185346
2.72 0.0152969
3.04 0.0106548
3.36 0.00718996
3.68 0.00429122
4 0.00232377
4.32 0.00115583
4.64 0.000564465
