# f(v_x, v_y, v_z), v_z = const
# nv_x = 30, nv_y = 30, nv_z = 30
# n = 0.993966 , T = 2.29393 , E = 6.84027 , vec_p = {-2.85442e-015 -4.72884e-017 -2.08686e-017}
-4.64 0.000481506
-4.32 0.000906275
-4 0.00184882
-3.68 0.00348541
-3.36 0.00572444
-3.04 0.0090019
-2.72 0.0124225
-2.4 0.0154025
-2.08 0.0178418
-1.76 0.018855
-1.44 0.0184268
-1.12 0.0163571
-0.8 0.0138646
-0.48 0.011786
-0.16 0.0106201
0.16 0.0105201
0.48 0.0117772
0.8 0.0137395
1.12 0.0161299
1.44 0.0181983
1.76 0.0184728
2.08 0.0174826
2.4 0.0153241
2.72 0.0124735
3.04 0.00859303
3.36 0.00572773
3.68 0.00342024
4 0.00183135
4.32 0.000928782
4.64 0.000470518
