# f(v_x, v_y, v_z), v_z = const
# nv_x = 30, nv_y = 30, nv_z = 30
# n = 0.993966 , T = 2.29393 , E = 6.84027 , vec_p = {5.41769e-015 5.00577e-017 -6.61156e-017}
-4.64 0.000363229
-4.32 0.000643864
-4 0.00127086
-3.68 0.00235509
-3.36 0.00391189
-3.04 0.00615073
-2.72 0.00863434
-2.4 0.0114155
-2.08 0.0135535
-1.76 0.0151717
-1.44 0.0157355
-1.12 0.0148921
-0.8 0.0138643
-0.48 0.0126965
-0.16 0.0120467
0.16 0.0119585
0.48 0.0126739
0.8 0.0136816
1.12 0.0149451
1.44 0.0155921
1.76 0.0149296
2.08 0.0135541
2.4 0.0112701
2.72 0.00879116
3.04 0.00593353
3.36 0.00389815
3.68 0.00234087
4 0.0012589
4.32 0.000647353
4.64 0.000354035
