# f(v_x, v_y, v_z), v_z = const
# nv_x = 30, nv_y = 30, nv_z = 30
# n = 0.993966 , T = 2.29393 , E = 6.84027 , vec_p = {1.09491e-015 3.06964e-016 -9.53091e-017}
-4.64 0.000327663
-4.32 0.000576281
-4 0.00111915
-3.68 0.00204124
-3.36 0.00344265
-3.04 0.0054402
-2.72 0.00759483
-2.4 0.0101868
-2.08 0.0122901
-1.76 0.013926
-1.44 0.0148418
-1.12 0.0144526
-0.8 0.0137916
-0.48 0.0131217
-0.16 0.0126224
0.16 0.0125353
0.48 0.0131054
0.8 0.0136985
1.12 0.0145088
1.44 0.0146933
1.76 0.013724
2.08 0.0122447
2.4 0.00999292
2.72 0.00769468
3.04 0.005235
3.36 0.0033819
3.68 0.00207407
4 0.00110961
4.32 0.000578907
4.64 0.000324834
