# f(v_x, v_y, v_z), v_z = const
# nv_x = 30, nv_y = 30, nv_z = 30
# n = 0.993966 , T = 2.29393 , E = 6.84027 , vec_p = {-4.45814e-015 -3.13545e-017 8.83205e-018}
-4.64 0.000538039
-4.32 0.00104542
-4 0.00214977
-3.68 0.0040057
-3.36 0.0066265
-3.04 0.0102944
-2.72 0.014048
-2.4 0.0171993
-2.08 0.0197525
-1.76 0.0206291
-1.44 0.0196278
-1.12 0.0171111
-0.8 0.0139878
-0.48 0.0115853
-0.16 0.0100661
0.16 0.0100063
0.48 0.0114603
0.8 0.013798
1.12 0.0168319
1.44 0.0193907
1.76 0.0200942
2.08 0.0193934
2.4 0.0174605
2.72 0.0143062
3.04 0.00988771
3.36 0.00669082
3.68 0.00399906
4 0.00213288
4.32 0.00105976
4.64 0.000534084
