# f(v_x, v_y, v_z), v_z = const
# nv_x = 30, nv_y = 30, nv_z = 30
# n = 0.993966 , T = 2.29393 , E = 6.84027 , vec_p = {5.57126e-015 2.67562e-016 -1.47815e-017}
-4.64 0.000395465
-4.32 0.000708257
-4 0.00141804
-3.68 0.0026393
-3.36 0.00437637
-3.04 0.00699135
-2.72 0.00971667
-2.4 0.0125951
-2.08 0.0147853
-1.76 0.0162966
-1.44 0.01654
-1.12 0.0152698
-0.8 0.0138448
-0.48 0.0123824
-0.16 0.0115745
0.16 0.011486
0.48 0.0123377
0.8 0.0136244
1.12 0.0153106
1.44 0.0163477
1.76 0.0159121
2.08 0.0146761
2.4 0.01248
2.72 0.00985668
3.04 0.00674529
3.36 0.00443634
3.68 0.00266611
4 0.00142386
4.32 0.000717322
4.64 0.000386921
