# f(v_x, v_y, v_z), v_z = const
# nv_x = 30, nv_y = 30, nv_z = 30
# n = 0.993966 , T = 2.29393 , E = 6.84027 , vec_p = {-3.78429e-015 9.1422e-017 1.10925e-017}
-4.64 0.000470203
-4.32 0.00088494
-4 0.00180333
-3.68 0.00338727
-3.36 0.00557865
-3.04 0.00879501
-2.72 0.0120949
-2.4 0.0149622
-2.08 0.0173879
-1.76 0.0185027
-1.44 0.0181606
-1.12 0.016129
-0.8 0.0138749
-0.48 0.0118539
-0.16 0.0107572
0.16 0.0106263
0.48 0.0118048
0.8 0.0136683
1.12 0.0160266
1.44 0.0179402
1.76 0.0181618
2.08 0.0171159
2.4 0.0149692
2.72 0.0121712
3.04 0.00836834
3.36 0.00560345
3.68 0.00332424
4 0.00178809
4.32 0.000895176
4.64 0.000460161
