# f(v_x, v_y, v_z), v_z = const
# nv_x = 30, nv_y = 30, nv_z = 30
# n = 0.993966 , T = 2.29393 , E = 6.84027 , vec_p = {-3.74995e-015 4.76064e-019 9.08518e-018}
-4.64 0.000473724
-4.32 0.000890671
-4 0.00181954
-3.68 0.00341609
-3.36 0.00563751
-3.04 0.00890639
-2.72 0.0122125
-2.4 0.0151347
-2.08 0.0175381
-1.76 0.0186004
-1.44 0.0182361
-1.12 0.016207
-0.8 0.0138648
-0.48 0.0118177
-0.16 0.0107087
0.16 0.010586
0.48 0.0117887
0.8 0.0137108
1.12 0.0160587
1.44 0.0180293
1.76 0.0182624
2.08 0.0172655
2.4 0.0150932
2.72 0.012249
3.04 0.00843693
3.36 0.00565505
3.68 0.00335523
4 0.00179991
4.32 0.000903229
4.64 0.000464047
