# f(v_x, v_y, v_z), v_z = const
# nv_x = 30, nv_y = 30, nv_z = 30
# n = 0.993966 , T = 2.29393 , E = 6.84027 , vec_p = {3.22025e-016 1.89843e-016 -8.72808e-017}
-4.64 0.0003106
-4.32 0.000545249
-4 0.00105264
-3.68 0.00191008
-3.36 0.00321198
-3.04 0.00505194
-2.72 0.00713085
-2.4 0.00964525
-2.08 0.0117228
-1.76 0.0134134
-1.44 0.0144427
-1.12 0.0142882
-0.8 0.0138028
-0.48 0.0132772
-0.16 0.0129139
0.16 0.012809
0.48 0.0132853
0.8 0.0137247
1.12 0.014301
1.44 0.0143182
1.76 0.0132253
2.08 0.0116591
2.4 0.00945517
2.72 0.00723728
3.04 0.00489991
3.36 0.00314526
3.68 0.00193393
4 0.00104634
4.32 0.000554383
4.64 0.000310037
