# f(v_x, v_y, v_z), v_z = const
# nv_x = 30, nv_y = 30, nv_z = 30
# n = 0.993966 , T = 2.29393 , E = 6.84027 , vec_p = {4.35342e-016 -2.47002e-017 3.33413e-017}
-4.64 0.000797827
-4.32 0.00167404
-4 0.0033923
-3.68 0.00622758
-3.36 0.0102154
-3.04 0.0151747
-2.72 0.0202031
-2.4 0.0243205
-2.08 0.0266806
-1.76 0.026672
-1.44 0.0240597
-1.12 0.0195948
-0.8 0.0147359
-0.48 0.0110125
-0.16 0.00886463
0.16 0.00887256
0.48 0.0110151
0.8 0.014747
1.12 0.019144
1.44 0.0237554
1.76 0.0258773
2.08 0.0264782
2.4 0.0245264
2.72 0.0203152
3.04 0.0149129
3.36 0.0100697
3.68 0.00611076
4 0.00334426
4.32 0.00167734
4.64 0.000783217
