# f(v_x, v_y, v_z), v_z = const
# nv_x = 30, nv_y = 30, nv_z = 30
# n = 0.993966 , T = 2.29393 , E = 6.84027 , vec_p = {-4.01972e-015 8.02309e-017 -1.05351e-017}
-4.64 0.000481951
-4.32 0.000909
-4 0.001854
-3.68 0.00349856
-3.36 0.00575189
-3.04 0.00904176
-2.72 0.0124909
-2.4 0.0154673
-2.08 0.0178949
-1.76 0.0188784
-1.44 0.0184899
-1.12 0.0163622
-0.8 0.0138784
-0.48 0.0117689
-0.16 0.0105935
0.16 0.0104982
0.48 0.0117727
0.8 0.0137646
1.12 0.0161307
1.44 0.0182148
1.76 0.0185159
2.08 0.0175353
2.4 0.0153538
2.72 0.0125271
3.04 0.00862333
3.36 0.00575393
3.68 0.00344482
4 0.00183707
4.32 0.000935595
4.64 0.000471494
