# f(v_x, v_y, v_z), v_z = const
# nv_x = 30, nv_y = 30, nv_z = 30
# n = 0.993966 , T = 2.29393 , E = 6.84027 , vec_p = {-1.57609e-015 -1.73284e-017 1.40181e-017}
-4.64 0.000842445
-4.32 0.00179682
-4 0.00364497
-3.68 0.00661396
-3.36 0.0108441
-3.04 0.015959
-2.72 0.0211369
-2.4 0.0257626
-2.08 0.0277431
-1.76 0.0277244
-1.44 0.0250406
-1.12 0.0199948
-0.8 0.0151264
-0.48 0.0109907
-0.16 0.00872807
0.16 0.00877145
0.48 0.0109694
0.8 0.0150174
1.12 0.0198071
1.44 0.0245065
1.76 0.0268614
2.08 0.0280802
2.4 0.0258702
2.72 0.0216504
3.04 0.0159034
3.36 0.0107825
3.68 0.00655735
4 0.00356148
4.32 0.00181538
4.64 0.000834114
