# f(v_x, v_y, v_z), v_z = const
# nv_x = 30, nv_y = 30, nv_z = 30
# n = 0.993966 , T = 2.29393 , E = 6.84027 , vec_p = {-2.44766e-015 -1.13651e-017 -6.38778e-018}
-4.64 0.0009469
-4.32 0.00209183
-4 0.0041643
-3.68 0.00752966
-3.36 0.0122215
-3.04 0.0178686
-2.72 0.0237297
-2.4 0.0283411
-2.08 0.0306333
-1.76 0.0300348
-1.44 0.0264913
-1.12 0.0212287
-0.8 0.0156735
-0.48 0.0111938
-0.16 0.00869692
0.16 0.00869955
0.48 0.011138
0.8 0.015668
1.12 0.0211793
1.44 0.0264749
1.76 0.029937
2.08 0.0307396
2.4 0.0285031
2.72 0.0238108
3.04 0.017965
3.36 0.0122413
3.68 0.00748957
4 0.00414759
4.32 0.00209236
4.64 0.000943844
