# f(v_x, v_y, v_z), v_z = const
# nv_x = 30, nv_y = 30, nv_z = 30
# n = 0.993966 , T = 2.29393 , E = 6.84027 , vec_p = {-3.4098e-015 -2.62119e-017 1.50697e-017}
-4.64 0.000914215
-4.32 0.00201173
-4 0.0040172
-3.68 0.00723851
-3.36 0.0118108
-3.04 0.0172913
-2.72 0.022988
-2.4 0.02739
-2.08 0.0299263
-1.76 0.0296189
-1.44 0.0260817
-1.12 0.0210124
-0.8 0.0155245
-0.48 0.0111329
-0.16 0.00867213
0.16 0.00872926
0.48 0.0110456
0.8 0.015497
1.12 0.0209228
1.44 0.0261069
1.76 0.0290628
2.08 0.0301203
2.4 0.0276254
2.72 0.023197
3.04 0.0172918
3.36 0.0117819
3.68 0.00721808
4 0.00399624
4.32 0.00203206
4.64 0.000924915
