# f(v_x, v_y, v_z), v_z = const
# nv_x = 30, nv_y = 30, nv_z = 30
# n = 0.993966 , T = 2.29393 , E = 6.84027 , vec_p = {-4.23599e-015 3.91172e-017 1.62208e-017}
-4.64 0.000805523
-4.32 0.00170542
-4 0.00344549
-3.68 0.00627898
-3.36 0.0103411
-3.04 0.0153565
-2.72 0.020452
-2.4 0.0246374
-2.08 0.0269368
-1.76 0.0269067
-1.44 0.0242303
-1.12 0.0197407
-0.8 0.014839
-0.48 0.0110065
-0.16 0.00881917
0.16 0.00886444
0.48 0.0109665
0.8 0.0148535
1.12 0.0193542
1.44 0.0239684
1.76 0.0261197
2.08 0.0267933
2.4 0.0249156
2.72 0.0206037
3.04 0.0151953
3.36 0.0101949
3.68 0.00622261
4 0.00339348
4.32 0.00170246
4.64 0.000796775
