# f(v_x, v_y, v_z), v_z = const
# nv_x = 30, nv_y = 30, nv_z = 30
# n = 0.993966 , T = 2.29393 , E = 6.84027 , vec_p = {1.98003e-015 1.67509e-016 -4.29798e-017}
-4.64 0.000369514
-4.32 0.000655192
-4 0.00130383
-3.68 0.00240378
-3.36 0.00398821
-3.04 0.00630015
-2.72 0.00883162
-2.4 0.0116447
-2.08 0.0138055
-1.76 0.0154008
-1.44 0.0159049
-1.12 0.0149501
-0.8 0.0138633
-0.48 0.0126359
-0.16 0.011948
0.16 0.0118622
0.48 0.012605
0.8 0.0136675
1.12 0.0150358
1.44 0.0157654
1.76 0.015097
2.08 0.0137448
2.4 0.0114636
2.72 0.00898237
3.04 0.00607591
3.36 0.00398711
3.68 0.00240074
4 0.00128849
4.32 0.000662199
4.64 0.000360249
