# f(v_x, v_y, v_z), v_z = const
# nv_x = 30, nv_y = 30, nv_z = 30
# n = 0.993966 , T = 2.29393 , E = 6.84027 , vec_p = {1.97257e-015 2.20535e-017 -8.44258e-017}
-4.64 0.000311949
-4.32 0.000548391
-4 0.00105866
-3.68 0.00192465
-3.36 0.00323013
-3.04 0.00508072
-2.72 0.00717056
-2.4 0.00969945
-2.08 0.0117665
-1.76 0.0134904
-1.44 0.0144887
-1.12 0.014312
-0.8 0.013795
-0.48 0.0132633
-0.16 0.0128797
0.16 0.0127919
0.48 0.0132684
0.8 0.0137199
1.12 0.0143142
1.44 0.0143632
1.76 0.0132936
2.08 0.011702
2.4 0.00949396
2.72 0.00728739
3.04 0.00492536
3.36 0.00316887
3.68 0.00194689
4 0.00105145
4.32 0.000557073
4.64 0.000312509
