# f(v_x, v_y, v_z), v_z = const
# nv_x = 30, nv_y = 30, nv_z = 30
# n = 0.993966 , T = 2.29393 , E = 6.84027 , vec_p = {-2.88697e-015 1.52726e-016 2.48157e-018}
-4.64 0.000512042
-4.32 0.000976904
-4 0.00199149
-3.68 0.00376657
-3.36 0.00622562
-3.04 0.00969532
-2.72 0.0133083
-2.4 0.0164153
-2.08 0.0189482
-1.76 0.0197795
-1.44 0.0191557
-1.12 0.0166918
-0.8 0.0139061
-0.48 0.0116419
-0.16 0.0103229
0.16 0.0102186
0.48 0.0115749
0.8 0.0137607
1.12 0.0163934
1.44 0.0187563
1.76 0.0193589
2.08 0.0185942
2.4 0.0163017
2.72 0.0134364
3.04 0.00930155
3.36 0.00623069
3.68 0.00372738
4 0.00198571
4.32 0.000999073
4.64 0.00050603
