# f(v_x, v_y, v_z), v_z = const
# nv_x = 30, nv_y = 30, nv_z = 30
# n = 0.993966 , T = 2.29393 , E = 6.84027 , vec_p = {1.33454e-015 5.97522e-017 -1.20015e-017}
-4.64 0.000385138
-4.32 0.000688554
-4 0.0013762
-3.68 0.00255479
-3.36 0.00425874
-3.04 0.0067823
-2.72 0.0094208
-2.4 0.0123177
-2.08 0.0144695
-1.76 0.0160111
-1.44 0.0163419
-1.12 0.0151843
-0.8 0.0138288
-0.48 0.0124623
-0.16 0.0116936
0.16 0.0116144
0.48 0.0124249
0.8 0.0136389
1.12 0.0152639
1.44 0.0161773
1.76 0.015654
2.08 0.014314
2.4 0.0121465
2.72 0.00955029
3.04 0.00655292
3.36 0.00430276
3.68 0.00256805
4 0.00138307
4.32 0.000699019
4.64 0.000378446
