# f(v_x, v_y, v_z), v_z = const
# nv_x = 30, nv_y = 30, nv_z = 30
# n = 0.993966 , T = 2.29393 , E = 6.84027 , vec_p = {1.1724e-015 1.4178e-016 -2.81282e-017}
-4.64 0.000381022
-4.32 0.000676081
-4 0.0013531
-3.68 0.00251558
-3.36 0.0041533
-3.04 0.00658834
-2.72 0.00921142
-2.4 0.0120928
-2.08 0.0142342
-1.76 0.0158119
-1.44 0.0161996
-1.12 0.0151048
-0.8 0.0138496
-0.48 0.0125263
-0.16 0.0117701
0.16 0.0116978
0.48 0.0124804
0.8 0.0136548
1.12 0.0152034
1.44 0.0160344
1.76 0.0154808
2.08 0.0141132
2.4 0.0119315
2.72 0.00938514
3.04 0.00638412
3.36 0.00420927
3.68 0.00250668
4 0.00135367
4.32 0.00068814
4.64 0.00037213
