# f(v_x, v_y, v_z), v_z = const
# nv_x = 30, nv_y = 30, nv_z = 30
# n = 0.993966 , T = 2.29393 , E = 6.84027 , vec_p = {-4.76693e-015 1.71616e-016 3.16902e-018}
-4.64 0.000548118
-4.32 0.00107278
-4 0.00219384
-3.68 0.00409661
-3.36 0.00680682
-3.04 0.0105578
-2.72 0.0142997
-2.4 0.0175217
-2.08 0.020081
-1.76 0.0209263
-1.44 0.0198385
-1.12 0.0172137
-0.8 0.013999
-0.48 0.0115455
-0.16 0.0100173
0.16 0.00994621
0.48 0.0114099
0.8 0.0138394
1.12 0.0168654
1.44 0.0195526
1.76 0.0202986
2.08 0.019747
2.4 0.0176675
2.72 0.0145513
3.04 0.0101435
3.36 0.00685881
3.68 0.00407082
4 0.00217531
4.32 0.00109209
4.64 0.000539661
