# f(v_x, v_y, v_z), v_z = const
# nv_x = 30, nv_y = 30, nv_z = 30
# n = 0.993966 , T = 2.29393 , E = 6.84027 , vec_p = {-2.80366e-015 1.99373e-016 -8.44156e-017}
-4.64 0.000332401
-4.32 0.000585524
-4 0.00113493
-3.68 0.0020794
-3.36 0.00348869
-3.04 0.00550012
-2.72 0.00771474
-2.4 0.0103048
-2.08 0.0124349
-1.76 0.0140752
-1.44 0.0149808
-1.12 0.0144841
-0.8 0.0138085
-0.48 0.0130767
-0.16 0.0125347
0.16 0.0124595
0.48 0.013026
0.8 0.0136978
1.12 0.0145791
1.44 0.0147997
1.76 0.0138712
2.08 0.012401
2.4 0.0101508
2.72 0.00780161
3.04 0.00530482
3.36 0.00342922
3.68 0.00210435
4 0.00112501
4.32 0.000587072
4.64 0.000327429
