# f(v_x, v_y, v_z), v_z = const
# nv_x = 30, nv_y = 30, nv_z = 30
# n = 0.993966 , T = 2.29393 , E = 6.84027 , vec_p = {9.75653e-016 1.02673e-018 1.17408e-017}
-4.64 0.000737502
-4.32 0.00154467
-4 0.00311629
-3.68 0.0057011
-3.36 0.00958801
-3.04 0.0141968
-2.72 0.0191613
-2.4 0.0230324
-2.08 0.0254302
-1.76 0.0253734
-1.44 0.0233442
-1.12 0.01908
-0.8 0.0145609
-0.48 0.0109969
-0.16 0.00904068
0.16 0.00900113
0.48 0.0110461
0.8 0.0144556
1.12 0.0185577
1.44 0.0225731
1.76 0.0246105
2.08 0.0251237
2.4 0.0230954
2.72 0.0192645
3.04 0.0138631
3.36 0.00939721
3.68 0.00570111
4 0.00308047
4.32 0.00154559
4.64 0.000739872
