# f(v_x, v_y, v_z), v_z = const
# nv_x = 30, nv_y = 30, nv_z = 30
# n = 0.993966 , T = 2.29393 , E = 6.84027 , vec_p = {4.71978e-016 2.33531e-016 -3.16769e-018}
-4.64 0.000404707
-4.32 0.000726918
-4 0.00146319
-3.68 0.00275179
-3.36 0.00454819
-3.04 0.00724423
-2.72 0.010058
-2.4 0.0129164
-2.08 0.015268
-1.76 0.0166503
-1.44 0.0167613
-1.12 0.0153903
-0.8 0.0138381
-0.48 0.0123158
-0.16 0.0114518
0.16 0.0113458
0.48 0.0122616
0.8 0.0136292
1.12 0.0154151
1.44 0.0166565
1.76 0.0162578
2.08 0.0150471
2.4 0.0128217
2.72 0.0101847
3.04 0.00697285
3.36 0.00460652
3.68 0.00277756
4 0.00146349
4.32 0.000742659
4.64 0.000396297
