# f(v_x, v_y, v_z), v_z = const
# nv_x = 30, nv_y = 30, nv_z = 30
# n = 0.993966 , T = 2.29393 , E = 6.84027 , vec_p = {6.79411e-015 -1.35969e-016 1.52447e-017}
-4.64 0.00092188
-4.32 0.00202128
-4 0.00403601
-3.68 0.00729543
-3.36 0.0118659
-3.04 0.0173661
-2.72 0.0231625
-2.4 0.027778
-2.08 0.0300231
-1.76 0.029729
-1.44 0.0260981
-1.12 0.0210218
-0.8 0.0155536
-0.48 0.0111433
-0.16 0.00867736
0.16 0.00871381
0.48 0.0110653
0.8 0.015562
1.12 0.0209335
1.44 0.0261687
1.76 0.0292191
2.08 0.0301758
2.4 0.027727
2.72 0.0233378
3.04 0.0173215
3.36 0.0118086
3.68 0.00727131
4 0.00403847
4.32 0.00204906
4.64 0.000925741
