# f(v_x, v_y, v_z), v_z = const
# nv_x = 30, nv_y = 30, nv_z = 30
# n = 0.993966 , T = 2.29393 , E = 6.84027 , vec_p = {8.90921e-016 2.17486e-016 -9.66947e-017}
-4.64 0.000350237
-4.32 0.000614989
-4 0.00120434
-3.68 0.00222562
-3.36 0.00371206
-3.04 0.00586121
-2.72 0.00824271
-2.4 0.0109012
-2.08 0.0129874
-1.76 0.0146572
-1.44 0.0153708
-1.12 0.0146965
-0.8 0.0138398
-0.48 0.0128558
-0.16 0.0122585
0.16 0.0121833
0.48 0.0128474
0.8 0.0136932
1.12 0.0147712
1.44 0.0152348
1.76 0.0144524
2.08 0.0130067
2.4 0.0108164
2.72 0.00837546
3.04 0.00564183
3.36 0.00369675
3.68 0.00223955
4 0.00119354
4.32 0.000619
4.64 0.000339849
