# f(v_x, v_y, v_z), v_z = const
# nv_x = 30, nv_y = 30, nv_z = 30
# n = 0.993966 , T = 2.29393 , E = 6.84027 , vec_p = {-1.35645e-015 3.57208e-017 -1.77605e-017}
-4.64 0.000394907
-4.32 0.000705259
-4 0.00141474
-3.68 0.00262606
-3.36 0.00436374
-3.04 0.00695951
-2.72 0.00966283
-2.4 0.0125428
-2.08 0.0147361
-1.76 0.0162349
-1.44 0.0165146
-1.12 0.0152632
-0.8 0.0138455
-0.48 0.0123952
-0.16 0.0115871
0.16 0.0115099
0.48 0.012341
0.8 0.0136147
1.12 0.0153067
1.44 0.0163191
1.76 0.0158918
2.08 0.014639
2.4 0.0124425
2.72 0.00981394
3.04 0.00671368
3.36 0.00440909
3.68 0.00264731
4 0.00141447
4.32 0.000713365
4.64 0.000385219
