# f(v_x, v_y, v_z), v_z = const
# nv_x = 30, nv_y = 30, nv_z = 30
# n = 0.993966 , T = 2.29393 , E = 6.84027 , vec_p = {-1.10525e-015 1.63966e-016 -9.95612e-017}
-4.64 0.000326699
-4.32 0.000574039
-4 0.00111658
-3.68 0.00203824
-3.36 0.00343471
-3.04 0.00542367
-2.72 0.007571
-2.4 0.0101662
-2.08 0.0122486
-1.76 0.0138899
-1.44 0.0148158
-1.12 0.0144437
-0.8 0.0137922
-0.48 0.0131319
-0.16 0.0126364
0.16 0.0125485
0.48 0.0131139
0.8 0.0137015
1.12 0.0145064
1.44 0.0146766
1.76 0.0136981
2.08 0.0122052
2.4 0.00997306
2.72 0.00767856
3.04 0.00522138
3.36 0.00337184
3.68 0.00206875
4 0.00110551
4.32 0.000577462
4.64 0.000323811
