# f(v_x, v_y, v_z), v_z = const
# nv_x = 30, nv_y = 30, nv_z = 30
# n = 0.993966 , T = 2.29393 , E = 6.84027 , vec_p = {3.21303e-015 5.54365e-017 1.04889e-017}
-4.64 0.000420781
-4.32 0.00076966
-4 0.00155435
-3.68 0.00289348
-3.36 0.00485474
-3.04 0.00763548
-2.72 0.0106088
-2.4 0.0134385
-2.08 0.0157998
-1.76 0.0171654
-1.44 0.0171971
-1.12 0.0155349
-0.8 0.0138512
-0.48 0.0121711
-0.16 0.0112463
0.16 0.0111129
0.48 0.0120956
0.8 0.013615
1.12 0.0155745
1.44 0.0169223
1.76 0.016716
2.08 0.0156666
2.4 0.0133493
2.72 0.0107439
3.04 0.0073672
3.36 0.00485343
3.68 0.0029187
4 0.00153195
4.32 0.000782887
4.64 0.000415407
