# f(v_x, v_y, v_z), v_z = const
# nv_x = 30, nv_y = 30, nv_z = 30
# n = 0.993966 , T = 2.29393 , E = 6.84027 , vec_p = {-6.97113e-015 -1.5925e-017 1.01466e-017}
-4.64 0.000673873
-4.32 0.00137007
-4 0.00278426
-3.68 0.00513946
-3.36 0.00849556
-3.04 0.0128639
-2.72 0.0173327
-2.4 0.0208986
-2.08 0.0234871
-1.76 0.0237073
-1.44 0.0223449
-1.12 0.0184111
-0.8 0.0143087
-0.48 0.0110965
-0.16 0.00928152
0.16 0.00929356
0.48 0.0110831
0.8 0.0142104
1.12 0.0180397
1.44 0.0216505
1.76 0.0234111
2.08 0.0233714
2.4 0.021243
2.72 0.017649
3.04 0.0125057
3.36 0.00839945
3.68 0.00500142
4 0.0027983
4.32 0.0013741
4.64 0.000667632
