# f(v_x, v_y, v_z), v_z = const
# nv_x = 30, nv_y = 30, nv_z = 30
# n = 0.993966 , T = 2.29393 , E = 6.84027 , vec_p = {-3.27287e-015 1.35984e-016 -6.46838e-017}
-4.64 0.000365502
-4.32 0.000647135
-4 0.00128063
-3.68 0.00236845
-3.36 0.00394424
-3.04 0.00621762
-2.72 0.00870641
-2.4 0.0115059
-2.08 0.0136239
-1.76 0.0152956
-1.44 0.0157849
-1.12 0.0149157
-0.8 0.0138724
-0.48 0.0126756
-0.16 0.0120093
0.16 0.0119255
0.48 0.0126551
0.8 0.0136658
1.12 0.0149761
1.44 0.0156281
1.76 0.0150021
2.08 0.0136194
2.4 0.0113167
2.72 0.00885408
3.04 0.00597082
3.36 0.00392505
3.68 0.00236489
4 0.00126919
4.32 0.000651876
4.64 0.000356456
