# f(v_x, v_y, v_z), v_z = const
# nv_x = 30, nv_y = 30, nv_z = 30
# n = 0.993966 , T = 2.29393 , E = 6.84027 , vec_p = {-3.28872e-015 3.75557e-017 -9.80727e-018}
-4.64 0.000487637
-4.32 0.00092105
-4 0.00187104
-3.68 0.00354266
-3.36 0.00586058
-3.04 0.00924943
-2.72 0.0126452
-2.4 0.015665
-2.08 0.0180912
-1.76 0.0190728
-1.44 0.0186322
-1.12 0.0164001
-0.8 0.0138872
-0.48 0.0117166
-0.16 0.0105475
0.16 0.0104316
0.48 0.0117254
0.8 0.0137913
1.12 0.0161554
1.44 0.0183422
1.76 0.0186827
2.08 0.0177036
2.4 0.0154791
2.72 0.0126502
3.04 0.00874473
3.36 0.00584117
3.68 0.00350225
4 0.00186451
4.32 0.000949685
4.64 0.000480846
