# f(v_x, v_y, v_z), v_z = const
# nv_x = 30, nv_y = 30, nv_z = 30
# n = 0.993966 , T = 2.29393 , E = 6.84027 , vec_p = {8.81393e-016 8.84448e-018 6.03961e-020}
-4.64 0.00062685
-4.32 0.00125447
-4 0.00259539
-3.68 0.00480337
-3.36 0.00785282
-3.04 0.0119779
-2.72 0.0161983
-2.4 0.0196663
-2.08 0.0223277
-1.76 0.0226467
-1.44 0.0213589
-1.12 0.0179968
-0.8 0.0142251
-0.48 0.0112457
-0.16 0.00947763
0.16 0.00948712
0.48 0.0111959
0.8 0.0140258
1.12 0.017542
1.44 0.0209362
1.76 0.022239
2.08 0.0220715
2.4 0.0199149
2.72 0.0164584
3.04 0.0116015
3.36 0.00780247
3.68 0.00467802
4 0.00255681
4.32 0.00128547
4.64 0.000616977
