# f(v_x, v_y, v_z), v_z = const
# nv_x = 30, nv_y = 30, nv_z = 30
# n = 0.993966 , T = 2.29393 , E = 6.84027 , vec_p = {1.86729e-015 1.16351e-016 -2.0326e-017}
-4.64 0.000398067
-4.32 0.000711943
-4 0.00142898
-3.68 0.00267182
-3.36 0.00441104
-3.04 0.00704666
-2.72 0.00979083
-2.4 0.0126496
-2.08 0.0148877
-1.76 0.0163753
-1.44 0.0166032
-1.12 0.0153104
-0.8 0.0138446
-0.48 0.0123698
-0.16 0.0115529
0.16 0.0114634
0.48 0.0123154
0.8 0.013606
1.12 0.0153281
1.44 0.0164431
1.76 0.0159843
2.08 0.0147513
2.4 0.0125778
2.72 0.00991714
3.04 0.00680957
3.36 0.00448014
3.68 0.00269033
4 0.00143137
4.32 0.000725172
4.64 0.000388408
