# f(v_x, v_y, v_z), v_z = const
# nv_x = 30, nv_y = 30, nv_z = 30
# n = 0.993966 , T = 2.29393 , E = 6.84027 , vec_p = {-4.64343e-016 7.72005e-017 -1.35794e-016}
-4.64 0.000210983
-4.32 0.00037702
-4 0.000646357
-3.68 0.0010631
-3.36 0.00167749
-3.04 0.00253946
-2.72 0.00368822
-2.4 0.00513902
-2.08 0.00686964
-1.76 0.00881004
-1.44 0.0108395
-1.12 0.0127948
-0.8 0.0144892
-0.48 0.0157416
-0.16 0.016408
0.16 0.0164079
0.48 0.0157417
0.8 0.0144893
1.12 0.0127947
1.44 0.0108396
1.76 0.00880999
2.08 0.00686959
2.4 0.00513901
2.72 0.0036882
3.04 0.00253948
3.36 0.00167749
3.68 0.00106309
4 0.000646356
4.32 0.00037702
4.64 0.000210983
