# f(v_x, v_y, v_z), v_z = const
# nv_x = 30, nv_y = 30, nv_z = 30
# n = 0.993966 , T = 2.29393 , E = 6.84027 , vec_p = {-4.6927e-015 2.50999e-018 -4.35332e-017}
-4.64 0.00021095
-4.32 0.000377016
-4 0.00064639
-3.68 0.00106321
-3.36 0.00167783
-3.04 0.00254005
-2.72 0.00368939
-2.4 0.00514081
-2.08 0.00687185
-1.76 0.00881225
-1.44 0.0108407
-1.12 0.0127941
-0.8 0.0144863
-0.48 0.0157348
-0.16 0.0163999
0.16 0.016399
0.48 0.0157345
0.8 0.0144863
1.12 0.0127934
1.44 0.0108413
1.76 0.00881144
2.08 0.00687131
2.4 0.0051408
2.72 0.00368933
3.04 0.00254028
3.36 0.00167781
3.68 0.00106323
4 0.000646367
4.32 0.000376962
4.64 0.000210964
