# f(v_x, v_y, v_z), v_z = const
# nv_x = 30, nv_y = 30, nv_z = 30
# n = 0.993966 , T = 2.29393 , E = 6.84027 , vec_p = {2.13597e-015 6.27605e-017 -1.74882e-018}
-4.64 0.000380073
-4.32 0.000775795
-4 0.00164977
-3.68 0.00281957
-3.36 0.00556955
-3.04 0.0081542
-2.72 0.0105957
-2.4 0.0143603
-2.08 0.0174509
-1.76 0.0192246
-1.44 0.0188041
-1.12 0.0163005
-0.8 0.0136775
-0.48 0.0119617
-0.16 0.0110177
0.16 0.0108359
0.48 0.0123071
0.8 0.0141881
1.12 0.0164265
1.44 0.0190266
1.76 0.0171897
2.08 0.0158031
2.4 0.0132911
2.72 0.0100793
3.04 0.0090565
3.36 0.00507596
3.68 0.00312179
4 0.00175228
4.32 0.000904496
4.64 0.000459164
