# f(v_x, v_y, v_z), v_z = const
# nv_x = 30, nv_y = 30, nv_z = 30
# n = 0.993966 , T = 2.29393 , E = 6.84027 , vec_p = {-2.52289e-015 -1.51087e-016 -8.77427e-017}
-4.64 0.000211104
-4.32 0.000377765
-4 0.0006506
-3.68 0.00107105
-3.36 0.00169641
-3.04 0.00256733
-2.72 0.00373552
-2.4 0.00521585
-2.08 0.00696058
-1.76 0.00891172
-1.44 0.010907
-1.12 0.0127978
-0.8 0.0144356
-0.48 0.0156007
-0.16 0.0162202
0.16 0.0162107
0.48 0.0155979
0.8 0.0144332
1.12 0.0128055
1.44 0.0109209
1.76 0.00888895
2.08 0.00695333
2.4 0.00521014
2.72 0.00373213
3.04 0.0025781
3.36 0.00169423
3.68 0.00106902
4 0.000650272
4.32 0.000377276
4.64 0.000211804
