# f(v_x, v_y, v_z), v_z = const
# nv_x = 30, nv_y = 30, nv_z = 30
# n = 0.993966 , T = 2.29393 , E = 6.84027 , vec_p = {3.89775e-016 1.20393e-017 -8.26592e-017}
-4.64 0.000210963
-4.32 0.000377539
-4 0.000649369
-3.68 0.00106874
-3.36 0.00169085
-3.04 0.00255988
-2.72 0.00372389
-2.4 0.00519683
-2.08 0.00693472
-1.76 0.00888015
-1.44 0.0108868
-1.12 0.0127937
-0.8 0.014448
-0.48 0.0156308
-0.16 0.0162638
0.16 0.0162536
0.48 0.015629
0.8 0.0144453
1.12 0.0127992
1.44 0.0108992
1.76 0.00886765
2.08 0.00692798
2.4 0.00519347
2.72 0.0037207
3.04 0.00256608
3.36 0.0016901
3.68 0.00106738
4 0.000649028
4.32 0.000377158
4.64 0.000211474
