# f(v_x, v_y, v_z), v_z = const
# nv_x = 30, nv_y = 30, nv_z = 30
# n = 0.993966 , T = 2.29393 , E = 6.84027 , vec_p = {6.21441e-017 -4.67537e-018 -1.43059e-017}
-4.64 0.000361545
-4.32 0.000744996
-4 0.00154654
-3.68 0.00264646
-3.36 0.00525371
-3.04 0.00750487
-2.72 0.010054
-2.4 0.0135741
-2.08 0.0166353
-1.76 0.0181125
-1.44 0.0176385
-1.12 0.0159624
-0.8 0.0137529
-0.48 0.0121663
-0.16 0.0112427
0.16 0.0111407
0.48 0.0123587
0.8 0.0141277
1.12 0.0159418
1.44 0.0184661
1.76 0.0163987
2.08 0.0149583
2.4 0.0126983
2.72 0.00967707
3.04 0.0084582
3.36 0.0047659
3.68 0.00289348
4 0.00159034
4.32 0.000838213
4.64 0.000424346
