# f(v_x, v_y, v_z), v_z = const
# nv_x = 30, nv_y = 30, nv_z = 30
# n = 0.993966 , T = 2.29393 , E = 6.84027 , vec_p = {-2.08111e-015 -4.82734e-017 -8.99303e-017}
-4.64 0.000216869
-4.32 0.000391215
-4 0.000686183
-3.68 0.00113171
-3.36 0.00184278
-3.04 0.00280319
-2.72 0.00411926
-2.4 0.00575035
-2.08 0.0076832
-1.76 0.0095618
-1.44 0.0114676
-1.12 0.0129735
-0.8 0.0142799
-0.48 0.0151171
-0.16 0.0154878
0.16 0.0154351
0.48 0.0150749
0.8 0.0142821
1.12 0.0130583
1.44 0.0115308
1.76 0.00943657
2.08 0.00748964
2.4 0.0056702
2.72 0.00403855
3.04 0.00289378
3.36 0.00183332
3.68 0.00113263
4 0.000695931
4.32 0.00038779
4.64 0.000222095
