# f(v_x, v_y, v_z), v_z = const
# nv_x = 30, nv_y = 30, nv_z = 30
# n = 0.993966 , T = 2.29393 , E = 6.84027 , vec_p = {8.23093e-017 -5.46034e-017 -2.74447e-019}
-4.64 0.000540908
-4.32 0.00115356
-4 0.00244801
-3.68 0.00400767
-3.36 0.00766069
-3.04 0.0115265
-2.72 0.0154291
-2.4 0.0190385
-2.08 0.0228071
-1.76 0.0239768
-1.44 0.0215104
-1.12 0.0177295
-0.8 0.0140544
-0.48 0.0114123
-0.16 0.00976823
0.16 0.00980444
0.48 0.0114618
0.8 0.0146393
1.12 0.0179887
1.44 0.0215469
1.76 0.0207781
2.08 0.0214634
2.4 0.0187208
2.72 0.0144584
3.04 0.0121242
3.36 0.00733263
3.68 0.00455299
4 0.00255137
4.32 0.001382
4.64 0.000583568
