# f(v_x, v_y, v_z), v_z = const
# nv_x = 30, nv_y = 30, nv_z = 30
# n = 0.993966 , T = 2.29393 , E = 6.84027 , vec_p = {-2.61338e-016 1.0971e-016 -9.15845e-018}
-4.64 0.000447375
-4.32 0.000912165
-4 0.00195428
-3.68 0.00331572
-3.36 0.00631599
-3.04 0.00933076
-2.72 0.0124795
-2.4 0.0158594
-2.08 0.0194906
-1.76 0.0212536
-1.44 0.0199325
-1.12 0.0170353
-0.8 0.0139771
-0.48 0.0115642
-0.16 0.010438
0.16 0.0102382
0.48 0.012023
0.8 0.0143755
1.12 0.0167451
1.44 0.0203399
1.76 0.0185502
2.08 0.0175335
2.4 0.0151204
2.72 0.0112952
3.04 0.0105191
3.36 0.00600974
3.68 0.00366595
4 0.00210617
4.32 0.00107927
4.64 0.000509446
