# f(v_x, v_y, v_z), v_z = const
# nv_x = 30, nv_y = 30, nv_z = 30
# n = 0.993966 , T = 2.29393 , E = 6.84027 , vec_p = {2.13801e-015 1.25361e-016 -6.29528e-017}
-4.64 0.00021084
-4.32 0.000377337
-4 0.000647784
-3.68 0.00106645
-3.36 0.00168507
-3.04 0.00255244
-2.72 0.00371013
-2.4 0.00517681
-2.08 0.00691178
-1.76 0.00885732
-1.44 0.0108711
-1.12 0.0127899
-0.8 0.0144582
-0.48 0.0156624
-0.16 0.0163084
0.16 0.0163
0.48 0.0156635
0.8 0.0144589
1.12 0.0127958
1.44 0.0108791
1.76 0.00884674
2.08 0.00690576
2.4 0.00517288
2.72 0.00370921
3.04 0.0025556
3.36 0.00168497
3.68 0.00106558
4 0.000647837
4.32 0.000377084
4.64 0.000211197
