# f(v_x, v_y, v_z), v_z = const
# nv_x = 30, nv_y = 30, nv_z = 30
# n = 0.993966 , T = 2.29393 , E = 6.84027 , vec_p = {2.84826e-015 -2.6226e-016 -6.12532e-017}
-4.64 0.000220187
-4.32 0.000400124
-4 0.000707349
-3.68 0.00116223
-3.36 0.00195528
-3.04 0.00296246
-2.72 0.00431439
-2.4 0.00603603
-2.08 0.00796245
-1.76 0.00989842
-1.44 0.0117884
-1.12 0.0130854
-0.8 0.0142252
-0.48 0.0149335
-0.16 0.0152415
0.16 0.0151261
0.48 0.0148709
0.8 0.0142782
1.12 0.0131777
1.44 0.0117822
1.76 0.00965806
2.08 0.00774391
2.4 0.00588274
2.72 0.00421053
3.04 0.00308526
3.36 0.00190528
3.68 0.00118316
4 0.000721078
4.32 0.000397965
4.64 0.000226622
