# f(v_x, v_y, v_z), v_z = const
# nv_x = 30, nv_y = 30, nv_z = 30
# n = 0.993966 , T = 2.29393 , E = 6.84027 , vec_p = {2.04828e-015 -3.76161e-017 -9.37739e-018}
-4.64 0.000879637
-4.32 0.00199751
-4 0.0040044
-3.68 0.00682159
-3.36 0.0117204
-3.04 0.0173225
-2.72 0.0231485
-2.4 0.0277818
-2.08 0.0296833
-1.76 0.0295213
-1.44 0.0261454
-1.12 0.0208984
-0.8 0.0151722
-0.48 0.0110366
-0.16 0.00873959
0.16 0.00879356
0.48 0.0113749
0.8 0.0157322
1.12 0.0207742
1.44 0.0253096
1.76 0.029148
2.08 0.0293895
2.4 0.0284213
2.72 0.0228147
3.04 0.0172342
3.36 0.0116087
3.68 0.00701379
4 0.00389572
4.32 0.00201257
4.64 0.000880733
