# f(v_x, v_y, v_z), v_z = const
# nv_x = 30, nv_y = 30, nv_z = 30
# n = 0.993966 , T = 2.29393 , E = 6.84027 , vec_p = {1.29916e-015 -3.21911e-017 -4.6386e-017}
-4.64 0.000210938
-4.32 0.000377016
-4 0.000646388
-3.68 0.00106326
-3.36 0.00167792
-3.04 0.00254019
-2.72 0.00368965
-2.4 0.00514128
-2.08 0.00687241
-1.76 0.00881282
-1.44 0.0108411
-1.12 0.0127938
-0.8 0.0144857
-0.48 0.0157332
-0.16 0.016398
0.16 0.0163972
0.48 0.015733
0.8 0.0144856
1.12 0.0127932
1.44 0.0108418
1.76 0.0088119
2.08 0.00687168
2.4 0.00514124
2.72 0.00368954
3.04 0.0025405
3.36 0.00167791
3.68 0.00106329
4 0.000646393
4.32 0.000376953
4.64 0.00021096
