# f(v_x, v_y, v_z), v_z = const
# nv_x = 30, nv_y = 30, nv_z = 30
# n = 0.993966 , T = 2.29393 , E = 6.84027 , vec_p = {3.20026e-015 -4.43121e-017 -3.33844e-017}
-4.64 0.000210873
-4.32 0.000377046
-4 0.000646497
-3.68 0.00106359
-3.36 0.00167883
-3.04 0.00254175
-2.72 0.00369213
-2.4 0.00514477
-2.08 0.00687771
-1.76 0.00881798
-1.44 0.0108441
-1.12 0.0127928
-0.8 0.0144812
-0.48 0.0157218
-0.16 0.0163839
0.16 0.0163829
0.48 0.0157215
0.8 0.0144807
1.12 0.0127923
1.44 0.0108464
1.76 0.00881507
2.08 0.0068754
2.4 0.00514546
2.72 0.00369171
3.04 0.00254227
3.36 0.00167857
3.68 0.00106353
4 0.000646504
4.32 0.000376941
4.64 0.000210932
