# f(v_x, v_y, v_z), v_z = const
# nv_x = 30, nv_y = 30, nv_z = 30
# n = 0.993966 , T = 2.29393 , E = 6.84027 , vec_p = {1.14068e-015 1.53736e-016 -4.26739e-017}
-4.64 0.0002109
-4.32 0.000377021
-4 0.000646413
-3.68 0.00106341
-3.36 0.00167822
-3.04 0.00254063
-2.72 0.00369058
-2.4 0.0051427
-2.08 0.00687435
-1.76 0.0088149
-1.44 0.0108421
-1.12 0.0127934
-0.8 0.0144838
-0.48 0.0157287
-0.16 0.0163927
0.16 0.0163921
0.48 0.0157287
0.8 0.0144841
1.12 0.0127927
1.44 0.0108431
1.76 0.00881316
2.08 0.00687301
2.4 0.00514269
2.72 0.00369036
3.04 0.00254111
3.36 0.00167821
3.68 0.00106336
4 0.000646446
4.32 0.000376956
4.64 0.000210941
