# f(v_x, v_y, v_z), v_z = const
# nv_x = 30, nv_y = 30, nv_z = 30
# n = 0.993966 , T = 2.29393 , E = 6.84027 , vec_p = {4.55611e-016 -1.20193e-016 -2.53042e-017}
-4.64 0.00021087
-4.32 0.000377061
-4 0.000646684
-3.68 0.00106404
-3.36 0.00167948
-3.04 0.00254309
-2.72 0.00369465
-2.4 0.00514861
-2.08 0.00688221
-1.76 0.00882316
-1.44 0.0108468
-1.12 0.0127922
-0.8 0.0144776
-0.48 0.0157124
-0.16 0.0163708
0.16 0.0163695
0.48 0.0157121
0.8 0.014477
1.12 0.0127915
1.44 0.0108505
1.76 0.00881832
2.08 0.00687947
2.4 0.00514978
2.72 0.0036938
3.04 0.0025439
3.36 0.0016794
3.68 0.0010637
4 0.000646682
4.32 0.00037689
4.64 0.000210947
