# f(v_x, v_y, v_z), v_z = const
# nv_x = 30, nv_y = 30, nv_z = 30
# n = 0.993966 , T = 2.29393 , E = 6.84027 , vec_p = {1.99661e-015 -3.66036e-017 -9.48166e-017}
-4.64 0.000210971
-4.32 0.000377014
-4 0.000646358
-3.68 0.00106312
-3.36 0.00167758
-3.04 0.00253959
-2.72 0.00368849
-2.4 0.00513938
-2.08 0.00687016
-1.76 0.00881053
-1.44 0.0108397
-1.12 0.0127946
-0.8 0.0144884
-0.48 0.0157398
-0.16 0.0164059
0.16 0.0164056
0.48 0.0157399
0.8 0.0144885
1.12 0.0127943
1.44 0.0108399
1.76 0.00881032
2.08 0.00686995
2.4 0.0051394
2.72 0.00368843
3.04 0.00253962
3.36 0.00167755
3.68 0.0010631
4 0.000646358
4.32 0.000377007
4.64 0.000210976
