# f(v_x, v_y, v_z), v_z = const
# nv_x = 30, nv_y = 30, nv_z = 30
# n = 0.993966 , T = 2.29393 , E = 6.84027 , vec_p = {2.45904e-015 -5.53246e-017 -1.07114e-018}
-4.64 0.0007152
-4.32 0.0015604
-4 0.00327745
-3.68 0.00563816
-3.36 0.0103316
-3.04 0.0151274
-2.72 0.0207094
-2.4 0.0255825
-2.08 0.0272752
-1.76 0.0275658
-1.44 0.0251113
-1.12 0.0197382
-0.8 0.0149244
-0.48 0.0109022
-0.16 0.00890227
0.16 0.00910431
0.48 0.0112151
0.8 0.0151565
1.12 0.0201781
1.44 0.0244026
1.76 0.0265519
2.08 0.0267509
2.4 0.0256656
2.72 0.0194388
3.04 0.0152868
3.36 0.0100498
3.68 0.00635095
4 0.00324821
4.32 0.00179669
4.64 0.000807145
