# f(v_x, v_y, v_z), v_z = const
# nv_x = 30, nv_y = 30, nv_z = 30
# n = 0.993966 , T = 2.29393 , E = 6.84027 , vec_p = {-3.82055e-015 1.7279e-016 -9.50839e-018}
-4.64 0.000428367
-4.32 0.000844456
-4 0.0018443
-3.68 0.00322612
-3.36 0.00617462
-3.04 0.00908732
-2.72 0.0120277
-2.4 0.0154079
-2.08 0.019112
-1.76 0.0207186
-1.44 0.0196467
-1.12 0.0167106
-0.8 0.0137797
-0.48 0.0116939
-0.16 0.0106819
0.16 0.0103776
0.48 0.0120677
0.8 0.0143128
1.12 0.0167218
1.44 0.0199573
1.76 0.0181534
2.08 0.0171586
2.4 0.0143761
2.72 0.0109778
3.04 0.010172
3.36 0.00570161
3.68 0.00353035
4 0.00205626
4.32 0.00103008
4.64 0.000489933
