# f(v_x, v_y, v_z), v_z = const
# nv_x = 30, nv_y = 30, nv_z = 30
# n = 0.993966 , T = 2.29393 , E = 6.84027 , vec_p = {7.31333e-016 8.25944e-017 -9.13931e-017}
-4.64 0.000216349
-4.32 0.000390217
-4 0.000683559
-3.68 0.00112892
-3.36 0.00183483
-3.04 0.00278631
-2.72 0.00409837
-2.4 0.00573326
-2.08 0.00766319
-1.76 0.00953231
-1.44 0.0114424
-1.12 0.0129655
-0.8 0.014291
-0.48 0.015138
-0.16 0.0155139
0.16 0.0154596
0.48 0.0150949
0.8 0.0142919
1.12 0.013055
1.44 0.0114783
1.76 0.00938692
2.08 0.0074617
2.4 0.00563859
2.72 0.00400404
3.04 0.00287806
3.36 0.00182687
3.68 0.00112866
4 0.000692991
4.32 0.000386948
4.64 0.000221551
