# f(v_x, v_y, v_z), v_z = const
# nv_x = 30, nv_y = 30, nv_z = 30
# n = 0.993966 , T = 2.29393 , E = 6.84027 , vec_p = {-7.2545e-016 1.05657e-016 -1.0925e-016}
-4.64 0.000210974
-4.32 0.000377016
-4 0.000646359
-3.68 0.00106311
-3.36 0.00167757
-3.04 0.00253955
-2.72 0.00368842
-2.4 0.00513928
-2.08 0.00687
-1.76 0.00881039
-1.44 0.0108396
-1.12 0.0127947
-0.8 0.0144886
-0.48 0.0157403
-0.16 0.0164064
0.16 0.0164061
0.48 0.0157404
0.8 0.0144887
1.12 0.0127944
1.44 0.0108398
1.76 0.00881022
2.08 0.00686987
2.4 0.00513929
2.72 0.00368837
3.04 0.00253958
3.36 0.00167754
3.68 0.00106311
4 0.000646354
4.32 0.000377012
4.64 0.000210977
