# f(v_x, v_y, v_z), v_z = const
# nv_x = 30, nv_y = 30, nv_z = 30
# n = 0.993966 , T = 2.29393 , E = 6.84027 , vec_p = {3.23051e-015 -6.17399e-017 -3.02665e-017}
-4.64 0.000236793
-4.32 0.000433774
-4 0.000825203
-3.68 0.00133921
-3.36 0.00246053
-3.04 0.0037097
-2.72 0.00517144
-2.4 0.00736865
-2.08 0.00953029
-1.76 0.011574
-1.44 0.012973
-1.12 0.0136452
-0.8 0.0140528
-0.48 0.0142769
-0.16 0.0142489
0.16 0.0140839
0.48 0.0142288
0.8 0.0141748
1.12 0.0137409
1.44 0.013078
1.76 0.0107879
2.08 0.00899815
2.4 0.00680291
2.72 0.00505474
3.04 0.00402865
3.36 0.00234695
3.68 0.00142221
4 0.00084868
4.32 0.000437056
4.64 0.000261707
