# f(v_x, v_y, v_z), v_z = const
# nv_x = 30, nv_y = 30, nv_z = 30
# n = 0.993966 , T = 2.29393 , E = 6.84027 , vec_p = {-5.22761e-016 4.68123e-017 -1.38046e-016}
-4.64 0.000210986
-4.32 0.000377023
-4 0.000646358
-3.68 0.00106309
-3.36 0.00167748
-3.04 0.00253944
-2.72 0.00368815
-2.4 0.00513893
-2.08 0.00686953
-1.76 0.00880993
-1.44 0.0108395
-1.12 0.0127949
-0.8 0.0144895
-0.48 0.0157421
-0.16 0.0164086
0.16 0.0164085
0.48 0.0157422
0.8 0.0144895
1.12 0.0127948
1.44 0.0108395
1.76 0.00880992
2.08 0.00686952
2.4 0.00513893
2.72 0.00368815
3.04 0.00253944
3.36 0.00167748
3.68 0.00106309
4 0.000646357
4.32 0.000377022
4.64 0.000210986
