# f(v_x, v_y, v_z), v_z = const
# nv_x = 30, nv_y = 30, nv_z = 30
# n = 0.993966 , T = 2.29393 , E = 6.84027 , vec_p = {-2.85496e-015 3.42881e-017 -7.98339e-018}
-4.64 0.000298499
-4.32 0.000580375
-4 0.00128143
-3.68 0.00210612
-3.36 0.00402989
-3.04 0.00602958
-2.72 0.00828534
-2.4 0.0112147
-2.08 0.0139191
-1.76 0.0157656
-1.44 0.0158994
-1.12 0.0151214
-0.8 0.013888
-0.48 0.0128874
-0.16 0.0120857
0.16 0.011978
0.48 0.0130442
0.8 0.0142737
1.12 0.0151114
1.44 0.016456
1.76 0.0139977
2.08 0.0127462
2.4 0.0101229
2.72 0.00782554
3.04 0.00676457
3.36 0.00378215
3.68 0.00220235
4 0.0013153
4.32 0.000640156
4.64 0.000358565
