# f(v_x, v_y, v_z), v_z = const
# nv_x = 30, nv_y = 30, nv_z = 30
# n = 0.993966 , T = 2.29393 , E = 6.84027 , vec_p = {2.0084e-015 1.61864e-016 -9.66756e-017}
-4.64 0.000211348
-4.32 0.00037794
-4 0.000651973
-3.68 0.00107282
-3.36 0.00170016
-3.04 0.00257691
-2.72 0.00375039
-2.4 0.00523465
-2.08 0.00698802
-1.76 0.00893836
-1.44 0.0109244
-1.12 0.0128036
-0.8 0.0144297
-0.48 0.0155768
-0.16 0.0161823
0.16 0.0161775
0.48 0.0155718
0.8 0.0144236
1.12 0.012808
1.44 0.0109443
1.76 0.00890965
2.08 0.00697478
2.4 0.00522596
2.72 0.00374047
3.04 0.00258888
3.36 0.00169909
3.68 0.00107132
4 0.000651659
4.32 0.000377668
4.64 0.000212138
