# f(v_x, v_y, v_z), v_z = const
# nv_x = 30, nv_y = 30, nv_z = 30
# n = 0.993966 , T = 2.29393 , E = 6.84027 , vec_p = {2.30979e-015 1.71015e-016 -7.84648e-017}
-4.64 0.000210971
-4.32 0.000377013
-4 0.000646358
-3.68 0.00106312
-3.36 0.0016776
-3.04 0.00253963
-2.72 0.00368854
-2.4 0.00513951
-2.08 0.00687029
-1.76 0.00881063
-1.44 0.0108397
-1.12 0.0127946
-0.8 0.0144882
-0.48 0.0157394
-0.16 0.0164054
0.16 0.0164051
0.48 0.0157394
0.8 0.0144883
1.12 0.0127942
1.44 0.01084
1.76 0.00881042
2.08 0.00687006
2.4 0.00513949
2.72 0.00368849
3.04 0.00253967
3.36 0.00167757
3.68 0.0010631
4 0.000646357
4.32 0.000377005
4.64 0.000210975
