# f(v_x, v_y, v_z), v_z = const
# nv_x = 30, nv_y = 30, nv_z = 30
# n = 0.993966 , T = 2.29393 , E = 6.84027 , vec_p = {-2.42125e-015 3.74802e-017 -7.20726e-017}
-4.64 0.000210796
-4.32 0.000377096
-4 0.000647179
-3.68 0.00106527
-3.36 0.00168195
-3.04 0.00254805
-2.72 0.0037023
-2.4 0.00516281
-2.08 0.0068971
-1.76 0.00884215
-1.44 0.0108591
-1.12 0.0127891
-0.8 0.0144681
-0.48 0.0156859
-0.16 0.0163365
0.16 0.0163334
0.48 0.0156852
0.8 0.0144684
1.12 0.0127925
1.44 0.0108652
1.76 0.00883319
2.08 0.00689141
2.4 0.00516087
2.72 0.00370148
3.04 0.0025499
3.36 0.00168234
3.68 0.00106493
4 0.000647224
4.32 0.000376937
4.64 0.000210994
