# f(v_x, v_y, v_z), v_z = const
# nv_x = 30, nv_y = 30, nv_z = 30
# n = 0.993966 , T = 2.29393 , E = 6.84027 , vec_p = {-8.06015e-016 1.95098e-016 -9.52776e-017}
-4.64 0.00021098
-4.32 0.000377018
-4 0.00064636
-3.68 0.0010631
-3.36 0.00167752
-3.04 0.00253948
-2.72 0.00368831
-2.4 0.00513914
-2.08 0.00686979
-1.76 0.00881014
-1.44 0.0108396
-1.12 0.0127948
-0.8 0.0144889
-0.48 0.0157411
-0.16 0.0164074
0.16 0.0164072
0.48 0.0157412
0.8 0.0144891
1.12 0.0127946
1.44 0.0108396
1.76 0.00881009
2.08 0.00686971
2.4 0.00513911
2.72 0.00368828
3.04 0.00253953
3.36 0.0016775
3.68 0.0010631
4 0.000646352
4.32 0.000377017
4.64 0.000210979
