# f(v_x, v_y, v_z), v_z = const
# nv_x = 30, nv_y = 30, nv_z = 30
# n = 0.993966 , T = 2.29393 , E = 6.84027 , vec_p = {1.74074e-015 -9.92273e-017 -7.56621e-017}
-4.64 0.000210954
-4.32 0.000377418
-4 0.000649067
-3.68 0.00106824
-3.36 0.00168921
-3.04 0.00255835
-2.72 0.00372097
-2.4 0.00519303
-2.08 0.00692985
-1.76 0.00887604
-1.44 0.0108819
-1.12 0.0127925
-0.8 0.0144511
-0.48 0.0156382
-0.16 0.0162728
0.16 0.0162635
0.48 0.0156379
0.8 0.0144484
1.12 0.0127978
1.44 0.0108952
1.76 0.0088624
2.08 0.00692248
2.4 0.00518874
2.72 0.00371809
3.04 0.00256415
3.36 0.00168879
3.68 0.00106702
4 0.000648919
4.32 0.000377161
4.64 0.000211392
