# f(v_x, v_y, v_z), v_z = const
# nv_x = 30, nv_y = 30, nv_z = 30
# n = 0.993966 , T = 2.29393 , E = 6.84027 , vec_p = {-5.5919e-016 -5.90612e-017 -7.80496e-017}
-4.64 0.000211376
-4.32 0.000378189
-4 0.00065319
-3.68 0.00107396
-3.36 0.00170519
-3.04 0.00258173
-2.72 0.00375815
-2.4 0.00524733
-2.08 0.0070042
-1.76 0.00895867
-1.44 0.0109379
-1.12 0.0128135
-0.8 0.0144278
-0.48 0.0155556
-0.16 0.0161584
0.16 0.016152
0.48 0.015552
0.8 0.0144198
1.12 0.0128161
1.44 0.0109663
1.76 0.00892571
2.08 0.00698757
2.4 0.00523958
2.72 0.00374637
3.04 0.00259815
3.36 0.00170291
3.68 0.00107317
4 0.000652303
4.32 0.000377584
4.64 0.000212426
