# f(v_x, v_y, v_z), v_z = const
# nv_x = 30, nv_y = 30, nv_z = 30
# n = 0.993966 , T = 2.29393 , E = 6.84027 , vec_p = {-1.62688e-015 -1.37033e-016 -5.78471e-017}
-4.64 0.000210845
-4.32 0.000377019
-4 0.000646843
-3.68 0.00106444
-3.36 0.00167994
-3.04 0.00254451
-2.72 0.00369632
-2.4 0.00515304
-2.08 0.00688721
-1.76 0.00882895
-1.44 0.0108508
-1.12 0.0127915
-0.8 0.0144748
-0.48 0.0157039
-0.16 0.0163597
0.16 0.0163588
0.48 0.0157038
0.8 0.0144739
1.12 0.0127913
1.44 0.0108552
1.76 0.00882322
2.08 0.00688313
2.4 0.00515265
2.72 0.00369601
3.04 0.00254577
3.36 0.00168004
3.68 0.00106395
4 0.000646933
4.32 0.000376867
4.64 0.000210947
