# f(v_x, v_y, v_z), v_z = const
# nv_x = 30, nv_y = 30, nv_z = 30
# n = 0.993966 , T = 2.29393 , E = 6.84027 , vec_p = {-3.10072e-015 -3.22986e-017 -1.0964e-016}
-4.64 0.000210977
-4.32 0.000377018
-4 0.000646358
-3.68 0.00106311
-3.36 0.00167755
-3.04 0.00253953
-2.72 0.00368838
-2.4 0.00513923
-2.08 0.00686993
-1.76 0.0088103
-1.44 0.0108396
-1.12 0.0127947
-0.8 0.0144887
-0.48 0.0157406
-0.16 0.0164068
0.16 0.0164065
0.48 0.0157407
0.8 0.0144888
1.12 0.0127945
1.44 0.0108397
1.76 0.00881015
2.08 0.00686981
2.4 0.00513921
2.72 0.00368833
3.04 0.00253956
3.36 0.00167753
3.68 0.00106311
4 0.000646354
4.32 0.000377017
4.64 0.000210978
