# f(v_x, v_y, v_z), v_z = const
# nv_x = 30, nv_y = 30, nv_z = 30
# n = 0.993966 , T = 2.29393 , E = 6.84027 , vec_p = {-5.39557e-015 -6.93099e-017 -8.24567e-017}
-4.64 0.000210975
-4.32 0.000377546
-4 0.000649175
-3.68 0.00106848
-3.36 0.00169026
-3.04 0.00255958
-2.72 0.00372252
-2.4 0.00519523
-2.08 0.006931
-1.76 0.00887783
-1.44 0.0108826
-1.12 0.0127926
-0.8 0.0144494
-0.48 0.015635
-0.16 0.0162697
0.16 0.0162582
0.48 0.0156329
0.8 0.0144463
1.12 0.012799
1.44 0.0108975
1.76 0.00886568
2.08 0.00692514
2.4 0.00519168
2.72 0.00371916
3.04 0.00256519
3.36 0.00168955
3.68 0.00106715
4 0.000649019
4.32 0.000377146
4.64 0.000211436
