# f(v_x, v_y, v_z), v_z = const
# nv_x = 30, nv_y = 30, nv_z = 30
# n = 0.993966 , T = 2.29393 , E = 6.84027 , vec_p = {-4.70076e-015 2.42464e-016 -2.65215e-017}
-4.64 0.000257691
-4.32 0.000493596
-4 0.000956637
-3.68 0.00154196
-3.36 0.0029896
-3.04 0.00440373
-2.72 0.00629243
-2.4 0.00858491
-2.08 0.0110425
-1.76 0.0134682
-1.44 0.0142253
-1.12 0.0141919
-0.8 0.0140594
-0.48 0.0136161
-0.16 0.0132958
0.16 0.0132577
0.48 0.013801
0.8 0.0141075
1.12 0.0142518
1.44 0.0143146
1.76 0.0119742
2.08 0.0103941
2.4 0.00787868
2.72 0.00599236
3.04 0.00500436
3.36 0.00282038
3.68 0.00168754
4 0.000978456
4.32 0.000496264
4.64 0.000295262
