# f(v_x, v_y, v_z), v_z = const
# nv_x = 30, nv_y = 30, nv_z = 30
# n = 0.993966 , T = 2.29393 , E = 6.84027 , vec_p = {-1.60462e-015 -1.89115e-016 -3.01079e-017}
-4.64 0.000210875
-4.32 0.000377026
-4 0.000646501
-3.68 0.00106368
-3.36 0.00167895
-3.04 0.00254204
-2.72 0.00369264
-2.4 0.00514546
-2.08 0.00687862
-1.76 0.00881929
-1.44 0.0108449
-1.12 0.0127926
-0.8 0.0144805
-0.48 0.0157194
-0.16 0.0163806
0.16 0.0163798
0.48 0.0157192
0.8 0.0144798
1.12 0.0127922
1.44 0.0108474
1.76 0.00881563
2.08 0.00687639
2.4 0.00514666
2.72 0.00369221
3.04 0.00254264
3.36 0.00167886
3.68 0.00106357
4 0.000646508
4.32 0.000376927
4.64 0.000210932
