# f(v_x, v_y, v_z), v_z = const
# nv_x = 30, nv_y = 30, nv_z = 30
# n = 0.993966 , T = 2.29393 , E = 6.84027 , vec_p = {1.51048e-015 -1.00164e-016 -8.70326e-017}
-4.64 0.000211108
-4.32 0.00037769
-4 0.000650218
-3.68 0.00107067
-3.36 0.00169483
-3.04 0.00256509
-2.72 0.00373261
-2.4 0.00520979
-2.08 0.00695213
-1.76 0.00890546
-1.44 0.0109013
-1.12 0.0127962
-0.8 0.0144385
-0.48 0.0156099
-0.16 0.0162347
0.16 0.0162259
0.48 0.0156095
0.8 0.0144376
1.12 0.0128011
1.44 0.0109148
1.76 0.00887976
2.08 0.00694651
2.4 0.00520661
2.72 0.0037291
3.04 0.00257321
3.36 0.00169235
3.68 0.00106849
4 0.00064987
4.32 0.000377416
4.64 0.000211719
