# f(v_x, v_y, v_z), v_z = const
# nv_x = 30, nv_y = 30, nv_z = 30
# n = 0.993966 , T = 2.29393 , E = 6.84027 , vec_p = {-4.046e-015 -3.96918e-017 -1.20519e-016}
-4.64 0.000210987
-4.32 0.000377024
-4 0.000646358
-3.68 0.00106309
-3.36 0.00167748
-3.04 0.00253942
-2.72 0.00368813
-2.4 0.0051389
-2.08 0.00686949
-1.76 0.0088099
-1.44 0.0108395
-1.12 0.0127949
-0.8 0.0144896
-0.48 0.0157423
-0.16 0.0164088
0.16 0.0164087
0.48 0.0157424
0.8 0.0144896
1.12 0.0127949
1.44 0.0108395
1.76 0.00880989
2.08 0.00686949
2.4 0.0051389
2.72 0.00368813
3.04 0.00253943
3.36 0.00167748
3.68 0.00106309
4 0.000646358
4.32 0.000377024
4.64 0.000210987
