# f(v_x, v_y, v_z), v_z = const
# nv_x = 30, nv_y = 30, nv_z = 30
# n = 0.993966 , T = 2.29393 , E = 6.84027 , vec_p = {2.4367e-016 2.60236e-018 -9.46141e-017}
-4.64 0.000210979
-4.32 0.000377019
-4 0.000646359
-3.68 0.0010631
-3.36 0.00167753
-3.04 0.0025395
-2.72 0.00368833
-2.4 0.00513917
-2.08 0.00686983
-1.76 0.0088102
-1.44 0.0108396
-1.12 0.0127947
-0.8 0.0144889
-0.48 0.0157409
-0.16 0.0164072
0.16 0.0164069
0.48 0.015741
0.8 0.014489
1.12 0.0127945
1.44 0.0108397
1.76 0.00881011
2.08 0.00686974
2.4 0.00513914
2.72 0.00368829
3.04 0.00253954
3.36 0.00167751
3.68 0.0010631
4 0.000646352
4.32 0.000377017
4.64 0.000210978
