# f(v_x, v_y, v_z), v_z = const
# nv_x = 30, nv_y = 30, nv_z = 30
# n = 0.993966 , T = 2.29393 , E = 6.84027 , vec_p = {-1.35781e-016 -9.93152e-017 -7.96576e-017}
-4.64 0.000210901
-4.32 0.000377311
-4 0.000648612
-3.68 0.00106776
-3.36 0.00168806
-3.04 0.00255644
-2.72 0.00371744
-2.4 0.00518825
-2.08 0.00692682
-1.76 0.00887223
-1.44 0.0108783
-1.12 0.0127916
-0.8 0.014452
-0.48 0.0156442
-0.16 0.0162828
0.16 0.0162743
0.48 0.0156459
0.8 0.0144526
1.12 0.0127977
1.44 0.0108906
1.76 0.00885672
2.08 0.00691779
2.4 0.00518376
2.72 0.00371572
3.04 0.00256181
3.36 0.00168769
3.68 0.00106638
4 0.000648639
4.32 0.000377097
4.64 0.000211358
