# f(v_x, v_y, v_z), v_z = const
# nv_x = 30, nv_y = 30, nv_z = 30
# n = 0.993966 , T = 2.29393 , E = 6.84027 , vec_p = {-9.7959e-016 -1.12141e-017 -1.99734e-017}
-4.64 0.000331917
-4.32 0.000681522
-4 0.00139559
-3.68 0.00234738
-3.36 0.00459252
-3.04 0.00681813
-2.72 0.00931273
-2.4 0.0124543
-2.08 0.0150298
-1.76 0.0170125
-1.44 0.0170691
-1.12 0.0155902
-0.8 0.0138519
-0.48 0.0125379
-0.16 0.011591
0.16 0.0114626
0.48 0.0126438
0.8 0.0141114
1.12 0.0156029
1.44 0.0176589
1.76 0.0153986
2.08 0.0142066
2.4 0.0115956
2.72 0.00880816
3.04 0.00757379
3.36 0.00432815
3.68 0.00253879
4 0.0014462
4.32 0.000718434
4.64 0.000384402
