# f(v_x, v_y, v_z), v_z = const
# nv_x = 30, nv_y = 30, nv_z = 30
# n = 0.993966 , T = 2.29393 , E = 6.84027 , vec_p = {-7.49694e-016 -4.63203e-017 -8.6176e-017}
-4.64 0.000215971
-4.32 0.000389502
-4 0.000683288
-3.68 0.0011276
-3.36 0.00182846
-3.04 0.00277048
-2.72 0.00407977
-2.4 0.00570561
-2.08 0.00762091
-1.76 0.00951281
-1.44 0.0114293
-1.12 0.0129525
-0.8 0.0143014
-0.48 0.0151567
-0.16 0.0155606
0.16 0.0154904
0.48 0.015111
0.8 0.0142979
1.12 0.0130466
1.44 0.0114533
1.76 0.00935892
2.08 0.007439
2.4 0.00561841
2.72 0.00398834
3.04 0.00286319
3.36 0.00181801
3.68 0.00112726
4 0.000688405
4.32 0.000386371
4.64 0.000220628
