# f(v_x, v_y, v_z), v_z = const
# nv_x = 30, nv_y = 30, nv_z = 30
# n = 0.993966 , T = 2.29393 , E = 6.84027 , vec_p = {6.1392e-015 3.75193e-017 -2.3864e-017}
-4.64 0.000231825
-4.32 0.000429131
-4 0.000801548
-3.68 0.00129888
-3.36 0.00237215
-3.04 0.00352005
-2.72 0.00500723
-2.4 0.00713871
-2.08 0.009144
-1.76 0.0112265
-1.44 0.0125951
-1.12 0.0134984
-0.8 0.014038
-0.48 0.0143993
-0.16 0.014463
0.16 0.014274
0.48 0.0142933
0.8 0.0141836
1.12 0.0136087
1.44 0.0127926
1.76 0.0104882
2.08 0.00877895
2.4 0.00659345
2.72 0.00487199
3.04 0.00382082
3.36 0.00227799
3.68 0.00137173
4 0.000819136
4.32 0.000430409
4.64 0.000251871
