# f(v_x, v_y, v_z), v_z = const
# nv_x = 30, nv_y = 30, nv_z = 30
# n = 0.993966 , T = 2.29393 , E = 6.84027 , vec_p = {1.65769e-015 2.99707e-017 -8.78209e-017}
-4.64 0.000213187
-4.32 0.000386718
-4 0.00067158
-3.68 0.00110446
-3.36 0.00177076
-3.04 0.00268844
-2.72 0.00393393
-2.4 0.00552445
-2.08 0.00735945
-1.76 0.00929038
-1.44 0.0112054
-1.12 0.0128796
-0.8 0.0143534
-0.48 0.0152804
-0.16 0.0157946
0.16 0.0157419
0.48 0.0152734
0.8 0.014326
1.12 0.0129339
1.44 0.011225
1.76 0.00916541
2.08 0.00722771
2.4 0.00546115
2.72 0.00388981
3.04 0.00274619
3.36 0.00176279
3.68 0.00110342
4 0.000673871
4.32 0.000382062
4.64 0.000217095
