# f(v_x, v_y, v_z), v_z = const
# nv_x = 30, nv_y = 30, nv_z = 30
# n = 0.993966 , T = 2.29393 , E = 6.84027 , vec_p = {1.12029e-015 9.05533e-017 -1.05239e-016}
-4.64 0.00021098
-4.32 0.000377018
-4 0.00064636
-3.68 0.0010631
-3.36 0.00167752
-3.04 0.00253949
-2.72 0.00368831
-2.4 0.00513915
-2.08 0.0068698
-1.76 0.00881016
-1.44 0.0108396
-1.12 0.0127948
-0.8 0.0144889
-0.48 0.015741
-0.16 0.0164073
0.16 0.0164071
0.48 0.0157411
0.8 0.014489
1.12 0.0127946
1.44 0.0108396
1.76 0.00881009
2.08 0.00686972
2.4 0.00513912
2.72 0.00368828
3.04 0.00253953
3.36 0.00167751
3.68 0.0010631
4 0.000646352
4.32 0.000377017
4.64 0.000210979
