# f(v_x, v_y, v_z), v_z = const
# nv_x = 30, nv_y = 30, nv_z = 30
# n = 0.993966 , T = 2.29393 , E = 6.84027 , vec_p = {1.23883e-017 1.21403e-016 -9.11262e-017}
-4.64 0.000217299
-4.32 0.00039362
-4 0.000690576
-3.68 0.00113964
-3.36 0.00186634
-3.04 0.00283742
-2.72 0.00415855
-2.4 0.0058087
-2.08 0.00772567
-1.76 0.00962962
-1.44 0.011534
-1.12 0.0129743
-0.8 0.0142728
-0.48 0.0150808
-0.16 0.0154418
0.16 0.0153494
0.48 0.0150189
0.8 0.014277
1.12 0.0130895
1.44 0.0115972
1.76 0.00948179
2.08 0.00753521
2.4 0.00571043
2.72 0.0040738
3.04 0.00292983
3.36 0.00185049
3.68 0.00114366
4 0.000699733
4.32 0.000388499
4.64 0.000223149
