# f(v_x, v_y, v_z), v_z = const
# nv_x = 30, nv_y = 30, nv_z = 30
# n = 0.993966 , T = 2.29393 , E = 6.84027 , vec_p = {-3.42832e-015 -5.17053e-017 -5.48286e-017}
-4.64 0.000225327
-4.32 0.000414474
-4 0.000756696
-3.68 0.001218
-3.36 0.00212919
-3.04 0.00320092
-2.72 0.00465399
-2.4 0.00645309
-2.08 0.00851506
-1.76 0.0105075
-1.44 0.0121575
-1.12 0.0132674
-0.8 0.0141847
-0.48 0.0147294
-0.16 0.0148412
0.16 0.0146737
0.48 0.0145476
0.8 0.0142507
1.12 0.0134279
1.44 0.0122095
1.76 0.0100611
2.08 0.00827874
2.4 0.00626134
2.72 0.00455191
3.04 0.00340826
3.36 0.00204688
3.68 0.00126617
4 0.000767047
4.32 0.000411089
4.64 0.000236786
