# f(v_x, v_y, v_z), v_z = const
# nv_x = 30, nv_y = 30, nv_z = 30
# n = 0.993966 , T = 2.29393 , E = 6.84027 , vec_p = {-3.20858e-015 -1.98614e-017 -6.83511e-017}
-4.64 0.000210965
-4.32 0.000377015
-4 0.000646366
-3.68 0.00106315
-3.36 0.00167766
-3.04 0.00253976
-2.72 0.00368876
-2.4 0.00513984
-2.08 0.0068707
-1.76 0.00881106
-1.44 0.01084
-1.12 0.0127945
-0.8 0.0144876
-0.48 0.0157381
-0.16 0.0164038
0.16 0.0164034
0.48 0.015738
0.8 0.0144877
1.12 0.012794
1.44 0.0108403
1.76 0.00881076
2.08 0.00687035
2.4 0.00513985
2.72 0.00368872
3.04 0.00253981
3.36 0.00167764
3.68 0.00106313
4 0.000646349
4.32 0.000376989
4.64 0.000210973
