# f(v_x, v_y, v_z), v_z = const
# nv_x = 30, nv_y = 30, nv_z = 30
# n = 0.993966 , T = 2.29393 , E = 6.84027 , vec_p = {2.86813e-015 8.04929e-017 -4.00315e-017}
-4.64 0.000248462
-4.32 0.000473353
-4 0.000898317
-3.68 0.00144196
-3.36 0.0027733
-3.04 0.00403355
-2.72 0.0057367
-2.4 0.00807351
-2.08 0.0103696
-1.76 0.0125614
-1.44 0.0136317
-1.12 0.0139659
-0.8 0.0140201
-0.48 0.0138412
-0.16 0.0138069
0.16 0.0136475
0.48 0.0139555
0.8 0.0141698
1.12 0.013971
1.44 0.0137107
1.76 0.0115859
2.08 0.00968482
2.4 0.00737802
2.72 0.00548537
3.04 0.00451129
3.36 0.00256207
3.68 0.0015769
4 0.000914562
4.32 0.000462312
4.64 0.000278934
