# f(v_x, v_y, v_z), v_z = const
# nv_x = 30, nv_y = 30, nv_z = 30
# n = 0.993966 , T = 2.29393 , E = 6.84027 , vec_p = {3.50457e-015 2.4024e-016 -1.06469e-016}
-4.64 0.000210978
-4.32 0.000377018
-4 0.000646357
-3.68 0.0010631
-3.36 0.00167754
-3.04 0.00253952
-2.72 0.00368836
-2.4 0.00513921
-2.08 0.00686988
-1.76 0.00881025
-1.44 0.0108396
-1.12 0.0127947
-0.8 0.0144888
-0.48 0.0157407
-0.16 0.0164069
0.16 0.0164067
0.48 0.0157408
0.8 0.0144889
1.12 0.0127945
1.44 0.0108397
1.76 0.00881014
2.08 0.00686978
2.4 0.00513919
2.72 0.00368832
3.04 0.00253955
3.36 0.00167752
3.68 0.00106311
4 0.000646354
4.32 0.000377016
4.64 0.000210978
