# f(v_x, v_y, v_z), v_z = const
# nv_x = 30, nv_y = 30, nv_z = 30
# n = 0.993966 , T = 2.29393 , E = 6.84027 , vec_p = {-2.29182e-015 2.38627e-017 -9.02265e-017}
-4.64 0.000211076
-4.32 0.000377658
-4 0.000649844
-3.68 0.00107009
-3.36 0.00169398
-3.04 0.00256367
-2.72 0.00373021
-2.4 0.0052074
-2.08 0.0069492
-1.76 0.00890157
-1.44 0.0108977
-1.12 0.0127957
-0.8 0.0144405
-0.48 0.0156147
-0.16 0.0162398
0.16 0.0162319
0.48 0.0156142
0.8 0.0144399
1.12 0.0128013
1.44 0.0109129
1.76 0.00887757
2.08 0.00694236
2.4 0.00520202
2.72 0.00372621
3.04 0.00257134
3.36 0.00169123
3.68 0.00106825
4 0.000649511
4.32 0.000377398
4.64 0.000211682
