# f(v_x, v_y, v_z), v_z = const
# nv_x = 30, nv_y = 30, nv_z = 30
# n = 0.993966 , T = 2.29393 , E = 6.84027 , vec_p = {1.56348e-016 6.33431e-017 -1.04552e-017}
-4.64 0.000341449
-4.32 0.000696741
-4 0.00146598
-3.68 0.00245407
-3.36 0.00482743
-3.04 0.00694334
-2.72 0.00948988
-2.4 0.0128554
-2.08 0.0154002
-1.76 0.0172746
-1.44 0.0172663
-1.12 0.0156344
-0.8 0.0138271
-0.48 0.0124297
-0.16 0.0114856
0.16 0.0114004
0.48 0.0125911
0.8 0.0140823
1.12 0.0156641
1.44 0.0179462
1.76 0.0156637
2.08 0.014521
2.4 0.0119229
2.72 0.00909589
3.04 0.00794542
3.36 0.00443419
3.68 0.00268299
4 0.00152064
4.32 0.000750275
4.64 0.000393199
