# f(v_x, v_y, v_z), v_z = const
# nv_x = 30, nv_y = 30, nv_z = 30
# n = 0.993966 , T = 2.29393 , E = 6.84027 , vec_p = {1.16367e-015 5.86216e-017 -8.49241e-017}
-4.64 0.000211781
-4.32 0.000379378
-4 0.000656815
-3.68 0.00107945
-3.36 0.00171705
-3.04 0.00260348
-2.72 0.00379174
-2.4 0.00528959
-2.08 0.00707011
-1.76 0.00903022
-1.44 0.0109814
-1.12 0.0128235
-0.8 0.0144074
-0.48 0.0154994
-0.16 0.0160785
0.16 0.0160715
0.48 0.0154959
0.8 0.0143962
1.12 0.0128354
1.44 0.0110133
1.76 0.0089729
2.08 0.00703772
2.4 0.00527406
2.72 0.0037683
3.04 0.00262902
3.36 0.00171347
3.68 0.00107738
4 0.000656673
4.32 0.000378531
4.64 0.000213401
