# f(v_x, v_y, v_z), v_z = const
# nv_x = 30, nv_y = 30, nv_z = 30
# n = 0.993966 , T = 2.29393 , E = 6.84027 , vec_p = {2.14952e-015 -4.22045e-017 -3.08606e-017}
-4.64 0.000228916
-4.32 0.000423851
-4 0.000790337
-3.68 0.00127249
-3.36 0.00230352
-3.04 0.00340274
-2.72 0.00490597
-2.4 0.00686712
-2.08 0.00894008
-1.76 0.0109974
-1.44 0.0124766
-1.12 0.0134
-0.8 0.0141091
-0.48 0.0145026
-0.16 0.0145734
0.16 0.0143767
0.48 0.0143257
0.8 0.0141845
1.12 0.0135463
1.44 0.0125975
1.76 0.0103684
2.08 0.00866152
2.4 0.00651673
2.72 0.00478795
3.04 0.00367952
3.36 0.00219455
3.68 0.00133644
4 0.000802694
4.32 0.000421569
4.64 0.000246476
