# f(v_x, v_y, v_z), v_z = const
# nv_x = 30, nv_y = 30, nv_z = 30
# n = 0.993966 , T = 2.29393 , E = 6.84027 , vec_p = {-7.39099e-016 2.5462e-016 -1.90168e-017}
-4.64 0.000283862
-4.32 0.000540521
-4 0.00112008
-3.68 0.00182293
-3.36 0.0035567
-3.04 0.00519846
-2.72 0.00753679
-2.4 0.010068
-2.08 0.0126084
-1.76 0.0148675
-1.44 0.0153256
-1.12 0.014807
-0.8 0.0140838
-0.48 0.0132215
-0.16 0.0125671
0.16 0.0124726
0.48 0.0134236
0.8 0.0142217
1.12 0.0147966
1.44 0.0155572
1.76 0.0133327
2.08 0.0119913
2.4 0.00912358
2.72 0.0070462
3.04 0.00602285
3.36 0.00334569
3.68 0.00194228
4 0.00114383
4.32 0.000571335
4.64 0.000330876
