# f(v_x, v_y, v_z), v_z = const
# nv_x = 30, nv_y = 30, nv_z = 30
# n = 0.993966 , T = 2.29393 , E = 6.84027 , vec_p = {-1.23806e-015 5.92335e-017 -7.06275e-017}
-4.64 0.000223681
-4.32 0.000407679
-4 0.000731706
-3.68 0.00118996
-3.36 0.00203952
-3.04 0.00308786
-2.72 0.00449246
-2.4 0.00622262
-2.08 0.00823185
-1.76 0.0101752
-1.44 0.0119793
-1.12 0.013174
-0.8 0.0141825
-0.48 0.0148262
-0.16 0.0150348
0.16 0.0148685
0.48 0.0146792
0.8 0.0142376
1.12 0.0132436
1.44 0.0120213
1.76 0.00986451
2.08 0.00804392
2.4 0.00607547
2.72 0.00439489
3.04 0.00323836
3.36 0.00198177
3.68 0.00122881
4 0.000743586
4.32 0.000404605
4.64 0.000230952
