# f(v_x, v_y, v_z), v_z = const
# nv_x = 30, nv_y = 30, nv_z = 30
# n = 0.993966 , T = 2.29393 , E = 6.84027 , vec_p = {-2.03104e-015 -1.26157e-016 -7.86664e-017}
-4.64 0.000211791
-4.32 0.000379598
-4 0.000657369
-3.68 0.00108025
-3.36 0.00171806
-3.04 0.00260627
-2.72 0.00379561
-2.4 0.00529631
-2.08 0.00707798
-1.76 0.00904101
-1.44 0.0109893
-1.12 0.0128254
-0.8 0.0144054
-0.48 0.0154907
-0.16 0.0160669
0.16 0.0160589
0.48 0.0154887
0.8 0.0143938
1.12 0.0128437
1.44 0.0110206
1.76 0.00897697
2.08 0.00704636
2.4 0.00527796
2.72 0.00377187
3.04 0.00263348
3.36 0.00171457
3.68 0.00107838
4 0.000657148
4.32 0.000378536
4.64 0.000213451
