# f(v_x, v_y, v_z), v_z = const
# nv_x = 30, nv_y = 30, nv_z = 30
# n = 0.993966 , T = 2.29393 , E = 6.84027 , vec_p = {-2.64108e-015 1.62197e-016 -9.91807e-017}
-4.64 0.000210972
-4.32 0.000377016
-4 0.000646356
-3.68 0.00106311
-3.36 0.00167758
-3.04 0.00253957
-2.72 0.00368845
-2.4 0.00513933
-2.08 0.00687006
-1.76 0.00881046
-1.44 0.0108397
-1.12 0.0127947
-0.8 0.0144885
-0.48 0.0157401
-0.16 0.0164061
0.16 0.016406
0.48 0.0157402
0.8 0.0144886
1.12 0.0127943
1.44 0.0108398
1.76 0.00881026
2.08 0.00686991
2.4 0.00513933
2.72 0.00368839
3.04 0.00253959
3.36 0.00167755
3.68 0.0010631
4 0.000646355
4.32 0.00037701
4.64 0.000210977
