# f(v_x, v_y, v_z), v_z = const
# nv_x = 30, nv_y = 30, nv_z = 30
# n = 0.993966 , T = 2.29393 , E = 6.84027 , vec_p = {-5.30084e-015 4.74216e-017 -4.8817e-017}
-4.64 0.000210952
-4.32 0.000377011
-4 0.000646381
-3.68 0.00106319
-3.36 0.00167776
-3.04 0.00253998
-2.72 0.00368922
-2.4 0.00514056
-2.08 0.00687151
-1.76 0.00881179
-1.44 0.0108405
-1.12 0.0127942
-0.8 0.0144866
-0.48 0.0157358
-0.16 0.0164011
0.16 0.0164004
0.48 0.0157356
0.8 0.0144867
1.12 0.0127937
1.44 0.0108409
1.76 0.00881131
2.08 0.00687102
2.4 0.00514051
2.72 0.00368912
3.04 0.00254012
3.36 0.00167775
3.68 0.00106319
4 0.000646363
4.32 0.000376979
4.64 0.000210968
