# f(v_x, v_y, v_z), v_z = const
# nv_x = 30, nv_y = 30, nv_z = 30
# n = 0.993966 , T = 2.29393 , E = 6.84027 , vec_p = {2.13364e-015 -1.5044e-017 -2.39635e-017}
-4.64 0.000210863
-4.32 0.000377054
-4 0.000646647
-3.68 0.00106392
-3.36 0.00167947
-3.04 0.00254304
-2.72 0.00369431
-2.4 0.00514822
-2.08 0.00688191
-1.76 0.00882264
-1.44 0.0108465
-1.12 0.012792
-0.8 0.0144779
-0.48 0.0157133
-0.16 0.0163728
0.16 0.016371
0.48 0.0157131
0.8 0.0144771
1.12 0.0127917
1.44 0.01085
1.76 0.0088178
2.08 0.00687881
2.4 0.00514917
2.72 0.00369371
3.04 0.00254372
3.36 0.00167927
3.68 0.00106369
4 0.000646653
4.32 0.000376898
4.64 0.00021094
