# f(v_x, v_y, v_z), v_z = const
# nv_x = 30, nv_y = 30, nv_z = 30
# n = 0.993966 , T = 2.29393 , E = 6.84027 , vec_p = {-2.45129e-015 -1.81917e-017 -4.00981e-017}
-4.64 0.000210874
-4.32 0.000377043
-4 0.000646753
-3.68 0.00106424
-3.36 0.0016796
-3.04 0.00254372
-2.72 0.00369538
-2.4 0.00515117
-2.08 0.00688503
-1.76 0.00882611
-1.44 0.010849
-1.12 0.0127916
-0.8 0.0144762
-0.48 0.0157082
-0.16 0.016365
0.16 0.0163634
0.48 0.0157081
0.8 0.0144755
1.12 0.0127915
1.44 0.0108533
1.76 0.00882077
2.08 0.00688148
2.4 0.00515126
2.72 0.0036949
3.04 0.00254471
3.36 0.00168001
3.68 0.00106392
4 0.000646796
4.32 0.000376883
4.64 0.000210938
