# f(v_x, v_y, v_z), v_z = const
# nv_x = 30, nv_y = 30, nv_z = 30
# n = 0.993966 , T = 2.29393 , E = 6.84027 , vec_p = {-9.4586e-016 7.48006e-017 -3.18483e-017}
-4.64 0.00021087
-4.32 0.000377037
-4 0.000646468
-3.68 0.00106354
-3.36 0.00167868
-3.04 0.00254148
-2.72 0.00369179
-2.4 0.00514437
-2.08 0.00687695
-1.76 0.00881752
-1.44 0.0108438
-1.12 0.012793
-0.8 0.0144816
-0.48 0.0157229
-0.16 0.0163854
0.16 0.0163845
0.48 0.0157231
0.8 0.0144812
1.12 0.0127923
1.44 0.0108456
1.76 0.00881473
2.08 0.00687496
2.4 0.00514502
2.72 0.00369148
3.04 0.00254206
3.36 0.00167851
3.68 0.00106352
4 0.000646479
4.32 0.000376944
4.64 0.000210944
