# f(v_x, v_y, v_z), v_z = const
# nv_x = 30, nv_y = 30, nv_z = 30
# n = 0.993966 , T = 2.29393 , E = 6.84027 , vec_p = {1.63165e-016 1.56698e-016 -2.31317e-017}
-4.64 0.000210893
-4.32 0.000377016
-4 0.000646416
-3.68 0.00106341
-3.36 0.00167831
-3.04 0.00254082
-2.72 0.00369084
-2.4 0.005143
-2.08 0.00687493
-1.76 0.00881529
-1.44 0.0108424
-1.12 0.0127934
-0.8 0.0144835
-0.48 0.0157278
-0.16 0.0163917
0.16 0.0163907
0.48 0.0157275
0.8 0.0144836
1.12 0.0127927
1.44 0.0108435
1.76 0.00881337
2.08 0.00687333
2.4 0.00514306
2.72 0.00369053
3.04 0.00254132
3.36 0.00167825
3.68 0.00106337
4 0.000646443
4.32 0.000376956
4.64 0.000210943
