# f(v_x, v_y, v_z), v_z = const
# nv_x = 30, nv_y = 30, nv_z = 30
# n = 0.993966 , T = 2.29393 , E = 6.84027 , vec_p = {-1.61221e-015 1.51497e-017 -8.05307e-017}
-4.64 0.000211131
-4.32 0.000377747
-4 0.000650775
-3.68 0.00107151
-3.36 0.00169728
-3.04 0.00256946
-2.72 0.00373923
-2.4 0.00521918
-2.08 0.00696671
-1.76 0.00891701
-1.44 0.01091
-1.12 0.0128002
-0.8 0.0144346
-0.48 0.0155951
-0.16 0.0162114
0.16 0.0162035
0.48 0.0155946
0.8 0.0144305
1.12 0.0128061
1.44 0.0109253
1.76 0.00889182
2.08 0.00695682
2.4 0.00521381
2.72 0.00373332
3.04 0.00257948
3.36 0.00169475
3.68 0.00106958
4 0.000650349
4.32 0.000377504
4.64 0.000211871
