# f(v_x, v_y, v_z), v_z = const
# nv_x = 30, nv_y = 30, nv_z = 30
# n = 0.993966 , T = 2.29393 , E = 6.84027 , vec_p = {-1.68691e-015 9.95106e-017 -1.03566e-017}
-4.64 0.000210874
-4.32 0.000377018
-4 0.000646507
-3.68 0.0010637
-3.36 0.00167899
-3.04 0.00254214
-2.72 0.00369281
-2.4 0.00514564
-2.08 0.0068791
-1.76 0.00881967
-1.44 0.010845
-1.12 0.0127925
-0.8 0.0144802
-0.48 0.0157186
-0.16 0.0163796
0.16 0.0163789
0.48 0.0157183
0.8 0.0144794
1.12 0.0127921
1.44 0.0108478
1.76 0.00881576
2.08 0.00687666
2.4 0.00514704
2.72 0.00369238
3.04 0.00254276
3.36 0.00167888
3.68 0.00106358
4 0.000646522
4.32 0.00037691
4.64 0.000210933
