# f(v_x, v_y, v_z), v_z = const
# nv_x = 30, nv_y = 30, nv_z = 30
# n = 0.993966 , T = 2.29393 , E = 6.84027 , vec_p = {-5.78247e-016 7.62235e-018 -3.35554e-018}
-4.64 0.000584969
-4.32 0.00117703
-4 0.00256817
-3.68 0.00433574
-3.36 0.00822672
-3.04 0.0118153
-2.72 0.0157672
-2.4 0.0195726
-2.08 0.0234529
-1.76 0.024535
-1.44 0.0221214
-1.12 0.0179779
-0.8 0.0140264
-0.48 0.0113153
-0.16 0.00954708
0.16 0.00978684
0.48 0.0114061
0.8 0.0149437
1.12 0.018091
1.44 0.0218891
1.76 0.021018
2.08 0.022024
2.4 0.0195239
2.72 0.0149987
3.04 0.0124895
3.36 0.00766825
3.68 0.0048355
4 0.00270554
4.32 0.00143942
4.64 0.000608829
