# f(v_x, v_y, v_z), v_z = const
# nv_x = 30, nv_y = 30, nv_z = 30
# n = 0.993966 , T = 2.29393 , E = 6.84027 , vec_p = {-5.63787e-015 -1.48895e-016 -5.55995e-017}
-4.64 0.000210952
-4.32 0.000377015
-4 0.000646381
-3.68 0.0010632
-3.36 0.00167779
-3.04 0.00254004
-2.72 0.00368931
-2.4 0.00514069
-2.08 0.00687175
-1.76 0.00881198
-1.44 0.0108405
-1.12 0.0127941
-0.8 0.0144864
-0.48 0.0157354
-0.16 0.0164006
0.16 0.0163997
0.48 0.0157352
0.8 0.0144865
1.12 0.0127936
1.44 0.0108411
1.76 0.00881133
2.08 0.00687118
2.4 0.00514067
2.72 0.00368922
3.04 0.0025402
3.36 0.00167777
3.68 0.00106321
4 0.000646369
4.32 0.000376972
4.64 0.000210968
