# f(v_x, v_y, v_z), v_z = const
# nv_x = 30, nv_y = 30, nv_z = 30
# n = 0.993966 , T = 2.29393 , E = 6.84027 , vec_p = {-1.45812e-015 -5.92326e-017 -5.65112e-017}
-4.64 0.00021266
-4.32 0.00038223
-4 0.000662007
-3.68 0.00108945
-3.36 0.00174104
-3.04 0.00263619
-2.72 0.00385087
-2.4 0.00536736
-2.08 0.00717565
-1.76 0.00913901
-1.44 0.0110652
-1.12 0.0128402
-0.8 0.0143827
-0.48 0.0154013
-0.16 0.0159451
0.16 0.0159252
0.48 0.0153923
0.8 0.0143569
1.12 0.0128825
1.44 0.0111185
1.76 0.00904331
2.08 0.00711812
2.4 0.00534771
2.72 0.00382039
3.04 0.0026816
3.36 0.00173289
3.68 0.00108814
4 0.000662979
4.32 0.000379731
4.64 0.000214817
