# f(v_x, v_y, v_z), v_z = const
# nv_x = 30, nv_y = 30, nv_z = 30
# n = 0.993966 , T = 2.29393 , E = 6.84027 , vec_p = {-2.07216e-015 -2.12026e-017 1.92006e-017}
-4.64 0.000847864
-4.32 0.00183256
-4 0.00362151
-3.68 0.00672728
-3.36 0.0108739
-3.04 0.0158881
-2.72 0.0214356
-2.4 0.0257591
-2.08 0.028386
-1.76 0.027851
-1.44 0.0248677
-1.12 0.0202472
-0.8 0.0152231
-0.48 0.0110888
-0.16 0.00877668
0.16 0.00872729
0.48 0.0110679
0.8 0.0152014
1.12 0.0203834
1.44 0.0250732
1.76 0.0283044
2.08 0.0283666
2.4 0.02596
2.72 0.0214723
3.04 0.015921
3.36 0.0110501
3.68 0.00670867
4 0.0036283
4.32 0.00183335
4.64 0.000835317
