# f(v_x, v_y, v_z), v_z = const
# nv_x = 30, nv_y = 30, nv_z = 30
# n = 0.993966 , T = 2.29393 , E = 6.84027 , vec_p = {2.7199e-015 1.52035e-016 -5.85016e-017}
-4.64 0.000498319
-4.32 0.0010173
-4 0.00191316
-3.68 0.00362125
-3.36 0.00610033
-3.04 0.00925632
-2.72 0.0127789
-2.4 0.0164426
-2.08 0.0187583
-1.76 0.0203899
-1.44 0.018717
-1.12 0.0168453
-0.8 0.0141109
-0.48 0.0115633
-0.16 0.0102925
0.16 0.010259
0.48 0.0116518
0.8 0.0140042
1.12 0.0167437
1.44 0.0190738
1.76 0.0200592
2.08 0.0191804
2.4 0.016497
2.72 0.0129135
3.04 0.00904522
3.36 0.00613688
3.68 0.00362903
4 0.00194261
4.32 0.000989746
4.64 0.000508706
