# f(v_x, v_y, v_z), v_z = const
# nv_x = 30, nv_y = 30, nv_z = 30
# n = 0.993966 , T = 2.29393 , E = 6.84027 , vec_p = {-2.73882e-015 5.92753e-017 -9.84759e-017}
-4.64 0.000534079
-4.32 0.00109779
-4 0.00207641
-3.68 0.00389443
-3.36 0.00656028
-3.04 0.00997955
-2.72 0.0137162
-2.4 0.0174828
-2.08 0.019783
-1.76 0.0213221
-1.44 0.0193629
-1.12 0.0171324
-0.8 0.0141849
-0.48 0.0114269
-0.16 0.0100236
0.16 0.00998306
0.48 0.0115475
0.8 0.0140933
1.12 0.0171824
1.44 0.019781
1.76 0.0210218
2.08 0.0203556
2.4 0.0173973
2.72 0.0138275
3.04 0.00973769
3.36 0.00664043
3.68 0.00393597
4 0.00210155
4.32 0.00106285
4.64 0.000541155
