# f(v_x, v_y, v_z), v_z = const
# nv_x = 30, nv_y = 30, nv_z = 30
# n = 0.993966 , T = 2.29393 , E = 6.84027 , vec_p = {4.69571e-015 1.59398e-016 -8.80185e-019}
-4.64 0.000673146
-4.32 0.00140444
-4 0.00279214
-3.68 0.00519962
-3.36 0.00855898
-3.04 0.0128493
-2.72 0.0171813
-2.4 0.0214014
-2.08 0.0238711
-1.76 0.0246978
-1.44 0.0221148
-1.12 0.018721
-0.8 0.0145927
-0.48 0.0110725
-0.16 0.0092196
0.16 0.00917482
0.48 0.0111388
0.8 0.0145249
1.12 0.0186841
1.44 0.0223687
1.76 0.0246489
2.08 0.0244552
2.4 0.0214115
2.72 0.0173408
3.04 0.0125345
3.36 0.0086029
3.68 0.00519714
4 0.00275565
4.32 0.00138982
4.64 0.000676443
