# f(v_x, v_y, v_z), v_z = const
# nv_x = 30, nv_y = 30, nv_z = 30
# n = 0.993966 , T = 2.29393 , E = 6.84027 , vec_p = {1.52786e-015 1.26352e-017 -1.1493e-017}
-4.64 0.000640705
-4.32 0.00134894
-4 0.00265316
-3.68 0.00495503
-3.36 0.00814817
-3.04 0.0122125
-2.72 0.0164807
-2.4 0.0206365
-2.08 0.0231414
-1.76 0.0239733
-1.44 0.021646
-1.12 0.0183949
-0.8 0.01456
-0.48 0.0111264
-0.16 0.00932471
0.16 0.00928248
0.48 0.0111915
0.8 0.01443
1.12 0.0184125
1.44 0.0219074
1.76 0.0240091
2.08 0.0236981
2.4 0.0206108
2.72 0.0165627
3.04 0.0119058
3.36 0.00818492
3.68 0.00494727
4 0.0026239
4.32 0.00134157
4.64 0.000649278
