# f(v_x, v_y, v_z), v_z = const
# nv_x = 30, nv_y = 30, nv_z = 30
# n = 0.993966 , T = 2.29393 , E = 6.84027 , vec_p = {4.94546e-015 1.45306e-017 -6.34275e-017}
-4.64 0.000468343
-4.32 0.00094699
-4 0.00176851
-3.68 0.00336648
-3.36 0.00566105
-3.04 0.00861907
-2.72 0.0119787
-2.4 0.0155402
-2.08 0.0179448
-1.76 0.0196092
-1.44 0.0181462
-1.12 0.0165174
-0.8 0.0140723
-0.48 0.011731
-0.16 0.0105495
0.16 0.0105225
0.48 0.0117907
0.8 0.0139494
1.12 0.0164098
1.44 0.0184661
1.76 0.01917
2.08 0.0181073
2.4 0.015647
2.72 0.0120607
3.04 0.00841521
3.36 0.00570974
3.68 0.00333678
4 0.00181231
4.32 0.000922304
4.64 0.000481872
