# f(v_x, v_y, v_z), v_z = const
# nv_x = 30, nv_y = 30, nv_z = 30
# n = 0.993966 , T = 2.29393 , E = 6.84027 , vec_p = {-3.22507e-015 -1.85576e-017 5.40457e-018}
-4.64 0.000825795
-4.32 0.00179027
-4 0.00353405
-3.68 0.00654135
-3.36 0.010673
-3.04 0.015567
-2.72 0.0209939
-2.4 0.0253442
-2.08 0.0279236
-1.76 0.0275305
-1.44 0.0245631
-1.12 0.0200283
-0.8 0.0151156
-0.48 0.0110775
-0.16 0.00879937
0.16 0.00877108
0.48 0.0110466
0.8 0.0151435
1.12 0.0201786
1.44 0.0247654
1.76 0.027748
2.08 0.0280007
2.4 0.0255598
2.72 0.0210818
3.04 0.0155245
3.36 0.0108331
3.68 0.00654559
4 0.00354909
4.32 0.00179448
4.64 0.000813363
