# f(v_x, v_y, v_z), v_z = const
# nv_x = 30, nv_y = 30, nv_z = 30
# n = 0.993966 , T = 2.29393 , E = 6.84027 , vec_p = {4.25479e-015 -3.79927e-017 -1.30083e-017}
-4.64 0.000936205
-4.32 0.00207978
-4 0.00412514
-3.68 0.00745696
-3.36 0.0120992
-3.04 0.0177547
-2.72 0.0236274
-2.4 0.0284117
-2.08 0.0306131
-1.76 0.0298894
-1.44 0.0264086
-1.12 0.021141
-0.8 0.0156297
-0.48 0.0111701
-0.16 0.00870755
0.16 0.00868894
0.48 0.0111681
0.8 0.0156546
1.12 0.021141
1.44 0.0263374
1.76 0.0298829
2.08 0.0306791
2.4 0.0282904
2.72 0.0235816
3.04 0.0177171
3.36 0.0121868
3.68 0.00747423
4 0.00409962
4.32 0.00206951
4.64 0.000934448
