# f(v_x, v_y, v_z), v_z = const
# nv_x = 30, nv_y = 30, nv_z = 30
# n = 0.993966 , T = 2.29393 , E = 6.84027 , vec_p = {-6.88942e-016 2.43574e-017 -2.07399e-017}
-4.64 0.000944321
-4.32 0.00208991
-4 0.0041769
-3.68 0.00752982
-3.36 0.0122303
-3.04 0.0179148
-2.72 0.0237872
-2.4 0.0285276
-2.08 0.030831
-1.76 0.0300266
-1.44 0.0264767
-1.12 0.0212131
-0.8 0.0156597
-0.48 0.0111691
-0.16 0.00870036
0.16 0.00869127
0.48 0.0111757
0.8 0.0156769
1.12 0.0212442
1.44 0.0264838
1.76 0.029974
2.08 0.0308004
2.4 0.0285214
2.72 0.0238481
3.04 0.017918
3.36 0.0122396
3.68 0.00753105
4 0.00416783
4.32 0.00209339
4.64 0.000943154
