# f(v_x, v_y, v_z), v_z = const
# nv_x = 30, nv_y = 30, nv_z = 30
# n = 0.993966 , T = 2.29393 , E = 6.84027 , vec_p = {3.16177e-016 -5.68168e-017 3.20295e-017}
-4.64 0.000869007
-4.32 0.00188733
-4 0.0037418
-3.68 0.00694402
-3.36 0.0111969
-3.04 0.0163705
-2.72 0.0218473
-2.4 0.0263792
-2.08 0.0290596
-1.76 0.0285461
-1.44 0.0253488
-1.12 0.0204753
-0.8 0.015311
-0.48 0.0111152
-0.16 0.00874117
0.16 0.00870714
0.48 0.011088
0.8 0.0153415
1.12 0.0206024
1.44 0.0254162
1.76 0.0287335
2.08 0.0288603
2.4 0.0265336
2.72 0.0219934
3.04 0.0163116
3.36 0.0112961
3.68 0.00689969
4 0.00375537
4.32 0.00189342
4.64 0.000860311
