# f(v_x, v_y, v_z), v_z = const
# nv_x = 30, nv_y = 30, nv_z = 30
# n = 0.993966 , T = 2.29393 , E = 6.84027 , vec_p = {-5.89594e-016 -3.5147e-017 -1.70317e-017}
-4.64 0.000942544
-4.32 0.00208697
-4 0.00415734
-3.68 0.00750909
-3.36 0.0121676
-3.04 0.0178565
-2.72 0.0237556
-2.4 0.0284895
-2.08 0.0307974
-1.76 0.0300002
-1.44 0.0264738
-1.12 0.0211848
-0.8 0.0156569
-0.48 0.0111712
-0.16 0.00870442
0.16 0.00868695
0.48 0.0111667
0.8 0.0156667
1.12 0.0212185
1.44 0.0264642
1.76 0.0299476
2.08 0.0307848
2.4 0.0284596
2.72 0.0237107
3.04 0.0178448
3.36 0.0122223
3.68 0.00751514
4 0.00414689
4.32 0.00208764
4.64 0.000940678
