# f(v_x, v_y, v_z), v_z = const
# nv_x = 30, nv_y = 30, nv_z = 30
# n = 0.993966 , T = 2.29393 , E = 6.84027 , vec_p = {7.76339e-016 1.23777e-017 1.66365e-017}
-4.64 0.000738235
-4.32 0.00157399
-4 0.00311111
-3.68 0.00576391
-3.36 0.00953824
-3.04 0.0140876
-2.72 0.0187402
-2.4 0.0231189
-2.08 0.0255947
-1.76 0.0260138
-1.44 0.0233071
-1.12 0.0193299
-0.8 0.0148398
-0.48 0.0110586
-0.16 0.00897168
0.16 0.00893385
0.48 0.0110659
0.8 0.0148031
1.12 0.0193585
1.44 0.0233747
1.76 0.0259462
2.08 0.0262085
2.4 0.0231944
2.72 0.0190246
3.04 0.0138538
3.36 0.00957304
3.68 0.00573452
4 0.00308106
4.32 0.00156288
4.64 0.000733243
