# f(v_x, v_y, v_z), v_z = const
# nv_x = 30, nv_y = 30, nv_z = 30
# n = 0.993966 , T = 2.29393 , E = 6.84027 , vec_p = {5.37482e-015 -4.99298e-017 -1.75913e-017}
-4.64 0.000782993
-4.32 0.00168124
-4 0.00331665
-3.68 0.00613177
-3.36 0.0100779
-3.04 0.0148288
-2.72 0.0198882
-2.4 0.0241749
-2.08 0.0267186
-1.76 0.0267212
-1.44 0.0239397
-1.12 0.0196375
-0.8 0.0149583
-0.48 0.0110696
-0.16 0.00886966
0.16 0.00883759
0.48 0.0110937
0.8 0.0149364
1.12 0.0197544
1.44 0.0240295
1.76 0.0267906
2.08 0.0270486
2.4 0.0242501
2.72 0.0199554
3.04 0.0146737
3.36 0.0102143
3.68 0.00610284
4 0.00330721
4.32 0.00167508
4.64 0.00076927
