# f(v_x, v_y, v_z), v_z = const
# nv_x = 30, nv_y = 30, nv_z = 30
# n = 0.993966 , T = 2.29393 , E = 6.84027 , vec_p = {-5.64172e-015 5.8856e-017 1.11644e-018}
-4.64 0.000725952
-4.32 0.00154743
-4 0.0030656
-3.68 0.00570776
-3.36 0.00942336
-3.04 0.0138763
-2.72 0.0185006
-2.4 0.0229431
-2.08 0.0253393
-1.76 0.025796
-1.44 0.023101
-1.12 0.0192057
-0.8 0.0147946
-0.48 0.0110484
-0.16 0.00901976
0.16 0.00895699
0.48 0.0110729
0.8 0.0147756
1.12 0.0192551
1.44 0.0232352
1.76 0.0257112
2.08 0.025968
2.4 0.0229709
2.72 0.0188484
3.04 0.0136266
3.36 0.00944614
3.68 0.00565747
4 0.00302061
4.32 0.00154496
4.64 0.000725013
