# f(v_x, v_y, v_z), v_z = const
# nv_x = 30, nv_y = 30, nv_z = 30
# n = 0.993966 , T = 2.29393 , E = 6.84027 , vec_p = {-2.42001e-015 4.70735e-017 3.64153e-018}
-4.64 0.000666083
-4.32 0.00139629
-4 0.00276208
-3.68 0.00514154
-3.36 0.00848308
-3.04 0.0127721
-2.72 0.017114
-2.4 0.0213173
-2.08 0.0237748
-1.76 0.0245495
-1.44 0.0220541
-1.12 0.0186933
-0.8 0.0145862
-0.48 0.0110759
-0.16 0.00923745
0.16 0.00918903
0.48 0.0111548
0.8 0.0144949
1.12 0.0186015
1.44 0.0222569
1.76 0.0245331
2.08 0.0243298
2.4 0.0212522
2.72 0.0171771
3.04 0.0123948
3.36 0.00853949
3.68 0.00516582
4 0.00273287
4.32 0.00138088
4.64 0.000671101
