# f(v_x, v_y, v_z), v_z = const
# nv_x = 30, nv_y = 30, nv_z = 30
# n = 0.993966 , T = 2.29393 , E = 6.84027 , vec_p = {6.49649e-017 -5.34648e-017 -5.24452e-017}
-4.64 0.000486676
-4.32 0.000985699
-4 0.00185725
-3.68 0.00351721
-3.36 0.00590649
-3.04 0.00900745
-2.72 0.012461
-2.4 0.0160368
-2.08 0.0184012
-1.76 0.020032
-1.44 0.0184617
-1.12 0.0166962
-0.8 0.0140784
-0.48 0.0116325
-0.16 0.0104044
0.16 0.010364
0.48 0.0116929
0.8 0.0139891
1.12 0.0165962
1.44 0.0188464
1.76 0.0197193
2.08 0.0187367
2.4 0.0161534
2.72 0.0125038
3.04 0.00878187
3.36 0.00595501
3.68 0.00352001
4 0.00188689
4.32 0.000960559
4.64 0.000495764
