# f(v_x, v_y, v_z), v_z = const
# nv_x = 30, nv_y = 30, nv_z = 30
# n = 0.993966 , T = 2.29393 , E = 6.84027 , vec_p = {-1.59084e-015 -5.93747e-017 -3.36451e-017}
-4.64 0.000597797
-4.32 0.00123913
-4 0.0023845
-3.68 0.00449729
-3.36 0.00746058
-3.04 0.0111106
-2.72 0.0150966
-2.4 0.0192426
-2.08 0.0215194
-1.76 0.0228627
-1.44 0.0205752
-1.12 0.017838
-0.8 0.0143242
-0.48 0.0112589
-0.16 0.00960724
0.16 0.0095882
0.48 0.0113154
0.8 0.0142225
1.12 0.0178298
1.44 0.0209392
1.76 0.0226457
2.08 0.0222652
2.4 0.0192327
2.72 0.0154627
3.04 0.0109282
3.36 0.00753339
3.68 0.00445517
4 0.00240151
4.32 0.00121607
4.64 0.000601536
