# f(v_x, v_y, v_z), v_z = const
# nv_x = 30, nv_y = 30, nv_z = 30
# n = 0.993966 , T = 2.29393 , E = 6.84027 , vec_p = {1.80321e-015 8.28209e-017 -6.73452e-017}
-4.64 0.000551758
-4.32 0.00113559
-4 0.00216102
-3.68 0.00406501
-3.36 0.00687081
-3.04 0.0104006
-2.72 0.0141519
-2.4 0.0180241
-2.08 0.0204016
-1.76 0.0218307
-1.44 0.0197879
-1.12 0.0173155
-0.8 0.0142248
-0.48 0.0113547
-0.16 0.00988942
0.16 0.00984069
0.48 0.0114787
0.8 0.0141283
1.12 0.0173459
1.44 0.0201688
1.76 0.0214982
2.08 0.0208324
2.4 0.0179305
2.72 0.0142811
3.04 0.0101223
3.36 0.00694253
3.68 0.00410055
4 0.00219711
4.32 0.00110594
4.64 0.000562002
