# f(v_x, v_y, v_z), v_z = const
# nv_x = 30, nv_y = 30, nv_z = 30
# n = 0.993966 , T = 2.29393 , E = 6.84027 , vec_p = {1.00027e-015 -1.81206e-017 -7.86926e-019}
-4.64 0.000705121
-4.32 0.00150006
-4 0.00295109
-3.68 0.00550144
-3.36 0.00912631
-3.04 0.0134975
-2.72 0.0180267
-2.4 0.0223808
-2.08 0.0248438
-1.76 0.0254819
-1.44 0.0227412
-1.12 0.0189906
-0.8 0.0147179
-0.48 0.0110544
-0.16 0.00908193
0.16 0.00903376
0.48 0.0110957
0.8 0.0146919
1.12 0.0190567
1.44 0.0229404
1.76 0.0252782
2.08 0.0253432
2.4 0.022332
2.72 0.0183158
3.04 0.0131925
3.36 0.00912166
3.68 0.00552158
4 0.00290985
4.32 0.00147939
4.64 0.000706922
