# f(v_x, v_y, v_z), v_z = const
# nv_x = 30, nv_y = 30, nv_z = 30
# n = 0.993966 , T = 2.29393 , E = 6.84027 , vec_p = {3.89076e-015 -8.07532e-018 1.75504e-018}
-4.64 0.000663934
-4.32 0.00139337
-4 0.00275314
-3.68 0.00511225
-3.36 0.00843741
-3.04 0.0127598
-2.72 0.0170763
-2.4 0.021224
-2.08 0.0237652
-1.76 0.0245251
-1.44 0.0220463
-1.12 0.0186794
-0.8 0.014592
-0.48 0.0110753
-0.16 0.00924707
0.16 0.00919248
0.48 0.0111542
0.8 0.0144901
1.12 0.0185918
1.44 0.0222373
1.76 0.024486
2.08 0.0242628
2.4 0.0212145
2.72 0.0171289
3.04 0.0123343
3.36 0.0085069
3.68 0.00515671
4 0.00272743
4.32 0.00137694
4.64 0.000670211
