# f(v_x, v_y, v_z), v_z = const
# nv_x = 30, nv_y = 30, nv_z = 30
# n = 0.993966 , T = 2.29393 , E = 6.84027 , vec_p = {6.34865e-015 -1.91136e-017 4.21618e-018}
-4.64 0.0006546
-4.32 0.00137419
-4 0.00272513
-3.68 0.00504683
-3.36 0.00829682
-3.04 0.0125081
-2.72 0.0168717
-2.4 0.0210641
-2.08 0.023528
-1.76 0.0243444
-1.44 0.0218865
-1.12 0.0185413
-0.8 0.0145993
-0.48 0.011103
-0.16 0.00928544
0.16 0.00923084
0.48 0.0111737
0.8 0.014493
1.12 0.0185164
1.44 0.0220716
1.76 0.0242867
2.08 0.0240567
2.4 0.0209696
2.72 0.0168946
3.04 0.0121713
3.36 0.00837218
3.68 0.00508757
4 0.002684
4.32 0.00136341
4.64 0.000660591
