# f(v_x, v_y, v_z), v_z = const
# nv_x = 30, nv_y = 30, nv_z = 30
# n = 0.993966 , T = 2.29393 , E = 6.84027 , vec_p = {-2.27338e-016 -3.88312e-017 2.42295e-018}
-4.64 0.00075559
-4.32 0.00161799
-4 0.0031925
-3.68 0.00590413
-3.36 0.00972831
-3.04 0.0142915
-2.72 0.0191191
-2.4 0.0234064
-2.08 0.0259869
-1.76 0.0262285
-1.44 0.0235454
-1.12 0.0193997
-0.8 0.0148732
-0.48 0.0110497
-0.16 0.00892656
0.16 0.00889721
0.48 0.0110606
0.8 0.0148512
1.12 0.0194859
1.44 0.023581
1.76 0.0262654
2.08 0.0265172
2.4 0.0235768
2.72 0.0194077
3.04 0.014184
3.36 0.00980771
3.68 0.00585534
4 0.00315747
4.32 0.00160619
4.64 0.000744655
