# f(v_x, v_y, v_z), v_z = const
# nv_x = 30, nv_y = 30, nv_z = 30
# n = 0.993966 , T = 2.29393 , E = 6.84027 , vec_p = {1.08481e-015 1.21206e-016 -2.14957e-017}
-4.64 0.000600708
-4.32 0.0012478
-4 0.00240706
-3.68 0.00451502
-3.36 0.00751953
-3.04 0.0111783
-2.72 0.0152258
-2.4 0.0194101
-2.08 0.0216554
-1.76 0.0229424
-1.44 0.0206942
-1.12 0.0178947
-0.8 0.0143525
-0.48 0.0112542
-0.16 0.00958564
0.16 0.00956921
0.48 0.0113001
0.8 0.0142492
1.12 0.0178871
1.44 0.0210112
1.76 0.0227525
2.08 0.0223822
2.4 0.0193305
2.72 0.0155284
3.04 0.0109853
3.36 0.00757558
3.68 0.00448661
4 0.00241889
4.32 0.00122588
4.64 0.00060396
