# f(v_x, v_y, v_z), v_z = const
# nv_x = 30, nv_y = 30, nv_z = 30
# n = 0.993966 , T = 2.29393 , E = 6.84027 , vec_p = {-1.54258e-015 1.29889e-016 -6.35678e-017}
-4.64 0.000457798
-4.32 0.000914923
-4 0.00171197
-3.68 0.00325216
-3.36 0.00547482
-3.04 0.00830568
-2.72 0.011618
-2.4 0.0151646
-2.08 0.0175589
-1.76 0.0192045
-1.44 0.0179251
-1.12 0.0163453
-0.8 0.0140609
-0.48 0.0118059
-0.16 0.0106581
0.16 0.0106464
0.48 0.0118668
0.8 0.0139117
1.12 0.0162904
1.44 0.0182056
1.76 0.0187991
2.08 0.0177883
2.4 0.0152708
2.72 0.0117417
3.04 0.00816904
3.36 0.00550922
3.68 0.00322958
4 0.00173878
4.32 0.000891716
4.64 0.000469007
