# f(v_x, v_y, v_z), v_z = const
# nv_x = 30, nv_y = 30, nv_z = 30
# n = 0.993966 , T = 2.29393 , E = 6.84027 , vec_p = {2.15741e-015 5.21183e-018 -9.05995e-017}
-4.64 0.000537357
-4.32 0.00110284
-4 0.00208574
-3.68 0.00391454
-3.36 0.00660916
-3.04 0.0100151
-2.72 0.0137722
-2.4 0.0175314
-2.08 0.0198534
-1.76 0.0213854
-1.44 0.0194359
-1.12 0.017157
-0.8 0.0141763
-0.48 0.0114222
-0.16 0.0100035
0.16 0.00996685
0.48 0.0115369
0.8 0.014102
1.12 0.0172004
1.44 0.0198496
1.76 0.0211275
2.08 0.0204257
2.4 0.0174411
2.72 0.0138899
3.04 0.00979594
3.36 0.00668393
3.68 0.00395331
4 0.0021061
4.32 0.00106675
4.64 0.000543158
