# f(v_x, v_y, v_z), v_z = const
# nv_x = 30, nv_y = 30, nv_z = 30
# n = 0.993966 , T = 2.29393 , E = 6.84027 , vec_p = {4.01405e-015 -1.39497e-017 1.28697e-018}
-4.64 0.000676817
-4.32 0.00141971
-4 0.00281777
-3.68 0.00522763
-3.36 0.00861468
-3.04 0.0129378
-2.72 0.017292
-2.4 0.0215562
-2.08 0.0240041
-1.76 0.0248158
-1.44 0.0221922
-1.12 0.0187684
-0.8 0.0145972
-0.48 0.0110813
-0.16 0.00919384
0.16 0.0091516
0.48 0.0111328
0.8 0.0145367
1.12 0.0187316
1.44 0.0224597
1.76 0.0247034
2.08 0.0246669
2.4 0.0215496
2.72 0.017473
3.04 0.0126186
3.36 0.00867247
3.68 0.00525389
4 0.00278939
4.32 0.00140176
4.64 0.000680205
