# f(v_x, v_y, v_z), v_z = const
# nv_x = 30, nv_y = 30, nv_z = 30
# n = 0.993966 , T = 2.29393 , E = 6.84027 , vec_p = {8.81371e-016 2.86153e-017 1.29736e-017}
-4.64 0.000816452
-4.32 0.00176058
-4 0.00347487
-3.68 0.00645601
-3.36 0.0105191
-3.04 0.0153801
-2.72 0.0207146
-2.4 0.0249569
-2.08 0.027676
-1.76 0.0273588
-1.44 0.024413
-1.12 0.0199459
-0.8 0.0150665
-0.48 0.0110962
-0.16 0.00881646
0.16 0.00878348
0.48 0.0110435
0.8 0.0150645
1.12 0.0201109
1.44 0.0246047
1.76 0.0275791
2.08 0.0278309
2.4 0.0253065
2.72 0.0207992
3.04 0.0152611
3.36 0.0106819
3.68 0.00643215
4 0.00349108
4.32 0.00177066
4.64 0.00079976
