# f(v_x, v_y, v_z), v_z = const
# nv_x = 30, nv_y = 30, nv_z = 30
# n = 0.993966 , T = 2.29393 , E = 6.84027 , vec_p = {4.4498e-015 4.84217e-017 1.83498e-018}
-4.64 0.000741189
-4.32 0.00158415
-4 0.00312872
-3.68 0.00580226
-3.36 0.00960314
-3.04 0.014156
-2.72 0.0188457
-2.4 0.0231935
-2.08 0.0257266
-1.76 0.0261178
-1.44 0.0233719
-1.12 0.0193368
-0.8 0.014858
-0.48 0.0110597
-0.16 0.00896578
0.16 0.00892009
0.48 0.0110623
0.8 0.0148106
1.12 0.0193979
1.44 0.0234278
1.76 0.0260845
2.08 0.0262714
2.4 0.0232612
2.72 0.0190865
3.04 0.0139497
3.36 0.00965529
3.68 0.00576412
4 0.00309373
4.32 0.00157418
4.64 0.00073786
