# f(v_x, v_y, v_z), v_z = const
# nv_x = 30, nv_y = 30, nv_z = 30
# n = 0.993966 , T = 2.29393 , E = 6.84027 , vec_p = {7.92809e-016 7.00595e-018 -3.79288e-017}
-4.64 0.000562121
-4.32 0.00115718
-4 0.00221695
-3.68 0.00419574
-3.36 0.00701807
-3.04 0.0105658
-2.72 0.0143971
-2.4 0.0182841
-2.08 0.0207096
-1.76 0.0220985
-1.44 0.0199766
-1.12 0.0174555
-0.8 0.0142296
-0.48 0.0113344
-0.16 0.00981808
0.16 0.00977786
0.48 0.0114311
0.8 0.014139
1.12 0.017447
1.44 0.0203741
1.76 0.0217617
2.08 0.0211515
2.4 0.0181993
2.72 0.0145744
3.04 0.0103427
3.36 0.00707193
3.68 0.00417428
4 0.0022441
4.32 0.00113382
4.64 0.000570733
