# f(v_x, v_y, v_z), v_z = const
# nv_x = 30, nv_y = 30, nv_z = 30
# n = 0.993966 , T = 2.29393 , E = 6.84027 , vec_p = {-5.17197e-016 6.52971e-017 -2.03828e-017}
-4.64 0.000635109
-4.32 0.00133901
-4 0.00262339
-3.68 0.00490505
-3.36 0.00805968
-3.04 0.0120826
-2.72 0.0163031
-2.4 0.0204778
-2.08 0.0229562
-1.76 0.0238244
-1.44 0.0215044
-1.12 0.0182974
-0.8 0.0145041
-0.48 0.0111439
-0.16 0.00937279
0.16 0.00933243
0.48 0.0112
0.8 0.0143908
1.12 0.0183372
1.44 0.0218228
1.76 0.0238206
2.08 0.0235407
2.4 0.0204823
2.72 0.016424
3.04 0.0117957
3.36 0.00811626
3.68 0.00487843
4 0.00259671
4.32 0.00132665
4.64 0.000642927
