# f(v_x, v_y, v_z), v_z = const
# nv_x = 30, nv_y = 30, nv_z = 30
# n = 0.993966 , T = 2.29393 , E = 6.84027 , vec_p = {-4.54442e-016 7.82929e-017 -7.95897e-018}
-4.64 0.000793875
-4.32 0.00170959
-4 0.00338383
-3.68 0.00624898
-3.36 0.0102429
-3.04 0.0150572
-2.72 0.0202004
-2.4 0.0245204
-2.08 0.0271329
-1.76 0.0269785
-1.44 0.0241836
-1.12 0.0198139
-0.8 0.015036
-0.48 0.0110895
-0.16 0.00883181
0.16 0.00880076
0.48 0.0110906
0.8 0.0149775
1.12 0.0199208
1.44 0.024311
1.76 0.027078
2.08 0.0273284
2.4 0.0246025
2.72 0.0203024
3.04 0.0149884
3.36 0.0104321
3.68 0.00623669
4 0.00339503
4.32 0.00171446
4.64 0.000782441
