# f(v_x, v_y, v_z), v_z = const
# nv_x = 30, nv_y = 30, nv_z = 30
# n = 0.993966 , T = 2.29393 , E = 6.84027 , vec_p = {-2.02686e-015 -1.92237e-017 3.07487e-018}
-4.64 0.000702031
-4.32 0.00148822
-4 0.00293658
-3.68 0.00546125
-3.36 0.00903217
-3.04 0.0134015
-2.72 0.0178361
-2.4 0.0222128
-2.08 0.0247117
-1.76 0.0253424
-1.44 0.022639
-1.12 0.0189455
-0.8 0.0146794
-0.48 0.0110572
-0.16 0.00909761
0.16 0.00905417
0.48 0.0111072
0.8 0.0146601
1.12 0.018993
1.44 0.0228592
1.76 0.0251828
2.08 0.0251925
2.4 0.022185
2.72 0.0181717
3.04 0.013115
3.36 0.00902322
3.68 0.00547439
4 0.00289067
4.32 0.0014655
4.64 0.000702891
