# f(v_x, v_y, v_z), v_z = const
# nv_x = 30, nv_y = 30, nv_z = 30
# n = 0.993966 , T = 2.29393 , E = 6.84027 , vec_p = {-2.52304e-015 -3.90727e-017 -7.57057e-017}
-4.64 0.000463089
-4.32 0.00093318
-4 0.00174648
-3.68 0.00331765
-3.36 0.00557689
-3.04 0.008481
-2.72 0.011827
-2.4 0.0154081
-2.08 0.0177961
-1.76 0.0194607
-1.44 0.0180605
-1.12 0.0164541
-0.8 0.0140721
-0.48 0.0117566
-0.16 0.0105955
0.16 0.0105727
0.48 0.011825
0.8 0.0139402
1.12 0.0163674
1.44 0.0184014
1.76 0.0190131
2.08 0.0179967
2.4 0.0154768
2.72 0.011954
3.04 0.00830695
3.36 0.00562099
3.68 0.00329524
4 0.00178613
4.32 0.000909173
4.64 0.000478837
