# f(v_x, v_y, v_z), v_z = const
# nv_x = 30, nv_y = 30, nv_z = 30
# n = 0.993966 , T = 2.29393 , E = 6.84027 , vec_p = {1.09466e-016 8.27605e-017 -7.67564e-018}
-4.64 0.000604533
-4.32 0.00126008
-4 0.00244346
-3.68 0.00456529
-3.36 0.00761205
-3.04 0.0113222
-2.72 0.0154134
-2.4 0.0195755
-2.08 0.0219132
-1.76 0.0230565
-1.44 0.0207915
-1.12 0.017938
-0.8 0.0143816
-0.48 0.0112241
-0.16 0.00955399
0.16 0.00954222
0.48 0.011288
0.8 0.01426
1.12 0.0179453
1.44 0.0211341
1.76 0.0228348
2.08 0.0225192
2.4 0.0195046
2.72 0.0156439
3.04 0.0110972
3.36 0.00762725
3.68 0.00454672
4 0.00245388
4.32 0.0012419
4.64 0.000608946
