# f(v_x, v_y, v_z), v_z = const
# nv_x = 30, nv_y = 30, nv_z = 30
# n = 0.993966 , T = 2.29393 , E = 6.84027 , vec_p = {-3.60214e-015 4.44231e-017 3.46567e-018}
-4.64 0.000710047
-4.32 0.00150364
-4 0.00297068
-3.68 0.00554256
-3.36 0.00919034
-3.04 0.0135744
-2.72 0.0181202
-2.4 0.022543
-2.08 0.0249641
-1.76 0.0255262
-1.44 0.0227733
-1.12 0.0190442
-0.8 0.0147327
-0.48 0.0110597
-0.16 0.00907439
0.16 0.00901537
0.48 0.0110957
0.8 0.0147124
1.12 0.0190928
1.44 0.0229869
1.76 0.0253899
2.08 0.025413
2.4 0.0224589
2.72 0.0183553
3.04 0.0132471
3.36 0.00918052
3.68 0.00556024
4 0.00293414
4.32 0.00149189
4.64 0.000710083
