# f(v_x, v_y, v_z), v_z = const
# nv_x = 30, nv_y = 30, nv_z = 30
# n = 0.993966 , T = 2.29393 , E = 6.84027 , vec_p = {-9.70658e-016 3.12284e-018 -3.87246e-018}
-4.64 0.000683217
-4.32 0.00143595
-4 0.00285492
-3.68 0.00531673
-3.36 0.00869917
-3.04 0.0131325
-2.72 0.0174677
-2.4 0.0217578
-2.08 0.0242763
-1.76 0.0249201
-1.44 0.022313
-1.12 0.0188278
-0.8 0.0146079
-0.48 0.0110857
-0.16 0.00916045
0.16 0.00912002
0.48 0.01112
0.8 0.0145268
1.12 0.0188134
1.44 0.0225892
1.76 0.0248092
2.08 0.0247944
2.4 0.0217097
2.72 0.0176602
3.04 0.0128265
3.36 0.00876463
3.68 0.00533733
4 0.00282855
4.32 0.00142102
4.64 0.000687649
