# f(v_x, v_y, v_z), v_z = const
# nv_x = 30, nv_y = 30, nv_z = 30
# n = 0.993966 , T = 2.29393 , E = 6.84027 , vec_p = {-4.45817e-015 2.39275e-018 2.15294e-017}
-4.64 0.00086443
-4.32 0.00187514
-4 0.0036992
-3.68 0.0068601
-3.36 0.0110902
-3.04 0.0162282
-2.72 0.021737
-2.4 0.026192
-2.08 0.0288431
-1.76 0.0283286
-1.44 0.0252601
-1.12 0.0204098
-0.8 0.0152793
-0.48 0.011117
-0.16 0.00874494
0.16 0.00871286
0.48 0.0110694
0.8 0.0153113
1.12 0.0205328
1.44 0.0253132
1.76 0.0285725
2.08 0.0287409
2.4 0.0263955
2.72 0.0217589
3.04 0.0162115
3.36 0.0112367
3.68 0.00684834
4 0.00370751
4.32 0.00186886
4.64 0.000852888
