# f(v_x, v_y, v_z), v_z = const
# nv_x = 30, nv_y = 30, nv_z = 30
# n = 0.993966 , T = 2.29393 , E = 6.84027 , vec_p = {2.18492e-016 5.78488e-017 1.09877e-017}
-4.64 0.000805969
-4.32 0.00174238
-4 0.0034448
-3.68 0.00638809
-3.36 0.0104789
-3.04 0.0152932
-2.72 0.0205848
-2.4 0.0247497
-2.08 0.0274643
-1.76 0.0272348
-1.44 0.0242852
-1.12 0.0198545
-0.8 0.0150522
-0.48 0.0110751
-0.16 0.00882228
0.16 0.00877948
0.48 0.0110609
0.8 0.0150287
1.12 0.0200314
1.44 0.0245084
1.76 0.0274441
2.08 0.0276404
2.4 0.0249806
2.72 0.0206236
3.04 0.0151533
3.36 0.0106148
3.68 0.0063812
4 0.00345376
4.32 0.00175197
4.64 0.000795793
