# f(v_x, v_y, v_z), v_z = const
# nv_x = 30, nv_y = 30, nv_z = 30
# n = 0.993966 , T = 2.29393 , E = 6.84027 , vec_p = {3.85627e-015 4.59472e-017 6.53166e-018}
-4.64 0.000900718
-4.32 0.00198429
-4 0.00393785
-3.68 0.00722129
-3.36 0.0116258
-3.04 0.0170526
-2.72 0.0229295
-2.4 0.0274306
-2.08 0.02986
-1.76 0.0292729
-1.44 0.0258911
-1.12 0.0207928
-0.8 0.0154888
-0.48 0.0111092
-0.16 0.00873423
0.16 0.00868772
0.48 0.0111081
0.8 0.0155172
1.12 0.0208383
1.44 0.0259541
1.76 0.02938
2.08 0.0297746
2.4 0.0273619
2.72 0.0227711
3.04 0.0169228
3.36 0.0117691
3.68 0.00719426
4 0.00395274
4.32 0.00199853
4.64 0.00090134
