# f(v_x, v_y, v_z), v_z = const
# nv_x = 30, nv_y = 30, nv_z = 30
# n = 0.993966 , T = 2.29393 , E = 6.84027 , vec_p = {3.79458e-015 -1.22366e-016 -1.68692e-017}
-4.64 0.000610874
-4.32 0.0012714
-4 0.00247502
-3.68 0.0046215
-3.36 0.00770181
-3.04 0.0114585
-2.72 0.0156092
-2.4 0.0197637
-2.08 0.0221577
-1.76 0.0232586
-1.44 0.0209429
-1.12 0.0179841
-0.8 0.0144022
-0.48 0.011203
-0.16 0.00951639
0.16 0.00949849
0.48 0.0112786
0.8 0.0142978
1.12 0.0180419
1.44 0.0212838
1.76 0.0230558
2.08 0.0227475
2.4 0.0196422
2.72 0.0158158
3.04 0.0112308
3.36 0.00775465
3.68 0.00462406
4 0.00248831
4.32 0.00125537
4.64 0.000617342
