# f(v_x, v_y, v_z), v_z = const
# nv_x = 30, nv_y = 30, nv_z = 30
# n = 0.993966 , T = 2.29393 , E = 6.84027 , vec_p = {5.40783e-015 3.21254e-017 -1.861e-017}
-4.64 0.000599759
-4.32 0.00124536
-4 0.00240191
-3.68 0.00450823
-3.36 0.00750125
-3.04 0.011153
-2.72 0.0151667
-2.4 0.0193448
-2.08 0.021616
-1.76 0.0229254
-1.44 0.0206496
-1.12 0.0178658
-0.8 0.014345
-0.48 0.0112556
-0.16 0.00959294
0.16 0.00957474
0.48 0.0113074
0.8 0.014238
1.12 0.0178611
1.44 0.0209967
1.76 0.022711
2.08 0.022362
2.4 0.0193084
2.72 0.0155065
3.04 0.010966
3.36 0.00756719
3.68 0.0044716
4 0.00241041
4.32 0.00122333
4.64 0.000603188
