# f(v_x, v_y, v_z), v_z = const
# nv_x = 30, nv_y = 30, nv_z = 30
# n = 0.993966 , T = 2.29393 , E = 6.84027 , vec_p = {2.47383e-015 7.00204e-017 -9.07772e-017}
-4.64 0.00054498
-4.32 0.00112147
-4 0.00213284
-3.68 0.00399838
-3.36 0.00672127
-3.04 0.0102271
-2.72 0.0139882
-2.4 0.0177855
-2.08 0.0201894
-1.76 0.0216267
-1.44 0.0196523
-1.12 0.0172292
-0.8 0.0142111
-0.48 0.0113818
-0.16 0.00992664
0.16 0.00989772
0.48 0.0115113
0.8 0.0141275
1.12 0.0172856
1.44 0.0200315
1.76 0.0213148
2.08 0.0206837
2.4 0.0176917
2.72 0.0140677
3.04 0.00995208
3.36 0.00680792
3.68 0.00402274
4 0.00215409
4.32 0.00108792
4.64 0.000553595
