# f(v_x, v_y, v_z), v_z = const
# nv_x = 30, nv_y = 30, nv_z = 30
# n = 0.993966 , T = 2.29393 , E = 6.84027 , vec_p = {2.70358e-015 5.39249e-017 -8.15348e-019}
-4.64 0.00082387
-4.32 0.00178016
-4 0.0035038
-3.68 0.00650908
-3.36 0.0106251
-3.04 0.0154806
-2.72 0.0208849
-2.4 0.0251178
-2.08 0.0278449
-1.76 0.0274361
-1.44 0.0244725
-1.12 0.0200059
-0.8 0.0151
-0.48 0.0110825
-0.16 0.00880859
0.16 0.00877232
0.48 0.0110496
0.8 0.015113
1.12 0.0201313
1.44 0.0246987
1.76 0.0276721
2.08 0.0279433
2.4 0.0255042
2.72 0.0210044
3.04 0.0154365
3.36 0.0107803
3.68 0.00650486
4 0.00352187
4.32 0.00178559
4.64 0.000806996
