# f(v_x, v_y, v_z), v_z = const
# nv_x = 30, nv_y = 30, nv_z = 30
# n = 0.993966 , T = 2.29393 , E = 6.84027 , vec_p = {3.57402e-015 -4.05009e-017 -9.15712e-019}
-4.64 0.000621984
-4.32 0.00130121
-4 0.00253898
-3.68 0.00474019
-3.36 0.00783683
-3.04 0.0117124
-2.72 0.015869
-2.4 0.0200364
-2.08 0.0224682
-1.76 0.0234456
-1.44 0.0212277
-1.12 0.0181445
-0.8 0.0144564
-0.48 0.0111753
-0.16 0.00945422
0.16 0.00942069
0.48 0.0112552
0.8 0.0143728
1.12 0.0182125
1.44 0.0215348
1.76 0.0234071
2.08 0.0231117
2.4 0.0200285
2.72 0.0161095
3.04 0.0114707
3.36 0.00788688
3.68 0.00470244
4 0.00253232
4.32 0.00128055
4.64 0.000625874
