# f(v_x, v_y, v_z), v_z = const
# nv_x = 30, nv_y = 30, nv_z = 30
# n = 0.993966 , T = 2.29393 , E = 6.84027 , vec_p = {-2.78738e-015 -7.56621e-017 9.58522e-018}
-4.64 0.000762402
-4.32 0.00163299
-4 0.00321965
-3.68 0.00595857
-3.36 0.0098027
-3.04 0.0144268
-2.72 0.0192646
-2.4 0.0235572
-2.08 0.0260994
-1.76 0.0263614
-1.44 0.0236387
-1.12 0.0194341
-0.8 0.0148994
-0.48 0.0110734
-0.16 0.00892329
0.16 0.00889222
0.48 0.0110707
0.8 0.0148687
1.12 0.0195738
1.44 0.0236978
1.76 0.0264354
2.08 0.0266389
2.4 0.0236951
2.72 0.0195524
3.04 0.0142981
3.36 0.0098805
3.68 0.00591824
4 0.00317862
4.32 0.00161896
4.64 0.000747432
