# f(v_x, v_y, v_z), v_z = const
# nv_x = 30, nv_y = 30, nv_z = 30
# n = 0.993966 , T = 2.29393 , E = 6.84027 , vec_p = {2.16578e-015 6.17391e-017 -1.05782e-018}
-4.64 0.000916656
-4.32 0.00202967
-4 0.00402407
-3.68 0.00732903
-3.36 0.0118745
-3.04 0.0174418
-2.72 0.0233154
-2.4 0.027976
-2.08 0.030355
-1.76 0.0296716
-1.44 0.0262611
-1.12 0.0209898
-0.8 0.0155174
-0.48 0.0111294
-0.16 0.00871985
0.16 0.00869057
0.48 0.0111402
0.8 0.0155937
1.12 0.0209654
1.44 0.0262122
1.76 0.0296031
2.08 0.030358
2.4 0.0278737
2.72 0.0231171
3.04 0.0172689
3.36 0.0119393
3.68 0.00735072
4 0.00403635
4.32 0.00204015
4.64 0.000917811
