# f(v_x, v_y, v_z), v_z = const
# nv_x = 30, nv_y = 30, nv_z = 30
# n = 0.993966 , T = 2.29393 , E = 6.84027 , vec_p = {6.15167e-016 3.65006e-017 -1.28608e-018}
-4.64 0.000699188
-4.32 0.00147866
-4 0.00292659
-3.68 0.00542708
-3.36 0.00894833
-3.04 0.0133157
-2.72 0.0177608
-2.4 0.0221326
-2.08 0.0246199
-1.76 0.0252167
-1.44 0.0225676
-1.12 0.0189404
-0.8 0.0146563
-0.48 0.0110686
-0.16 0.00911122
0.16 0.00907264
0.48 0.011124
0.8 0.0146161
1.12 0.018924
1.44 0.0228109
1.76 0.0251108
2.08 0.0251239
2.4 0.0221364
2.72 0.0180849
3.04 0.0130422
3.36 0.00895194
3.68 0.00543746
4 0.0028708
4.32 0.00145469
4.64 0.000699926
