# f(v_x, v_y, v_z), v_z = const
# nv_x = 30, nv_y = 30, nv_z = 30
# n = 0.993966 , T = 2.29393 , E = 6.84027 , vec_p = {2.99534e-015 8.63949e-017 -2.27347e-017}
-4.64 0.000940176
-4.32 0.00208379
-4 0.00414084
-3.68 0.00747277
-3.36 0.012134
-3.04 0.0177932
-2.72 0.0236812
-2.4 0.0284538
-2.08 0.0306918
-1.76 0.0299563
-1.44 0.0264433
-1.12 0.0211656
-0.8 0.0156522
-0.48 0.0111702
-0.16 0.00870452
0.16 0.00868503
0.48 0.0111685
0.8 0.0156602
1.12 0.0211813
1.44 0.0263848
1.76 0.0298985
2.08 0.0307165
2.4 0.0284145
2.72 0.0236761
3.04 0.017788
3.36 0.0121931
3.68 0.00749237
4 0.0041105
4.32 0.00207518
4.64 0.000936567
