# f(v_x, v_y, v_z), v_z = const
# nv_x = 30, nv_y = 30, nv_z = 30
# n = 0.993966 , T = 2.29393 , E = 6.84027 , vec_p = {2.5865e-015 -1.65539e-017 5.79448e-018}
-4.64 0.000692415
-4.32 0.00146489
-4 0.00290997
-3.68 0.00540482
-3.36 0.00888852
-3.04 0.0132753
-2.72 0.0177124
-2.4 0.0220467
-2.08 0.0245487
-1.76 0.0251615
-1.44 0.0225012
-1.12 0.0189099
-0.8 0.0146365
-0.48 0.0110606
-0.16 0.00912968
0.16 0.00908696
0.48 0.0111174
0.8 0.0146051
1.12 0.0189013
1.44 0.0227417
1.76 0.0250394
2.08 0.0250129
2.4 0.0220178
2.72 0.0179573
3.04 0.0129788
3.36 0.00890985
3.68 0.00541554
4 0.00285798
4.32 0.00144708
4.64 0.000697453
