# f(v_x, v_y, v_z), v_z = const
# nv_x = 30, nv_y = 30, nv_z = 30
# n = 0.993966 , T = 2.29393 , E = 6.84027 , vec_p = {4.1186e-015 -3.88525e-017 -3.1104e-018}
-4.64 0.000765497
-4.32 0.00164299
-4 0.00323942
-3.68 0.0060181
-3.36 0.00987392
-3.04 0.014523
-2.72 0.0193808
-2.4 0.0237328
-2.08 0.0262424
-1.76 0.0264483
-1.44 0.023773
-1.12 0.0195323
-0.8 0.0149323
-0.48 0.0110852
-0.16 0.00891228
0.16 0.00886766
0.48 0.0110764
0.8 0.0148872
1.12 0.019635
1.44 0.0238278
1.76 0.0265137
2.08 0.0267772
2.4 0.0238271
2.72 0.0196542
3.04 0.014398
3.36 0.00999045
3.68 0.00597857
4 0.00321437
4.32 0.00162992
4.64 0.000750659
