# f(v_x, v_y, v_z), v_z = const
# nv_x = 30, nv_y = 30, nv_z = 30
# n = 0.993966 , T = 2.29393 , E = 6.84027 , vec_p = {-3.22905e-015 -6.58549e-017 -8.86944e-017}
-4.64 0.000510223
-4.32 0.00104272
-4 0.00197036
-3.68 0.00370596
-3.36 0.00624109
-3.04 0.0095152
-2.72 0.013067
-2.4 0.0167589
-2.08 0.0190203
-1.76 0.0206831
-1.44 0.0189478
-1.12 0.0169494
-0.8 0.0141256
-0.48 0.0115172
-0.16 0.010195
0.16 0.0101598
0.48 0.0116087
0.8 0.0139902
1.12 0.0168935
1.44 0.019335
1.76 0.0203121
2.08 0.0196053
2.4 0.0167987
2.72 0.0131709
3.04 0.00929639
3.36 0.00629429
3.68 0.00373978
4 0.00199604
4.32 0.00101171
4.64 0.000515704
