# f(v_x, v_y, v_z), v_z = const
# nv_x = 30, nv_y = 30, nv_z = 30
# n = 0.993966 , T = 2.29393 , E = 6.84027 , vec_p = {3.5832e-015 1.17547e-016 -4.54312e-017}
-4.64 0.000497004
-4.32 0.00101207
-4 0.00190616
-3.68 0.00360935
-3.36 0.00607638
-3.04 0.00921922
-2.72 0.0127302
-2.4 0.0163392
-2.08 0.018692
-1.76 0.0203415
-1.44 0.0186784
-1.12 0.016814
-0.8 0.0141093
-0.48 0.011579
-0.16 0.0103171
0.16 0.0102805
0.48 0.0116581
0.8 0.0139979
1.12 0.0167039
1.44 0.0190389
1.76 0.0199931
2.08 0.0191053
2.4 0.0164495
2.72 0.0128648
3.04 0.00899291
3.36 0.00610237
3.68 0.00361576
4 0.00193411
4.32 0.000985845
4.64 0.000505119
