# f(v_x, v_y, v_z), v_z = const
# nv_x = 30, nv_y = 30, nv_z = 30
# n = 0.993966 , T = 2.29393 , E = 6.84027 , vec_p = {7.77334e-016 1.1747e-017 -8.84786e-017}
-4.64 0.000544316
-4.32 0.001119
-4 0.00212749
-3.68 0.00398928
-3.36 0.00669422
-3.04 0.0102013
-2.72 0.0139712
-2.4 0.017764
-2.08 0.0201611
-1.76 0.0215995
-1.44 0.0196144
-1.12 0.0172261
-0.8 0.0141916
-0.48 0.0113823
-0.16 0.00993757
0.16 0.00990766
0.48 0.0115192
0.8 0.0141281
1.12 0.0172719
1.44 0.0199918
1.76 0.021289
2.08 0.0206453
2.4 0.0176297
2.72 0.014038
3.04 0.00993267
3.36 0.00679173
3.68 0.00401467
4 0.00214809
4.32 0.00108414
4.64 0.000552039
