# f(v_x, v_y, v_z), v_z = const
# nv_x = 30, nv_y = 30, nv_z = 30
# n = 0.993966 , T = 2.29393 , E = 6.84027 , vec_p = {2.30269e-015 1.14184e-017 -5.56097e-017}
-4.64 0.000460428
-4.32 0.000923532
-4 0.00172447
-3.68 0.00327938
-3.36 0.00552088
-3.04 0.00837927
-2.72 0.0117105
-2.4 0.0152512
-2.08 0.0176412
-1.76 0.0192912
-1.44 0.0179725
-1.12 0.0163826
-0.8 0.0140665
-0.48 0.0117917
-0.16 0.0106365
0.16 0.0106201
0.48 0.0118512
0.8 0.0139249
1.12 0.0163114
1.44 0.0182725
1.76 0.0188602
2.08 0.0178673
2.4 0.0153389
2.72 0.0118243
3.04 0.00821677
3.36 0.00555669
3.68 0.0032571
4 0.00175786
4.32 0.000897252
4.64 0.000471889
