# f(v_x, v_y, v_z), v_z = const
# nv_x = 30, nv_y = 30, nv_z = 30
# n = 0.993966 , T = 2.29393 , E = 6.84027 , vec_p = {-9.49882e-016 6.23324e-017 -3.33014e-017}
-4.64 0.000598852
-4.32 0.00124163
-4 0.00238872
-3.68 0.00450361
-3.36 0.00749023
-3.04 0.0111376
-2.72 0.0151326
-2.4 0.0192879
-2.08 0.021548
-1.76 0.0228982
-1.44 0.0206181
-1.12 0.0178542
-0.8 0.01434
-0.48 0.0112539
-0.16 0.00959783
0.16 0.00958025
0.48 0.0113113
0.8 0.0142347
1.12 0.0178491
1.44 0.0209705
1.76 0.0226705
2.08 0.0223131
2.4 0.0192633
2.72 0.0154874
3.04 0.0109408
3.36 0.00754661
3.68 0.00446177
4 0.00240662
4.32 0.00122123
4.64 0.000602497
