# f(v_x, v_y, v_z), v_z = const
# nv_x = 30, nv_y = 30, nv_z = 30
# n = 0.993966 , T = 2.29393 , E = 6.84027 , vec_p = {-1.75157e-015 -8.53753e-017 -1.99663e-018}
-4.64 0.000791956
-4.32 0.00170459
-4 0.00337522
-3.68 0.00623375
-3.36 0.0102149
-3.04 0.0150265
-2.72 0.0201465
-2.4 0.0245037
-2.08 0.027084
-1.76 0.0269551
-1.44 0.024143
-1.12 0.0197943
-0.8 0.0150254
-0.48 0.011091
-0.16 0.00883635
0.16 0.00880702
0.48 0.0111006
0.8 0.0149664
1.12 0.0198976
1.44 0.0242327
1.76 0.0269973
2.08 0.0272843
2.4 0.0245691
2.72 0.0202168
3.04 0.014931
3.36 0.0104203
3.68 0.00622319
4 0.00339027
4.32 0.0017056
4.64 0.000780796
