# f(v_x, v_y, v_z), v_z = const
# nv_x = 30, nv_y = 30, nv_z = 30
# n = 0.993966 , T = 2.29393 , E = 6.84027 , vec_p = {1.571e-015 4.57998e-017 5.56177e-018}
-4.64 0.000813939
-4.32 0.00175291
-4 0.00345869
-3.68 0.00642389
-3.36 0.0105074
-3.04 0.015359
-2.72 0.0206908
-2.4 0.0248869
-2.08 0.0275982
-1.76 0.0273169
-1.44 0.0243321
-1.12 0.0199052
-0.8 0.0150633
-0.48 0.0110838
-0.16 0.00882123
0.16 0.00878284
0.48 0.0110413
0.8 0.0150587
1.12 0.0200949
1.44 0.0245881
1.76 0.0275473
2.08 0.0277956
2.4 0.0251762
2.72 0.0207472
3.04 0.0152354
3.36 0.0106537
3.68 0.0064017
4 0.00347655
4.32 0.00176817
4.64 0.000798639
