# f(v_x, v_y, v_z), v_z = const
# nv_x = 30, nv_y = 30, nv_z = 30
# n = 0.993966 , T = 2.29393 , E = 6.84027 , vec_p = {-1.83848e-015 4.10498e-017 -1.09406e-016}
-4.64 0.000526545
-4.32 0.00107636
-4 0.00203399
-3.68 0.00380802
-3.36 0.00646599
-3.04 0.00981006
-2.72 0.0134585
-2.4 0.0172071
-2.08 0.0195594
-1.76 0.0210677
-1.44 0.0192405
-1.12 0.0170709
-0.8 0.0141503
-0.48 0.0114534
-0.16 0.0100662
0.16 0.0100562
0.48 0.0115808
0.8 0.0140515
1.12 0.0170456
1.44 0.0196376
1.76 0.0207434
2.08 0.020094
2.4 0.0171736
2.72 0.0135907
3.04 0.00958526
3.36 0.0065007
3.68 0.00386193
4 0.00207059
4.32 0.0010423
4.64 0.000533317
