# f(v_x, v_y, v_z), v_z = const
# nv_x = 30, nv_y = 30, nv_z = 30
# n = 0.993966 , T = 2.29393 , E = 6.84027 , vec_p = {3.21664e-015 1.30473e-017 1.97975e-018}
-4.64 0.000606036
-4.32 0.00126491
-4 0.00245124
-3.68 0.00457375
-3.36 0.00763036
-3.04 0.0113564
-2.72 0.0154576
-2.4 0.0196371
-2.08 0.0219287
-1.76 0.0231126
-1.44 0.0208081
-1.12 0.0179458
-0.8 0.0143837
-0.48 0.0112235
-0.16 0.00955321
0.16 0.00953105
0.48 0.0112785
0.8 0.0142621
1.12 0.0179677
1.44 0.0211652
1.76 0.0228678
2.08 0.0225538
2.4 0.0195271
2.72 0.0156831
3.04 0.0111214
3.36 0.00765323
3.68 0.00455742
4 0.00246257
4.32 0.00124368
4.64 0.000611837
