# f(v_x, v_y, v_z), v_z = const
# nv_x = 30, nv_y = 30, nv_z = 30
# n = 0.993966 , T = 2.29393 , E = 6.84027 , vec_p = {7.57794e-016 3.98757e-017 -9.78337e-017}
-4.64 0.000538538
-4.32 0.0011059
-4 0.0020925
-3.68 0.00393416
-3.36 0.00662399
-3.04 0.0100416
-2.72 0.0138069
-2.4 0.0175683
-2.08 0.0199058
-1.76 0.0214378
-1.44 0.0194631
-1.12 0.0171656
-0.8 0.0141787
-0.48 0.011412
-0.16 0.00999441
0.16 0.00995529
0.48 0.0115357
0.8 0.0141112
1.12 0.0172146
1.44 0.0198713
1.76 0.0211581
2.08 0.020444
2.4 0.017469
2.72 0.0139249
3.04 0.00981137
3.36 0.00670898
3.68 0.00395917
4 0.00211105
4.32 0.00107153
4.64 0.000545578
