# f(v_x, v_y, v_z), v_z = const
# nv_x = 30, nv_y = 30, nv_z = 30
# n = 0.993966 , T = 2.29393 , E = 6.84027 , vec_p = {3.20478e-015 -3.32179e-019 -1.31726e-017}
-4.64 0.000622353
-4.32 0.00130234
-4 0.00254739
-3.68 0.00476902
-3.36 0.00786223
-3.04 0.0117457
-2.72 0.0159086
-2.4 0.0200691
-2.08 0.0225441
-1.76 0.0234857
-1.44 0.0212928
-1.12 0.0181708
-0.8 0.0144617
-0.48 0.0111702
-0.16 0.00944881
0.16 0.00941028
0.48 0.0112471
0.8 0.0143735
1.12 0.0182348
1.44 0.0215835
1.76 0.0234493
2.08 0.0231356
2.4 0.0200586
2.72 0.0161259
3.04 0.0114889
3.36 0.0079046
3.68 0.00471877
4 0.00253886
4.32 0.00128683
4.64 0.000626922
