# f(v_x, v_y, v_z), v_z = const
# nv_x = 30, nv_y = 30, nv_z = 30
# n = 0.993966 , T = 2.29393 , E = 6.84027 , vec_p = {-2.584e-015 -1.97353e-018 -2.089e-018}
-4.64 0.000687025
-4.32 0.00145287
-4 0.00287809
-3.68 0.00536744
-3.36 0.00881976
-3.04 0.013206
-2.72 0.0176019
-2.4 0.0218701
-2.08 0.0243763
-1.76 0.0250889
-1.44 0.0223892
-1.12 0.0188661
-0.8 0.0146183
-0.48 0.0110657
-0.16 0.00914044
0.16 0.00909614
0.48 0.0111076
0.8 0.0145752
1.12 0.0188417
1.44 0.0226492
1.76 0.0249359
2.08 0.0248962
2.4 0.021846
2.72 0.0178167
3.04 0.0128819
3.36 0.00883994
3.68 0.00538357
4 0.00283915
4.32 0.00143501
4.64 0.000692426
