# f(v_x, v_y, v_z), v_z = const
# nv_x = 30, nv_y = 30, nv_z = 30
# n = 0.993966 , T = 2.29393 , E = 6.84027 , vec_p = {2.6316e-015 -5.43601e-017 1.19105e-018}
-4.64 0.000745657
-4.32 0.00159201
-4 0.00313534
-3.68 0.00582302
-3.36 0.00960872
-3.04 0.0141734
-2.72 0.0188967
-2.4 0.0232431
-2.08 0.0257692
-1.76 0.0261295
-1.44 0.0234224
-1.12 0.0193653
-0.8 0.0148596
-0.48 0.0110615
-0.16 0.00895747
0.16 0.00891419
0.48 0.0110573
0.8 0.0148089
1.12 0.0194094
1.44 0.0234649
1.76 0.0261481
2.08 0.0263689
2.4 0.0233445
2.72 0.0191288
3.04 0.0139785
3.36 0.00968651
3.68 0.0057903
4 0.00310678
4.32 0.00158102
4.64 0.000739168
