# f(v_x, v_y, v_z), v_z = const
# nv_x = 30, nv_y = 30, nv_z = 30
# n = 0.993966 , T = 2.29393 , E = 6.84027 , vec_p = {1.53108e-015 -1.69518e-017 1.56222e-017}
-4.64 0.000853296
-4.32 0.00184808
-4 0.00364874
-3.68 0.00678068
-3.36 0.0109763
-3.04 0.0160025
-2.72 0.0215422
-2.4 0.0259397
-2.08 0.0285572
-1.76 0.0280723
-1.44 0.0250739
-1.12 0.0203489
-0.8 0.0152475
-0.48 0.0110964
-0.16 0.00876553
0.16 0.00871618
0.48 0.0110783
0.8 0.0152538
1.12 0.0204611
1.44 0.0252058
1.76 0.0284201
2.08 0.0285105
2.4 0.0260875
2.72 0.0215677
3.04 0.0159951
3.36 0.0111372
3.68 0.00676592
4 0.00366184
4.32 0.00184572
4.64 0.000838749
