# f(v_x, v_y, v_z), v_z = const
# nv_x = 30, nv_y = 30, nv_z = 30
# n = 0.993966 , T = 2.29393 , E = 6.84027 , vec_p = {-1.66054e-016 1.33795e-017 1.85114e-017}
-4.64 0.000722559
-4.32 0.00153722
-4 0.00305315
-3.68 0.00566913
-3.36 0.00939019
-3.04 0.0138259
-2.72 0.0184246
-2.4 0.0228859
-2.08 0.0252884
-1.76 0.0257438
-1.44 0.0229891
-1.12 0.0191587
-0.8 0.0147569
-0.48 0.0110565
-0.16 0.00903073
0.16 0.00896517
0.48 0.0110735
0.8 0.0147594
1.12 0.0192124
1.44 0.0231338
1.76 0.0256166
2.08 0.0258488
2.4 0.0228683
2.72 0.0187959
3.04 0.0135715
3.36 0.00939278
3.68 0.00564304
4 0.00300966
4.32 0.00153695
4.64 0.000723962
