# f(v_x, v_y, v_z), v_z = const
# nv_x = 30, nv_y = 30, nv_z = 30
# n = 0.993966 , T = 2.29393 , E = 6.84027 , vec_p = {-1.5218e-015 1.42203e-016 -1.59517e-018}
-4.64 0.000715858
-4.32 0.00151161
-4 0.00299971
-3.68 0.00556542
-3.36 0.00924717
-3.04 0.0136382
-2.72 0.0182076
-2.4 0.0226333
-2.08 0.0250362
-1.76 0.0255855
-1.44 0.0228479
-1.12 0.0190747
-0.8 0.014731
-0.48 0.0110584
-0.16 0.00906573
0.16 0.00899925
0.48 0.0110745
0.8 0.0147195
1.12 0.019112
1.44 0.02303
1.76 0.0254803
2.08 0.0255579
2.4 0.0225997
2.72 0.0184996
3.04 0.0133075
3.36 0.00922329
3.68 0.00558806
4 0.00295597
4.32 0.00150773
4.64 0.000715599
