# f(v_x, v_y, v_z), v_z = const
# nv_x = 30, nv_y = 30, nv_z = 30
# n = 0.993966 , T = 2.29393 , E = 6.84027 , vec_p = {3.94144e-015 -8.46665e-017 -5.56613e-017}
-4.64 0.00048026
-4.32 0.000971055
-4 0.00181568
-3.68 0.00345543
-3.36 0.00581609
-3.04 0.00885448
-2.72 0.0122796
-2.4 0.0158378
-2.08 0.0181991
-1.76 0.0198727
-1.44 0.0182964
-1.12 0.0166139
-0.8 0.0140776
-0.48 0.0116722
-0.16 0.0104665
0.16 0.0104369
0.48 0.0117347
0.8 0.0139707
1.12 0.0164905
1.44 0.0187061
1.76 0.0195013
2.08 0.0184728
2.4 0.0159356
2.72 0.0122839
3.04 0.0086098
3.36 0.00586553
3.68 0.00344826
4 0.0018533
4.32 0.000947531
4.64 0.000491699
