# f(v_x, v_y, v_z), v_z = const
# nv_x = 30, nv_y = 30, nv_z = 30
# n = 0.993966 , T = 2.29393 , E = 6.84027 , vec_p = {-1.60696e-016 -5.27383e-017 2.71161e-017}
-4.64 0.000866616
-4.32 0.00188407
-4 0.00372873
-3.68 0.00691036
-3.36 0.0111616
-3.04 0.0163453
-2.72 0.0218051
-2.4 0.0262953
-2.08 0.0289862
-1.76 0.0284607
-1.44 0.0253363
-1.12 0.0204684
-0.8 0.0153077
-0.48 0.0111226
-0.16 0.00874197
0.16 0.00870633
0.48 0.0110762
0.8 0.0153389
1.12 0.020597
1.44 0.0253885
1.76 0.0286447
2.08 0.0288226
2.4 0.0264866
2.72 0.0218905
3.04 0.0162656
3.36 0.0112759
3.68 0.00688149
4 0.00373184
4.32 0.00188059
4.64 0.000856154
