# f(v_x, v_y, v_z), v_z = const
# nv_x = 30, nv_y = 30, nv_z = 30
# n = 0.993966 , T = 2.29393 , E = 6.84027 , vec_p = {1.6923e-016 5.64171e-017 -6.29718e-019}
-4.64 0.00078905
-4.32 0.00170018
-4 0.00335729
-3.68 0.00622461
-3.36 0.0101909
-3.04 0.0150015
-2.72 0.0200938
-2.4 0.0244828
-2.08 0.0270615
-1.76 0.0269239
-1.44 0.0241325
-1.12 0.0197608
-0.8 0.0150268
-0.48 0.0110971
-0.16 0.00884401
0.16 0.00880875
0.48 0.0111048
0.8 0.0149503
1.12 0.0198896
1.44 0.0241659
1.76 0.026939
2.08 0.0271961
2.4 0.0245084
2.72 0.0201905
3.04 0.0148825
3.36 0.0103719
3.68 0.00620549
4 0.00337695
4.32 0.00170243
4.64 0.000780084
