# f(v_x, v_y, v_z), v_z = const
# nv_x = 30, nv_y = 30, nv_z = 30
# n = 0.993966 , T = 2.29393 , E = 6.84027 , vec_p = {-2.03224e-015 -5.62057e-017 -6.35625e-017}
-4.64 0.000474815
-4.32 0.000957811
-4 0.00179258
-3.68 0.00340352
-3.36 0.00573371
-3.04 0.00872434
-2.72 0.0121206
-2.4 0.0156887
-2.08 0.0180512
-1.76 0.0197216
-1.44 0.0182188
-1.12 0.0165547
-0.8 0.014079
-0.48 0.011696
-0.16 0.0105065
0.16 0.010478
0.48 0.0117593
0.8 0.0139681
1.12 0.0164377
1.44 0.0185961
1.76 0.0193292
2.08 0.0183046
2.4 0.0157714
2.72 0.0121694
3.04 0.00851747
3.36 0.00578349
3.68 0.00338978
4 0.0018309
4.32 0.000932663
4.64 0.000486395
