# f(v_x, v_y, v_z), v_z = const
# nv_x = 30, nv_y = 30, nv_z = 30
# n = 0.993966 , T = 2.29393 , E = 6.84027 , vec_p = {7.59755e-015 9.77316e-017 -2.42029e-018}
-4.64 0.000912056
-4.32 0.00201264
-4 0.00401209
-3.68 0.00727769
-3.36 0.011812
-3.04 0.0173267
-2.72 0.0231312
-2.4 0.0277959
-2.08 0.0301995
-1.76 0.0295974
-1.44 0.0261166
-1.12 0.0209268
-0.8 0.0155298
-0.48 0.011118
-0.16 0.00872523
0.16 0.0086869
0.48 0.0111115
0.8 0.0155801
1.12 0.0209257
1.44 0.0261483
1.76 0.0295953
2.08 0.0301403
2.4 0.0276957
2.72 0.023045
3.04 0.0171487
3.36 0.0118955
3.68 0.00732124
4 0.00402046
4.32 0.00202534
4.64 0.000913326
