# f(v_x, v_y, v_z), v_z = const
# nv_x = 30, nv_y = 30, nv_z = 30
# n = 0.993966 , T = 2.29393 , E = 6.84027 , vec_p = {-1.82611e-015 5.69536e-017 3.0167e-017}
-4.64 0.000865265
-4.32 0.00188104
-4 0.00371379
-3.68 0.00688858
-3.36 0.0111258
-3.04 0.016282
-2.72 0.0217724
-2.4 0.0262484
-2.08 0.0289019
-1.76 0.0283639
-1.44 0.0252896
-1.12 0.0204232
-0.8 0.0153003
-0.48 0.0111172
-0.16 0.00874208
0.16 0.00871118
0.48 0.011063
0.8 0.015317
1.12 0.0205677
1.44 0.0253483
1.76 0.0286025
2.08 0.0287843
2.4 0.026464
2.72 0.0218552
3.04 0.0162374
3.36 0.0112597
3.68 0.0068744
4 0.0037159
4.32 0.001874
4.64 0.000855672
