# f(v_x, v_y, v_z), v_z = const
# nv_x = 30, nv_y = 30, nv_z = 30
# n = 0.993966 , T = 2.29393 , E = 6.84027 , vec_p = {-1.14193e-015 1.62927e-017 -1.63425e-018}
-4.64 0.000907331
-4.32 0.00200898
-4 0.00398972
-3.68 0.00725794
-3.36 0.0117228
-3.04 0.0172498
-2.72 0.0231074
-2.4 0.0277521
-2.08 0.0300807
-1.76 0.0295526
-1.44 0.0260647
-1.12 0.0208782
-0.8 0.0155265
-0.48 0.0111091
-0.16 0.00872614
0.16 0.00868598
0.48 0.0111099
0.8 0.015564
1.12 0.0208998
1.44 0.0260997
1.76 0.0295726
2.08 0.0300656
2.4 0.0276428
2.72 0.0229161
3.04 0.0170704
3.36 0.0118803
3.68 0.00729962
4 0.00400812
4.32 0.00202117
4.64 0.000910926
