# N_v = 30, N_col = 250000
# time	 M_xx	 M_yy	 M_zz
0	4.92327	0.9919	0.9919
0.02	4.89646	1.00511	1.00551
0.04	4.86984	1.01842	1.01881
0.06	4.84362	1.03164	1.03181
0.08	4.81766	1.04464	1.04477
0.1	4.79205	1.05749	1.05753
0.12	4.76656	1.07024	1.07027
0.14	4.74137	1.08271	1.083
0.16	4.71639	1.09503	1.09565
0.18	4.69236	1.10734	1.10737
0.2	4.6684	1.11928	1.1194
0.22	4.64446	1.1311	1.13151
0.24	4.62092	1.14289	1.14326
0.26	4.59729	1.15472	1.15507
0.28	4.57427	1.16634	1.16646
0.3	4.55123	1.17783	1.17802
0.32	4.52843	1.18921	1.18943
0.34	4.50618	1.20037	1.20053
0.36	4.4841	1.21141	1.21156
0.38	4.46223	1.22232	1.22253
0.4	4.44105	1.23315	1.23287
0.42	4.41963	1.24396	1.24348
0.44	4.39856	1.25456	1.25395
0.46	4.37743	1.26513	1.26451
0.48	4.35638	1.27561	1.27509
0.5	4.33579	1.28591	1.28538
0.52	4.31509	1.29618	1.2958
0.54	4.29474	1.30636	1.30598
0.56	4.27488	1.3162	1.31599
0.58	4.25532	1.32585	1.3259
0.6	4.23583	1.33565	1.33559
0.62	4.21615	1.34536	1.34556
0.64	4.1973	1.35478	1.35499
0.66	4.17849	1.36425	1.36433
0.68	4.15959	1.37362	1.37386
0.7	4.14103	1.38299	1.38306
0.72	4.12286	1.39224	1.39197
0.74	4.10455	1.40136	1.40116
0.76	4.08647	1.41044	1.41016
0.78	4.06907	1.4192	1.4188
0.8	4.0513	1.42813	1.42764
0.82	4.03376	1.4368	1.43651
0.84	4.01651	1.44548	1.44508
0.86	3.99937	1.45396	1.45374
0.88	3.98244	1.46238	1.46225
0.9	3.96575	1.47067	1.47065
0.92	3.94902	1.47893	1.47912
0.94	3.93269	1.48723	1.48715
0.96	3.91661	1.49539	1.49508
0.98	3.90055	1.50331	1.5032
1	3.88445	1.51133	1.5113
1.02	3.86883	1.51912	1.51912
1.04	3.85322	1.52682	1.52703
1.06	3.83806	1.53439	1.53463
1.08	3.82278	1.54197	1.54233
1.1	3.80785	1.54944	1.54978
1.12	3.79288	1.55682	1.55738
1.14	3.77804	1.56422	1.56482
1.16	3.7636	1.57146	1.57201
1.18	3.74907	1.57874	1.57926
1.2	3.73472	1.58597	1.58638
1.22	3.7206	1.59295	1.59351
1.24	3.70671	1.5999	1.60046
1.26	3.69291	1.6068	1.60736
1.28	3.67927	1.61368	1.61412
1.3	3.66564	1.62049	1.62094
1.32	3.65206	1.62725	1.62775
1.34	3.63877	1.63391	1.63439
1.36	3.62559	1.64048	1.641
1.38	3.61256	1.64698	1.64753
1.4	3.59974	1.65356	1.65378
1.42	3.58687	1.6599	1.6603
1.44	3.57424	1.66623	1.6666
1.46	3.56185	1.67246	1.67276
1.48	3.54944	1.67858	1.67906
1.5	3.5372	1.68474	1.68513
1.52	3.52504	1.69088	1.69115
1.54	3.51285	1.69693	1.69729
1.56	3.50107	1.7028	1.7032
1.58	3.48924	1.70873	1.70911
1.6	3.47757	1.71459	1.71491
1.62	3.46611	1.72035	1.72061
1.64	3.45468	1.72605	1.72635
1.66	3.44336	1.73174	1.73197
1.68	3.43215	1.73733	1.73759
1.7	3.42119	1.74285	1.74303
1.72	3.41021	1.74831	1.74855
1.74	3.39953	1.75372	1.75383
1.76	3.38888	1.75903	1.75917
1.78	3.37826	1.76429	1.76453
1.8	3.36781	1.76953	1.76974
1.82	3.35742	1.77471	1.77494
1.84	3.34718	1.77979	1.78011
1.86	3.33696	1.78485	1.78526
1.88	3.32676	1.78984	1.79048
1.9	3.31683	1.79478	1.79546
1.92	3.30677	1.79977	1.80053
1.94	3.29699	1.80468	1.8054
1.96	3.28736	1.80952	1.81019
1.98	3.27779	1.81437	1.81491
2	3.26829	1.81913	1.81965
2.02	3.25894	1.8238	1.82433
2.04	3.24966	1.82853	1.82888
2.06	3.24047	1.83314	1.83346
2.08	3.23137	1.83773	1.83797
2.1	3.22221	1.84231	1.84255
2.12	3.21324	1.84683	1.847
2.14	3.20436	1.85127	1.85145
2.16	3.19552	1.85561	1.85594
2.18	3.18689	1.85995	1.86023
2.2	3.17834	1.86421	1.86452
2.22	3.16984	1.86845	1.86878
2.24	3.16138	1.87271	1.87298
2.26	3.15299	1.87687	1.8772
2.28	3.14468	1.88102	1.88138
2.3	3.13655	1.88511	1.88541
2.32	3.12847	1.88912	1.88948
2.34	3.1205	1.89314	1.89343
2.36	3.11257	1.89713	1.89738
2.38	3.10472	1.90109	1.90126
2.4	3.09687	1.90499	1.90521
2.42	3.08919	1.90883	1.90906
2.44	3.08154	1.91268	1.91284
2.46	3.07398	1.91646	1.91664
2.48	3.06656	1.92015	1.92036
2.5	3.05911	1.92386	1.9241
2.52	3.05183	1.92751	1.92773
2.54	3.04459	1.93111	1.93137
2.56	3.03745	1.93468	1.93495
2.58	3.03029	1.93826	1.93852
2.6	3.02324	1.94183	1.94201
2.62	3.01626	1.94533	1.94549
2.64	3.00929	1.94884	1.94894
2.66	3.00241	1.95223	1.95243
2.68	2.99566	1.95566	1.95576
2.7	2.98891	1.95904	1.95913
2.72	2.98222	1.96239	1.96246
2.74	2.97564	1.96569	1.96575
2.76	2.96917	1.96892	1.96899
2.78	2.96271	1.97215	1.97221
2.8	2.95632	1.97536	1.97539
2.82	2.94996	1.97852	1.97859
2.84	2.94375	1.98163	1.9817
2.86	2.93756	1.9847	1.98481
2.88	2.93141	1.9878	1.98787
2.9	2.9253	1.99085	1.99091
2.92	2.91932	1.99384	1.99391
2.94	2.91335	1.99684	1.99689
2.96	2.90743	1.99979	1.99985
2.98	2.90162	2.00273	2.00273
3	2.89582	2.00558	2.00568
3.02	2.89013	2.0084	2.00854
3.04	2.88448	2.01121	2.01138
3.06	2.87887	2.01402	2.01419
3.08	2.87335	2.01678	2.01694
3.1	2.8678	2.01955	2.01973
3.12	2.8624	2.02223	2.02244
3.14	2.85702	2.02493	2.02512
3.16	2.85166	2.02762	2.0278
3.18	2.84633	2.03028	2.03046
3.2	2.84107	2.03292	2.03308
3.22	2.83592	2.03551	2.03564
3.24	2.83084	2.03808	2.03815
3.26	2.82571	2.04067	2.04069
3.28	2.82068	2.04319	2.0432
3.3	2.81568	2.04568	2.04571
3.32	2.81074	2.04815	2.04818
3.34	2.80585	2.05058	2.05064
3.36	2.80096	2.053	2.05312
3.38	2.79617	2.0554	2.0555
3.4	2.79142	2.05779	2.05786
3.42	2.78668	2.06019	2.0602
3.44	2.782	2.06253	2.06254
3.46	2.7774	2.06485	2.06483
3.48	2.77286	2.06713	2.06707
3.5	2.76836	2.0694	2.06931
3.52	2.76388	2.07162	2.07157
3.54	2.75943	2.07384	2.07381
3.56	2.75507	2.07604	2.07596
3.58	2.75072	2.07819	2.07816
3.6	2.74641	2.08032	2.08034
3.62	2.74213	2.08247	2.08247
3.64	2.73789	2.0846	2.08458
3.66	2.73371	2.08667	2.08669
3.68	2.7296	2.08872	2.08875
3.7	2.72547	2.09078	2.09082
3.72	2.72139	2.09281	2.09287
3.74	2.71734	2.09486	2.09488
3.76	2.71335	2.09684	2.09688
3.78	2.70942	2.09881	2.09885
3.8	2.70548	2.10075	2.10084
3.82	2.70163	2.10268	2.10276
3.84	2.69785	2.1046	2.10462
3.86	2.69409	2.10647	2.10651
3.88	2.69033	2.10832	2.10843
3.9	2.68661	2.11018	2.11029
3.92	2.68293	2.11202	2.11213
3.94	2.67929	2.11385	2.11393
3.96	2.67568	2.11566	2.11573
3.98	2.67212	2.11744	2.11751
4	2.6686	2.11919	2.11928
4.02	2.66508	2.12094	2.12105
4.04	2.6616	2.12269	2.12279
4.06	2.65821	2.12439	2.12447
4.08	2.65478	2.12611	2.12617
4.1	2.65138	2.12782	2.12787
4.12	2.64805	2.12949	2.12953
4.14	2.64473	2.13115	2.13118
4.16	2.64147	2.13277	2.13283
4.18	2.63825	2.13438	2.13444
4.2	2.63508	2.13598	2.13601
4.22	2.6319	2.13758	2.13759
4.24	2.62874	2.13915	2.13917
4.26	2.62565	2.14072	2.14071
4.28	2.62253	2.14228	2.14226
4.3	2.61948	2.14382	2.14377
4.32	2.61651	2.1453	2.14527
4.34	2.61352	2.14679	2.14676
4.36	2.61056	2.14828	2.14823
4.38	2.60761	2.14977	2.1497
4.4	2.60471	2.15122	2.15115
4.42	2.60181	2.15266	2.1526
4.44	2.59895	2.15408	2.15404
4.46	2.59614	2.15548	2.15545
4.48	2.59333	2.15687	2.15687
4.5	2.59056	2.15827	2.15825
4.52	2.58782	2.15965	2.15961
4.54	2.58509	2.16101	2.16097
4.56	2.5824	2.16235	2.16233
4.58	2.57974	2.16368	2.16365
4.6	2.57709	2.16501	2.16497
4.62	2.57446	2.16632	2.1663
4.64	2.5719	2.1676	2.16757
4.66	2.56934	2.16889	2.16884
4.68	2.56681	2.17016	2.1701
4.7	2.56432	2.17141	2.17134
4.72	2.56183	2.17266	2.17259
4.74	2.55938	2.17389	2.17381
4.76	2.55695	2.1751	2.17503
4.78	2.55453	2.1763	2.17625
4.8	2.55212	2.1775	2.17745
4.82	2.54972	2.1787	2.17865
4.84	2.54735	2.17988	2.17984
4.86	2.54504	2.18102	2.18101
4.88	2.54274	2.18216	2.18217
4.9	2.54047	2.1833	2.1833
4.92	2.53821	2.18443	2.18443
4.94	2.53595	2.18557	2.18556
4.96	2.53373	2.18668	2.18666
4.98	2.53154	2.18778	2.18775
5	2.52933	2.1889	2.18885
5.02	2.52717	2.18999	2.18992
5.04	2.52501	2.19107	2.191
5.06	2.52288	2.19214	2.19205
5.08	2.52076	2.19318	2.19314
5.1	2.51868	2.19422	2.19417
5.12	2.51662	2.19525	2.19521
5.14	2.51459	2.19627	2.19622
5.16	2.51254	2.19729	2.19724
5.18	2.51056	2.19826	2.19825
5.2	2.5086	2.19923	2.19924
5.22	2.50666	2.2002	2.20021
5.24	2.50472	2.20117	2.20119
5.26	2.5028	2.20211	2.20216
5.28	2.50091	2.20307	2.20309
5.3	2.49903	2.204	2.20404
5.32	2.49718	2.20493	2.20496
5.34	2.49533	2.20587	2.20588
5.36	2.49348	2.2068	2.2068
5.38	2.49168	2.2077	2.2077
5.4	2.48987	2.2086	2.2086
5.42	2.48809	2.2095	2.20948
5.44	2.48633	2.21037	2.21037
5.46	2.48458	2.21124	2.21126
5.48	2.48285	2.21209	2.21214
5.5	2.48114	2.21295	2.21299
5.52	2.47944	2.21381	2.21383
5.54	2.47776	2.21465	2.21466
5.56	2.47608	2.2155	2.21549
5.58	2.47443	2.21632	2.21632
5.6	2.4728	2.21715	2.21713
5.62	2.4712	2.21795	2.21792
5.64	2.46959	2.21875	2.21872
5.66	2.46801	2.21955	2.21951
5.68	2.46644	2.22034	2.22029
5.7	2.46488	2.22111	2.22108
5.72	2.46333	2.22189	2.22186
5.74	2.46181	2.22264	2.22262
5.76	2.4603	2.2234	2.22337
5.78	2.4588	2.22416	2.22412
5.8	2.45731	2.2249	2.22486
5.82	2.45584	2.22562	2.22561
5.84	2.4544	2.22634	2.22633
5.86	2.45295	2.22707	2.22705
5.88	2.45151	2.2278	2.22776
5.9	2.45009	2.2285	2.22848
5.92	2.4487	2.22919	2.22918
5.94	2.44731	2.2299	2.22986
5.96	2.44593	2.2306	2.23054
5.98	2.44457	2.23127	2.23123
6	2.44322	2.23195	2.2319
6.02	2.4419	2.2326	2.23258
6.04	2.44058	2.23326	2.23323
6.06	2.43928	2.23391	2.23388
6.08	2.438	2.23455	2.23453
6.1	2.43671	2.23519	2.23517
6.12	2.43544	2.23582	2.23581
6.14	2.43417	2.23646	2.23644
6.16	2.43293	2.23709	2.23705
6.18	2.43171	2.23769	2.23767
6.2	2.43048	2.2383	2.23829
6.22	2.42927	2.23891	2.2389
6.24	2.42806	2.23952	2.2395
6.26	2.42688	2.2401	2.24009
6.28	2.4257	2.2407	2.24067
6.3	2.42452	2.24129	2.24126
6.32	2.42336	2.24187	2.24184
6.34	2.42222	2.24244	2.24241
6.36	2.42108	2.243	2.24299
6.38	2.41995	2.24356	2.24356
6.4	2.41884	2.24412	2.24411
6.42	2.41774	2.24467	2.24466
6.44	2.41664	2.24522	2.24521
6.46	2.41556	2.24576	2.24576
6.48	2.41449	2.24629	2.24629
6.5	2.41344	2.24682	2.24681
6.52	2.41238	2.24735	2.24734
6.54	2.41135	2.24786	2.24786
6.56	2.41032	2.24838	2.24837
6.58	2.4093	2.24889	2.24889
6.6	2.40828	2.2494	2.24939
6.62	2.40729	2.2499	2.24988
6.64	2.4063	2.2504	2.25038
6.66	2.40532	2.25088	2.25087
6.68	2.40434	2.25138	2.25135
6.7	2.40339	2.25185	2.25183
6.72	2.40243	2.25233	2.25231
6.74	2.40148	2.2528	2.25279
6.76	2.40054	2.25327	2.25326
6.78	2.39961	2.25374	2.25372
6.8	2.39869	2.25421	2.25418
6.82	2.39778	2.25466	2.25464
6.84	2.39688	2.25511	2.25509
6.86	2.39598	2.25556	2.25553
6.88	2.39509	2.256	2.25598
6.9	2.39421	2.25644	2.25643
6.92	2.39335	2.25686	2.25686
6.94	2.3925	2.25728	2.25729
6.96	2.39165	2.25771	2.25771
6.98	2.3908	2.25814	2.25813
7	2.38997	2.25856	2.25854
7.02	2.38915	2.25898	2.25895
7.04	2.38833	2.25938	2.25936
7.06	2.38752	2.25979	2.25976
7.08	2.38673	2.26018	2.26017
7.1	2.38593	2.26058	2.26056
7.12	2.38514	2.26098	2.26096
7.14	2.38436	2.26138	2.26134
7.16	2.38359	2.26176	2.26172
7.18	2.38282	2.26214	2.26211
7.2	2.38205	2.26253	2.26249
7.22	2.3813	2.2629	2.26287
7.24	2.38055	2.26327	2.26325
7.26	2.37982	2.26364	2.26362
7.28	2.37909	2.264	2.26398
7.3	2.37836	2.26437	2.26434
7.32	2.37765	2.26472	2.2647
7.34	2.37694	2.26508	2.26506
7.36	2.37623	2.26543	2.26541
7.38	2.37554	2.26577	2.26576
7.4	2.37486	2.26611	2.2661
7.42	2.37417	2.26646	2.26644
7.44	2.37349	2.2668	2.26678
7.46	2.37282	2.26713	2.26712
7.48	2.37215	2.26747	2.26745
7.5	2.37148	2.2678	2.26779
7.52	2.37083	2.26812	2.26811
7.54	2.37019	2.26845	2.26843
7.56	2.36955	2.26877	2.26875
7.58	2.36891	2.26909	2.26907
7.6	2.36827	2.26941	2.26939
7.62	2.36766	2.26972	2.26969
7.64	2.36703	2.27004	2.27
7.66	2.36642	2.27035	2.27031
7.68	2.36581	2.27065	2.2706
7.7	2.36522	2.27095	2.2709
7.72	2.36463	2.27125	2.2712
7.74	2.36404	2.27154	2.27149
7.76	2.36345	2.27183	2.27179
7.78	2.36287	2.27212	2.27208
7.8	2.3623	2.2724	2.27237
7.82	2.36174	2.27268	2.27266
7.84	2.36118	2.27296	2.27294
7.86	2.36063	2.27324	2.27321
7.88	2.36007	2.27351	2.27348
7.9	2.35953	2.27379	2.27376
7.92	2.35899	2.27406	2.27402
7.94	2.35845	2.27433	2.27429
7.96	2.35792	2.27459	2.27456
7.98	2.35739	2.27486	2.27482
8	2.35687	2.27512	2.27508
8.02	2.35635	2.27538	2.27534
8.04	2.35584	2.27563	2.2756
8.06	2.35534	2.27588	2.27585
8.08	2.35484	2.27613	2.2761
8.1	2.35434	2.27638	2.27635
8.12	2.35385	2.27663	2.2766
8.14	2.35336	2.27687	2.27684
8.16	2.35288	2.27711	2.27708
8.18	2.3524	2.27735	2.27732
8.2	2.35193	2.27759	2.27755
8.22	2.35146	2.27782	2.27779
8.24	2.351	2.27805	2.27802
8.26	2.35054	2.27828	2.27825
8.28	2.3501	2.2785	2.27848
8.3	2.34965	2.27873	2.2787
8.32	2.3492	2.27895	2.27892
8.34	2.34875	2.27918	2.27914
8.36	2.34832	2.2794	2.27936
8.38	2.34788	2.27961	2.27957
8.4	2.34745	2.27983	2.27979
8.42	2.34703	2.28004	2.28
8.44	2.34661	2.28025	2.28021
8.46	2.34619	2.28046	2.28042
8.48	2.34578	2.28066	2.28063
8.5	2.34537	2.28087	2.28083
8.52	2.34496	2.28107	2.28104
8.54	2.34456	2.28127	2.28124
8.56	2.34417	2.28147	2.28144
8.58	2.34377	2.28167	2.28163
8.6	2.34338	2.28187	2.28183
8.62	2.343	2.28206	2.28201
8.64	2.34262	2.28225	2.2822
8.66	2.34224	2.28244	2.28239
8.68	2.34187	2.28262	2.28258
8.7	2.3415	2.28281	2.28277
8.72	2.34113	2.28299	2.28295
8.74	2.34077	2.28317	2.28314
8.76	2.34041	2.28335	2.28332
8.78	2.34005	2.28352	2.2835
8.8	2.3397	2.2837	2.28367
8.82	2.33934	2.28388	2.28385
8.84	2.33899	2.28405	2.28403
8.86	2.33865	2.28422	2.2842
8.88	2.33831	2.28439	2.28437
8.9	2.33797	2.28456	2.28454
8.92	2.33763	2.28473	2.28471
8.94	2.3373	2.2849	2.28488
8.96	2.33697	2.28506	2.28504
8.98	2.33664	2.28522	2.28521
9	2.33632	2.28538	2.28537
9.02	2.336	2.28554	2.28553
9.04	2.33568	2.2857	2.28569
9.06	2.33537	2.28586	2.28584
9.08	2.33505	2.28602	2.286
9.1	2.33474	2.28617	2.28615
9.12	2.33444	2.28633	2.2863
9.14	2.33414	2.28648	2.28645
9.16	2.33384	2.28663	2.28661
9.18	2.33354	2.28678	2.28675
9.2	2.33325	2.28693	2.2869
9.22	2.33296	2.28707	2.28705
9.24	2.33267	2.28721	2.28719
9.26	2.33238	2.28736	2.28733
9.28	2.3321	2.2875	2.28748
9.3	2.33182	2.28764	2.28761
9.32	2.33154	2.28778	2.28775
9.34	2.33127	2.28792	2.28789
9.36	2.33099	2.28805	2.28802
9.38	2.33073	2.28819	2.28816
9.4	2.33046	2.28832	2.28829
9.42	2.3302	2.28845	2.28842
9.44	2.32994	2.28859	2.28855
9.46	2.32968	2.28871	2.28868
9.48	2.32942	2.28884	2.28881
9.5	2.32917	2.28897	2.28894
9.52	2.32891	2.2891	2.28906
9.54	2.32866	2.28922	2.28919
9.56	2.32841	2.28935	2.28931
9.58	2.32816	2.28947	2.28944
9.6	2.32792	2.2896	2.28956
9.62	2.32768	2.28972	2.28968
9.64	2.32744	2.28983	2.28979
9.66	2.32721	2.28995	2.28991
9.68	2.32698	2.29006	2.29003
9.7	2.32675	2.29018	2.29015
9.72	2.32652	2.29029	2.29026
9.74	2.32629	2.29041	2.29038
9.76	2.32606	2.29052	2.29049
9.78	2.32584	2.29063	2.2906
9.8	2.32562	2.29074	2.29071
9.82	2.3254	2.29085	2.29082
9.84	2.32518	2.29096	2.29093
9.86	2.32496	2.29107	2.29104
9.88	2.32475	2.29118	2.29114
9.9	2.32454	2.29128	2.29125
9.92	2.32433	2.29138	2.29135
9.94	2.32413	2.29149	2.29146
9.96	2.32392	2.29159	2.29156
9.98	2.32372	2.29169	2.29166
10	2.32352	2.29179	2.29176
10.02	2.32332	2.29189	2.29186
10.04	2.32312	2.29199	2.29196
10.06	2.32292	2.29209	2.29206
10.08	2.32273	2.29219	2.29215
10.1	2.32254	2.29228	2.29225
10.12	2.32236	2.29237	2.29234
10.14	2.32217	2.29247	2.29244
10.16	2.32198	2.29256	2.29253
10.18	2.3218	2.29265	2.29262
10.2	2.32162	2.29274	2.29271
10.22	2.32143	2.29283	2.29281
10.24	2.32126	2.29292	2.29289
10.26	2.32108	2.29301	2.29298
10.28	2.3209	2.2931	2.29307
10.3	2.32072	2.29319	2.29316
10.32	2.32055	2.29327	2.29325
10.34	2.32038	2.29336	2.29333
10.36	2.32021	2.29344	2.29342
10.38	2.32005	2.29353	2.2935
10.4	2.31988	2.29361	2.29359
10.42	2.31971	2.29369	2.29367
10.44	2.31955	2.29378	2.29375
10.46	2.31938	2.29386	2.29383
10.48	2.31922	2.29394	2.29391
10.5	2.31907	2.29402	2.29399
10.52	2.31891	2.2941	2.29407
10.54	2.31875	2.29417	2.29415
10.56	2.3186	2.29425	2.29422
10.58	2.31845	2.29433	2.2943
10.6	2.31829	2.2944	2.29438
10.62	2.31814	2.29448	2.29445
10.64	2.318	2.29455	2.29452
10.66	2.31785	2.29463	2.2946
10.68	2.3177	2.2947	2.29467
10.7	2.31756	2.29477	2.29474
10.72	2.31741	2.29484	2.29481
10.74	2.31727	2.29491	2.29488
10.76	2.31713	2.29498	2.29495
10.78	2.317	2.29505	2.29502
10.8	2.31686	2.29512	2.29509
10.82	2.31672	2.29519	2.29516
10.84	2.31659	2.29526	2.29523
10.86	2.31645	2.29533	2.29529
10.88	2.31632	2.29539	2.29536
10.9	2.31619	2.29546	2.29543
10.92	2.31606	2.29552	2.29549
10.94	2.31593	2.29559	2.29556
10.96	2.3158	2.29565	2.29562
10.98	2.31567	2.29572	2.29568
11	2.31555	2.29578	2.29575
11.02	2.31542	2.29584	2.29581
11.04	2.3153	2.2959	2.29587
11.06	2.31518	2.29596	2.29593
11.08	2.31506	2.29602	2.29599
11.1	2.31494	2.29608	2.29605
11.12	2.31482	2.29614	2.29611
11.14	2.31471	2.2962	2.29617
11.16	2.31459	2.29626	2.29623
11.18	2.31447	2.29631	2.29629
11.2	2.31436	2.29637	2.29634
11.22	2.31425	2.29642	2.2964
11.24	2.31413	2.29648	2.29646
11.26	2.31402	2.29654	2.29651
11.28	2.31391	2.29659	2.29657
11.3	2.3138	2.29664	2.29662
11.32	2.3137	2.2967	2.29668
11.34	2.31359	2.29675	2.29673
11.36	2.31349	2.2968	2.29679
11.38	2.31338	2.29685	2.29684
11.4	2.31328	2.2969	2.29689
11.42	2.31318	2.29695	2.29694
11.44	2.31307	2.29701	2.29699
11.46	2.31297	2.29706	2.29704
11.48	2.31287	2.29711	2.29709
11.5	2.31278	2.29715	2.29714
11.52	2.31268	2.2972	2.29719
11.54	2.31258	2.29725	2.29724
11.56	2.31248	2.2973	2.29729
11.58	2.31239	2.29735	2.29734
11.6	2.3123	2.29739	2.29738
11.62	2.3122	2.29744	2.29743
11.64	2.31211	2.29749	2.29748
11.66	2.31202	2.29753	2.29752
11.68	2.31193	2.29758	2.29757
11.7	2.31184	2.29762	2.29761
11.72	2.31175	2.29766	2.29766
11.74	2.31166	2.29771	2.2977
11.76	2.31157	2.29775	2.29775
11.78	2.31149	2.29779	2.29779
11.8	2.3114	2.29784	2.29783
11.82	2.31132	2.29788	2.29787
11.84	2.31123	2.29792	2.29792
11.86	2.31115	2.29796	2.29796
11.88	2.31107	2.298	2.298
11.9	2.31099	2.29805	2.29804
11.92	2.3109	2.29809	2.29808
11.94	2.31082	2.29812	2.29812
11.96	2.31075	2.29816	2.29816
11.98	2.31067	2.2982	2.2982
12	2.31059	2.29824	2.29824
12.02	2.31051	2.29828	2.29828
12.04	2.31044	2.29832	2.29832
12.06	2.31036	2.29836	2.29835
12.08	2.31028	2.2984	2.29839
12.1	2.31021	2.29843	2.29843
12.12	2.31014	2.29847	2.29847
12.14	2.31006	2.29851	2.2985
12.16	2.30999	2.29854	2.29854
12.18	2.30992	2.29858	2.29858
12.2	2.30985	2.29861	2.29861
12.22	2.30978	2.29865	2.29865
12.24	2.30971	2.29868	2.29868
12.26	2.30964	2.29872	2.29872
12.28	2.30957	2.29875	2.29875
12.3	2.3095	2.29879	2.29878
12.32	2.30943	2.29882	2.29882
12.34	2.30937	2.29885	2.29885
12.36	2.3093	2.29889	2.29888
12.38	2.30924	2.29892	2.29892
12.4	2.30917	2.29895	2.29895
12.42	2.30911	2.29898	2.29898
12.44	2.30905	2.29901	2.29901
12.46	2.30898	2.29904	2.29904
12.48	2.30892	2.29908	2.29907
12.5	2.30886	2.29911	2.29911
12.52	2.3088	2.29914	2.29914
12.54	2.30874	2.29917	2.29917
12.56	2.30868	2.2992	2.2992
12.58	2.30862	2.29923	2.29923
12.6	2.30856	2.29926	2.29926
12.62	2.3085	2.29928	2.29929
12.64	2.30844	2.29931	2.29931
12.66	2.30839	2.29934	2.29934
12.68	2.30833	2.29937	2.29937
12.7	2.30827	2.2994	2.2994
12.72	2.30822	2.29943	2.29943
12.74	2.30816	2.29945	2.29946
12.76	2.30811	2.29948	2.29948
12.78	2.30805	2.29951	2.29951
12.8	2.308	2.29953	2.29954
12.82	2.30795	2.29956	2.29956
12.84	2.3079	2.29959	2.29959
12.86	2.30784	2.29961	2.29962
12.88	2.30779	2.29964	2.29964
12.9	2.30774	2.29966	2.29967
12.92	2.30769	2.29969	2.29969
12.94	2.30764	2.29971	2.29972
12.96	2.30759	2.29974	2.29974
12.98	2.30754	2.29976	2.29977
13	2.30749	2.29979	2.29979
13.02	2.30745	2.29981	2.29982
13.04	2.3074	2.29983	2.29984
13.06	2.30735	2.29986	2.29986
13.08	2.3073	2.29988	2.29989
13.1	2.30726	2.2999	2.29991
13.12	2.30721	2.29993	2.29993
13.14	2.30717	2.29995	2.29996
13.16	2.30712	2.29997	2.29998
13.18	2.30708	2.29999	2.3
13.2	2.30703	2.30002	2.30002
13.22	2.30699	2.30004	2.30004
13.24	2.30695	2.30006	2.30007
13.26	2.3069	2.30008	2.30009
13.28	2.30686	2.3001	2.30011
13.3	2.30682	2.30013	2.30013
13.32	2.30678	2.30015	2.30015
13.34	2.30673	2.30017	2.30017
13.36	2.30669	2.30019	2.30019
13.38	2.30665	2.30021	2.30021
13.4	2.30661	2.30023	2.30023
13.42	2.30657	2.30025	2.30025
13.44	2.30653	2.30027	2.30027
13.46	2.30649	2.30029	2.30029
13.48	2.30645	2.30031	2.30031
13.5	2.30642	2.30033	2.30033
13.52	2.30638	2.30034	2.30035
13.54	2.30634	2.30036	2.30037
13.56	2.3063	2.30038	2.30039
13.58	2.30627	2.3004	2.30041
13.6	2.30623	2.30042	2.30042
13.62	2.30619	2.30044	2.30044
13.64	2.30616	2.30046	2.30046
13.66	2.30612	2.30047	2.30048
13.68	2.30608	2.30049	2.3005
13.7	2.30605	2.30051	2.30051
13.72	2.30601	2.30053	2.30053
13.74	2.30598	2.30054	2.30055
13.76	2.30595	2.30056	2.30057
13.78	2.30591	2.30058	2.30058
13.8	2.30588	2.30059	2.3006
13.82	2.30585	2.30061	2.30062
13.84	2.30581	2.30063	2.30063
13.86	2.30578	2.30064	2.30065
13.88	2.30575	2.30066	2.30066
13.9	2.30572	2.30067	2.30068
13.92	2.30569	2.30069	2.3007
13.94	2.30565	2.30071	2.30071
13.96	2.30562	2.30072	2.30073
13.98	2.30559	2.30074	2.30074
14	2.30556	2.30075	2.30076
14.02	2.30553	2.30077	2.30077
14.04	2.3055	2.30078	2.30079
14.06	2.30547	2.3008	2.3008
14.08	2.30544	2.30081	2.30082
14.1	2.30542	2.30083	2.30083
14.12	2.30539	2.30084	2.30084
14.14	2.30536	2.30086	2.30086
14.16	2.30533	2.30087	2.30087
14.18	2.3053	2.30088	2.30089
14.2	2.30527	2.3009	2.3009
14.22	2.30525	2.30091	2.30091
14.24	2.30522	2.30092	2.30093
14.26	2.30519	2.30094	2.30094
14.28	2.30517	2.30095	2.30095
14.3	2.30514	2.30096	2.30097
14.32	2.30512	2.30098	2.30098
14.34	2.30509	2.30099	2.30099
14.36	2.30506	2.301	2.30101
14.38	2.30504	2.30102	2.30102
14.4	2.30501	2.30103	2.30103
14.42	2.30499	2.30104	2.30104
14.44	2.30496	2.30105	2.30105
14.46	2.30494	2.30107	2.30107
14.48	2.30492	2.30108	2.30108
14.5	2.30489	2.30109	2.30109
14.52	2.30487	2.3011	2.3011
14.54	2.30484	2.30111	2.30111
14.56	2.30482	2.30112	2.30113
14.58	2.3048	2.30114	2.30114
14.6	2.30478	2.30115	2.30115
14.62	2.30475	2.30116	2.30116
14.64	2.30473	2.30117	2.30117
14.66	2.30471	2.30118	2.30118
14.68	2.30469	2.30119	2.30119
14.7	2.30467	2.3012	2.30121
14.72	2.30464	2.30121	2.30122
14.74	2.30462	2.30122	2.30123
14.76	2.3046	2.30123	2.30124
14.78	2.30458	2.30124	2.30125
14.8	2.30456	2.30125	2.30126
14.82	2.30454	2.30126	2.30127
14.84	2.30452	2.30127	2.30128
14.86	2.3045	2.30128	2.30129
14.88	2.30448	2.30129	2.3013
14.9	2.30446	2.3013	2.30131
14.92	2.30444	2.30131	2.30132
14.94	2.30442	2.30132	2.30133
14.96	2.3044	2.30133	2.30134
14.98	2.30438	2.30134	2.30135
15	2.30436	2.30135	2.30136
15.02	2.30434	2.30136	2.30137
15.04	2.30432	2.30137	2.30138
15.06	2.30431	2.30138	2.30139
15.08	2.30429	2.30139	2.30139
15.1	2.30427	2.3014	2.3014
15.12	2.30425	2.30141	2.30141
15.14	2.30423	2.30142	2.30142
15.16	2.30422	2.30143	2.30143
15.18	2.3042	2.30144	2.30144
15.2	2.30418	2.30144	2.30145
15.22	2.30416	2.30145	2.30146
15.24	2.30415	2.30146	2.30146
15.26	2.30413	2.30147	2.30147
15.28	2.30411	2.30148	2.30148
15.3	2.3041	2.30149	2.30149
15.32	2.30408	2.30149	2.3015
15.34	2.30407	2.3015	2.30151
15.36	2.30405	2.30151	2.30151
15.38	2.30403	2.30152	2.30152
15.4	2.30402	2.30153	2.30153
15.42	2.304	2.30153	2.30154
15.44	2.30399	2.30154	2.30155
15.46	2.30397	2.30155	2.30155
15.48	2.30396	2.30156	2.30156
15.5	2.30394	2.30156	2.30157
15.52	2.30393	2.30157	2.30158
15.54	2.30391	2.30158	2.30158
15.56	2.3039	2.30159	2.30159
15.58	2.30388	2.30159	2.3016
15.6	2.30387	2.3016	2.3016
15.62	2.30385	2.30161	2.30161
15.64	2.30384	2.30161	2.30162
15.66	2.30383	2.30162	2.30163
15.68	2.30381	2.30163	2.30163
15.7	2.3038	2.30163	2.30164
15.72	2.30379	2.30164	2.30165
15.74	2.30377	2.30165	2.30165
15.76	2.30376	2.30165	2.30166
15.78	2.30375	2.30166	2.30167
15.8	2.30373	2.30167	2.30167
15.82	2.30372	2.30167	2.30168
15.84	2.30371	2.30168	2.30168
15.86	2.30369	2.30169	2.30169
15.88	2.30368	2.30169	2.3017
15.9	2.30367	2.3017	2.3017
15.92	2.30366	2.30171	2.30171
15.94	2.30364	2.30171	2.30172
15.96	2.30363	2.30172	2.30172
15.98	2.30362	2.30172	2.30173
16	2.30361	2.30173	2.30173
16.02	2.3036	2.30174	2.30174
16.04	2.30359	2.30174	2.30175
16.06	2.30357	2.30175	2.30175
16.08	2.30356	2.30175	2.30176
16.1	2.30355	2.30176	2.30176
16.12	2.30354	2.30176	2.30177
16.14	2.30353	2.30177	2.30177
16.16	2.30352	2.30178	2.30178
16.18	2.30351	2.30178	2.30178
16.2	2.3035	2.30179	2.30179
16.22	2.30349	2.30179	2.30179
16.24	2.30348	2.3018	2.3018
16.26	2.30347	2.3018	2.3018
16.28	2.30345	2.30181	2.30181
16.3	2.30344	2.30181	2.30182
16.32	2.30343	2.30182	2.30182
16.34	2.30342	2.30182	2.30183
16.36	2.30341	2.30183	2.30183
16.38	2.3034	2.30183	2.30184
16.4	2.30339	2.30184	2.30184
16.42	2.30339	2.30184	2.30184
16.44	2.30338	2.30185	2.30185
16.46	2.30337	2.30185	2.30185
16.48	2.30336	2.30186	2.30186
16.5	2.30335	2.30186	2.30186
16.52	2.30334	2.30187	2.30187
16.54	2.30333	2.30187	2.30187
16.56	2.30332	2.30188	2.30188
16.58	2.30331	2.30188	2.30188
16.6	2.3033	2.30188	2.30189
16.62	2.30329	2.30189	2.30189
16.64	2.30328	2.30189	2.3019
16.66	2.30328	2.3019	2.3019
16.68	2.30327	2.3019	2.3019
16.7	2.30326	2.30191	2.30191
16.72	2.30325	2.30191	2.30191
16.74	2.30324	2.30191	2.30192
16.76	2.30323	2.30192	2.30192
16.78	2.30323	2.30192	2.30192
16.8	2.30322	2.30193	2.30193
16.82	2.30321	2.30193	2.30193
16.84	2.3032	2.30193	2.30194
16.86	2.30319	2.30194	2.30194
16.88	2.30319	2.30194	2.30194
16.9	2.30318	2.30195	2.30195
16.92	2.30317	2.30195	2.30195
16.94	2.30316	2.30195	2.30196
16.96	2.30315	2.30196	2.30196
16.98	2.30315	2.30196	2.30196
17	2.30314	2.30197	2.30197
17.02	2.30313	2.30197	2.30197
17.04	2.30313	2.30197	2.30197
17.06	2.30312	2.30198	2.30198
17.08	2.30311	2.30198	2.30198
17.1	2.3031	2.30198	2.30199
17.12	2.3031	2.30199	2.30199
17.14	2.30309	2.30199	2.30199
17.16	2.30308	2.30199	2.302
17.18	2.30308	2.302	2.302
17.2	2.30307	2.302	2.302
17.22	2.30306	2.302	2.30201
17.24	2.30306	2.30201	2.30201
17.26	2.30305	2.30201	2.30201
17.28	2.30304	2.30201	2.30202
17.3	2.30304	2.30202	2.30202
17.32	2.30303	2.30202	2.30202
17.34	2.30302	2.30202	2.30202
17.36	2.30302	2.30203	2.30203
17.38	2.30301	2.30203	2.30203
17.4	2.30301	2.30203	2.30203
17.42	2.303	2.30204	2.30204
17.44	2.30299	2.30204	2.30204
17.46	2.30299	2.30204	2.30204
17.48	2.30298	2.30204	2.30205
17.5	2.30298	2.30205	2.30205
17.52	2.30297	2.30205	2.30205
17.54	2.30296	2.30205	2.30205
17.56	2.30296	2.30206	2.30206
17.58	2.30295	2.30206	2.30206
17.6	2.30295	2.30206	2.30206
17.62	2.30294	2.30206	2.30207
17.64	2.30294	2.30207	2.30207
17.66	2.30293	2.30207	2.30207
17.68	2.30293	2.30207	2.30207
17.7	2.30292	2.30207	2.30208
17.72	2.30292	2.30208	2.30208
17.74	2.30291	2.30208	2.30208
17.76	2.30291	2.30208	2.30208
17.78	2.3029	2.30208	2.30209
17.8	2.3029	2.30209	2.30209
17.82	2.30289	2.30209	2.30209
17.84	2.30289	2.30209	2.30209
17.86	2.30288	2.30209	2.3021
17.88	2.30288	2.3021	2.3021
17.9	2.30287	2.3021	2.3021
17.92	2.30287	2.3021	2.3021
17.94	2.30286	2.3021	2.30211
17.96	2.30286	2.30211	2.30211
17.98	2.30285	2.30211	2.30211
18	2.30285	2.30211	2.30211
18.02	2.30284	2.30211	2.30212
18.04	2.30284	2.30212	2.30212
18.06	2.30283	2.30212	2.30212
18.08	2.30283	2.30212	2.30212
18.1	2.30282	2.30212	2.30213
18.12	2.30282	2.30212	2.30213
18.14	2.30282	2.30213	2.30213
18.16	2.30281	2.30213	2.30213
18.18	2.30281	2.30213	2.30213
18.2	2.3028	2.30213	2.30214
18.22	2.3028	2.30214	2.30214
18.24	2.30279	2.30214	2.30214
18.26	2.30279	2.30214	2.30214
18.28	2.30279	2.30214	2.30214
18.3	2.30278	2.30214	2.30215
18.32	2.30278	2.30215	2.30215
18.34	2.30277	2.30215	2.30215
18.36	2.30277	2.30215	2.30215
18.38	2.30277	2.30215	2.30215
18.4	2.30276	2.30215	2.30216
18.42	2.30276	2.30216	2.30216
18.44	2.30276	2.30216	2.30216
18.46	2.30275	2.30216	2.30216
18.48	2.30275	2.30216	2.30216
18.5	2.30274	2.30216	2.30217
18.52	2.30274	2.30216	2.30217
18.54	2.30274	2.30217	2.30217
18.56	2.30273	2.30217	2.30217
18.58	2.30273	2.30217	2.30217
18.6	2.30273	2.30217	2.30217
18.62	2.30272	2.30217	2.30218
18.64	2.30272	2.30218	2.30218
18.66	2.30272	2.30218	2.30218
18.68	2.30271	2.30218	2.30218
18.7	2.30271	2.30218	2.30218
18.72	2.30271	2.30218	2.30218
18.74	2.3027	2.30218	2.30219
18.76	2.3027	2.30219	2.30219
18.78	2.3027	2.30219	2.30219
18.8	2.30269	2.30219	2.30219
18.82	2.30269	2.30219	2.30219
18.84	2.30269	2.30219	2.30219
18.86	2.30268	2.30219	2.30219
18.88	2.30268	2.30219	2.3022
18.9	2.30268	2.3022	2.3022
18.92	2.30268	2.3022	2.3022
18.94	2.30267	2.3022	2.3022
18.96	2.30267	2.3022	2.3022
18.98	2.30267	2.3022	2.3022
19	2.30266	2.3022	2.30221
19.02	2.30266	2.30221	2.30221
19.04	2.30266	2.30221	2.30221
19.06	2.30265	2.30221	2.30221
19.08	2.30265	2.30221	2.30221
19.1	2.30265	2.30221	2.30221
19.12	2.30265	2.30221	2.30221
19.14	2.30264	2.30221	2.30221
19.16	2.30264	2.30221	2.30222
19.18	2.30264	2.30222	2.30222
19.2	2.30264	2.30222	2.30222
19.22	2.30263	2.30222	2.30222
19.24	2.30263	2.30222	2.30222
19.26	2.30263	2.30222	2.30222
19.28	2.30263	2.30222	2.30222
19.3	2.30262	2.30222	2.30223
19.32	2.30262	2.30223	2.30223
19.34	2.30262	2.30223	2.30223
19.36	2.30262	2.30223	2.30223
19.38	2.30261	2.30223	2.30223
19.4	2.30261	2.30223	2.30223
19.42	2.30261	2.30223	2.30223
19.44	2.30261	2.30223	2.30223
19.46	2.3026	2.30223	2.30223
19.48	2.3026	2.30223	2.30224
19.5	2.3026	2.30224	2.30224
19.52	2.3026	2.30224	2.30224
19.54	2.3026	2.30224	2.30224
19.56	2.30259	2.30224	2.30224
19.58	2.30259	2.30224	2.30224
19.6	2.30259	2.30224	2.30224
19.62	2.30259	2.30224	2.30224
19.64	2.30258	2.30224	2.30224
19.66	2.30258	2.30224	2.30225
19.68	2.30258	2.30225	2.30225
19.7	2.30258	2.30225	2.30225
19.72	2.30258	2.30225	2.30225
19.74	2.30257	2.30225	2.30225
19.76	2.30257	2.30225	2.30225
19.78	2.30257	2.30225	2.30225
19.8	2.30257	2.30225	2.30225
19.82	2.30257	2.30225	2.30225
19.84	2.30256	2.30225	2.30225
19.86	2.30256	2.30225	2.30226
19.88	2.30256	2.30226	2.30226
19.9	2.30256	2.30226	2.30226
19.92	2.30256	2.30226	2.30226
19.94	2.30255	2.30226	2.30226
19.96	2.30255	2.30226	2.30226
19.98	2.30255	2.30226	2.30226
20	2.30255	2.30226	2.30226
